timestamp_ns,accel_x,accel_y,accel_z,gyro_x,gyro_y,gyro_z
1882527804162,0.9660604000091553,-9.917980194091797,0.6991068720817566,0.1038106232881546,0.0042588976211845875,-0.02315775491297245
1882529041425,0.993593692779541,-9.962273597717285,0.7122750282287598,0.1072709783911705,0.0021294488105922937,-0.0204959437251091
1882530278675,0.9576807022094727,-9.93354320526123,0.7003040313720703,0.1083357036113739,0.005589802749454975,-0.0191650390625
1882531515937,0.9756371974945068,-9.910798072814941,0.7170634269714355,0.100084088742733,0.00692070834338665,-0.01943122036755085
1882532753212,0.9995791912078857,-9.945513725280762,0.667982280254364,0.0998179093003273,0.007453070487827063,-0.0186326764523983
1882533990450,0.9780313968658447,-9.963470458984375,0.6943184733390808,0.1019473597407341,0.0063883461989462376,-0.012510511092841625
1882535227725,0.9888052940368652,-9.951498985290527,0.7326257228851318,0.1014149934053421,0.00692070834338665,-0.010647243820130825
1882536465012,0.9828197956085205,-9.95748519897461,0.7481880187988281,0.0960913747549057,0.0053236219100654125,-0.012776692397892475
1882537702237,1.0115501880645752,-9.96945571899414,0.7481880187988281,0.0971560999751091,0.0053236219100654125,-0.01756795309484005
1882538939512,0.973242998123169,-9.915586471557617,0.6967126727104187,0.0963575541973114,0.0042588976211845875,-0.02022976242005825
1882540176775,0.9780313968658447,-9.927556991577148,0.706289529800415,0.0992855504155159,0.0039927163161337376,-0.015438503585755825
1882541414025,0.9720458984375,-9.961075782775879,0.7218518257141113,0.0987531840801239,0.0026618109550327063,-0.01117960549890995
1882542651287,0.9816226959228516,-9.939528465270996,0.6847416758537292,0.0960913747549057,0.0005323622026480734,-0.0119781494140625
1882543888550,0.9385270476341248,-9.977835655212402,0.7122750282287598,0.0931633859872818,0.005855984054505825,-0.00692070834338665
1882545125825,0.910993754863739,-9.99220085144043,0.7326257228851318,0.0971560999751091,0.006122165359556675,-0.0063883461989462376
1882546363075,0.9421183466911316,-9.971850395202637,0.7146692276000977,0.0897030308842659,0.0031941730994731188,-0.0090501569211483
1882547600337,0.9624691009521484,-9.941922187805176,0.7003040313720703,0.0867750346660614,0.005855984054505825,-0.005855984054505825
1882548837600,0.9624691009521484,-9.963470458984375,0.6979097723960876,0.0894368439912796,0.008517795242369175,-0.00452507846057415
1882550074887,0.9528923034667969,-9.950302124023438,0.7003040313720703,0.0894368439912796,0.0077192517928779125,-0.007985432632267475
1882551312137,0.9457097053527832,-9.967061996459961,0.7015011310577393,0.0859764963388443,0.013042873702943325,0.0007985432748682797
1882552549400,0.9361328482627869,-9.96825885772705,0.7326257228851318,0.0854441300034523,0.00958251953125,-0.0037265352439135313
1882553786650,0.933738648891449,-9.965864181518555,0.7122750282287598,0.0870412141084671,0.008251613937318325,-0.003460354171693325
1882555023937,0.9289502501487732,-10.007762908935547,0.7338228225708008,0.0795881450176239,0.008251613937318325,-0.0042588976211845875
1882556261175,0.9780313968658447,-10.037691116333008,0.7182605266571045,0.0811852365732193,0.006122165359556675,0.0021294488105922937
1882557498450,0.9289502501487732,-9.979032516479492,0.7410054206848145,0.0790557861328125,0.008251613937318325,0.0007985432748682797
1882558735712,0.9528923034667969,-10.007762908935547,0.7242460250854492,0.0731998011469841,0.010114881210029125,-0.0002661811013240367
1882559972975,0.9397241473197937,-10.031704902648926,0.6931213736534119,0.0774587020277977,0.007985432632267475,-0.0015970865497365594
1882561210237,0.9433155059814453,-9.973047256469727,0.767341673374176,0.076127789914608,0.01117960549890995,0.0053236219100654125
1882562447500,0.9373299479484558,-9.961075782775879,0.7457938194274902,0.0686747208237648,0.0066545275039970875,0.0071868896484375
1882563684762,0.9361328482627869,-9.994595527648926,0.7038953304290771,0.0689409002661705,0.007453070487827063,-0.0010647244052961469
1882564922000,0.9062053561210632,-9.987412452697754,0.7182605266571045,0.0692070871591568,0.01117960549890995,0.0031941730994731188
1882566159287,0.9265560507774353,-10.030508041381836,0.7134721279144287,0.0660129114985466,0.0119781494140625,0.007453070487827063
1882567396537,0.9062053561210632,-10.000580787658691,0.729034423828125,0.06707763671875,0.0090501569211483,0.005855984054505825
1882568633812,0.93254154920578,-10.02452278137207,0.6883329749107361,0.0596245639026165,0.0071868896484375,0.0023956298828125
1882569871075,0.910993754863739,-10.044873237609863,0.7374141216278076,0.062286376953125,0.00958251953125,0.0090501569211483
1882571108337,0.9349357485771179,-10.013749122619629,0.7206547260284424,0.0601569265127182,0.01117960549890995,0.008517795242369175
1882572345600,0.9097966551780701,-10.022128105163574,0.7230489253997803,0.0556318499147892,0.012776692397892475,0.012776692397892475
1882573582850,0.8535329103469849,-10.004172325134277,0.7003040313720703,0.0588260218501091,0.01357523538172245,0.010114881210029125
1882574820112,0.9050082564353943,-10.001777648925781,0.6955155730247498,0.0545671246945858,0.01597086526453495,0.01463996060192585
1882576057375,0.888248860836029,-10.042479515075684,0.6919242739677429,0.0519053116440773,0.01756795309484005,0.01703559048473835
1882577294637,0.8858546614646912,-10.036493301391602,0.7170634269714355,0.0473802350461483,0.01597086526453495,0.01597086526453495
1882578531900,0.9289502501487732,-10.065223693847656,0.7386112213134766,0.0489773228764534,0.015172322280704975,0.01171196810901165
1882579769162,0.9253589510917664,-10.031704902648926,0.6859387755393982,0.0471140518784523,0.0191650390625,0.01171196810901165
1882581006412,0.8762778043746948,-10.040084838867188,0.7266402244567871,0.0441860631108284,0.01597086526453495,0.014906140975654125
1882582243687,0.8834604620933533,-10.037691116333008,0.7134721279144287,0.0404595248401165,0.014373779296875,0.0181003138422966
1882583480962,0.8690952062606812,-10.013749122619629,0.706289529800415,0.0388624407351017,0.01943122036755085,0.01836649514734745
1882584718225,0.9085995554924011,-10.010157585144043,0.6883329749107361,0.0388624407351017,0.01996358297765255,0.0138414166867733
1882585955475,0.9038111567497253,-10.043676376342773,0.7194576263427734,0.0359344482421875,0.0223592109978199,0.0157046839594841
1882587192737,0.8978256583213806,-10.012551307678223,0.7122750282287598,0.0322079136967659,0.0234239362180233,0.01783413253724575
1882588430000,0.8774749040603638,-10.050858497619629,0.706289529800415,0.0292799212038517,0.0234239362180233,0.0173017717897892
1882589667262,0.8978256583213806,-10.028114318847656,0.729034423828125,0.03034464456140995,0.0215606689453125,0.01756795309484005
1882590904525,0.9026140570640564,-10.04846477508545,0.7015011310577393,0.0276828333735466,0.02129448764026165,0.0244886614382267
1882592141787,0.8678981065750122,-10.050858497619629,0.7266402244567871,0.0228915736079216,0.0223592109978199,0.01943122036755085
1882593379050,0.8463503122329712,-10.036493301391602,0.7242460250854492,0.0223592109978199,0.02182685025036335,0.0204959437251091
1882594616300,0.8762778043746948,-10.04726791381836,0.7122750282287598,0.01836649514734745,0.0271504707634449,0.0223592109978199
1882595853575,0.9062053561210632,-10.022128105163574,0.6392518877983093,0.0173017717897892,0.02369011752307415,0.0234239362180233
1882597090850,0.8798691034317017,-10.04846477508545,0.7266402244567871,0.01224433071911335,0.0215606689453125,0.0215606689453125
1882598328100,0.889445960521698,-10.005369186401367,0.7134721279144287,0.013042873702943325,0.0258195661008358,0.0191650390625
1882599565375,0.889445960521698,-10.050858497619629,0.6931213736534119,0.005855984054505825,0.0258195661008358,0.023956298828125
1882600802625,0.8834604620933533,-10.017339706420898,0.7242460250854492,0.0090501569211483,0.0263519287109375,0.0295461006462574
1882602039887,0.8906430602073669,-9.985018730163574,0.7218518257141113,0.010114881210029125,0.0263519287109375,0.0244886614382267
1882603277162,0.8619126081466675,-9.980230331420898,0.7613561749458313,0.0037265352439135313,0.02981228195130825,0.02608574740588665
1882604514400,0.8738836050033569,-10.001777648925781,0.6835445761680603,0.003460354171693325,0.02608574740588665,0.0292799212038517
1882605751687,0.8583213090896606,-10.02691650390625,0.6823474764823914,0.0010647244052961469,0.0351359061896801,0.0306108258664608
1882606988950,0.8786720037460327,-10.010157585144043,0.707486629486084,-0.0018632676219567657,0.038063894957304,0.0263519287109375
1882608226212,0.849941611289978,-9.987412452697754,0.7422025203704834,-0.0023956298828125,0.0316755510866642,0.0316755510866642
1882609463462,0.8331822156906128,-9.999383926391602,0.7398083209991455,-0.00692070834338665,0.0316755510866642,0.02741665206849575
1882610700737,0.8667010068893433,-9.987412452697754,0.6919242739677429,-0.005589802749454975,0.0340711809694767,0.0306108258664608
1882611938000,0.8212112188339233,-10.017339706420898,0.6919242739677429,-0.007985432632267475,0.0346035435795784,0.0324740931391716
1882613175237,0.8547300100326538,-9.967061996459961,0.7050924301147461,-0.010913425125181675,0.0369991734623909,0.0322079136967659
1882614412512,0.8463503122329712,-9.971850395202637,0.6967126727104187,-0.0119781494140625,0.0420566126704216,0.0343373604118824
1882615649775,0.8403648138046265,-9.953893661499023,0.7050924301147461,-0.01171196810901165,0.0399271659553051,0.0362006276845932
1882616887037,0.8439561128616333,-9.999383926391602,0.7433996200561523,-0.01357523538172245,0.0391286201775074,0.0314093679189682
1882618124312,0.8475474119186401,-9.985018730163574,0.6763619780540466,-0.01117960549890995,0.0377977155148983,0.0316755510866642
1882619361575,0.829590916633606,-9.988609313964844,0.6871358752250671,-0.013309055007994175,0.0391286201775074,0.0322079136967659
1882620598837,0.8463503122329712,-9.951498985290527,0.7038953304290771,-0.01783413253724575,0.0391286201775074,0.0346035435795784
1882621836100,0.8451532125473022,-9.987412452697754,0.6751648783683777,-0.02076212503015995,0.0447184219956398,0.033538818359375
1882623073337,0.8463503122329712,-9.961075782775879,0.7038953304290771,-0.0210283063352108,0.0468478724360466,0.0340711809694767
1882624310612,0.8774749040603638,-9.987412452697754,0.6703764796257019,-0.0210283063352108,0.0407257080078125,0.0375315360724926
1882625547887,0.8379706144332886,-9.99220085144043,0.6931213736534119,-0.02315775491297245,0.0417904332280159,0.0375315360724926
1882626785150,0.8319851160049438,-9.996989250183105,0.7230489253997803,-0.02502102218568325,0.0481787770986557,0.0362006276845932
1882628022412,0.8044517636299133,-9.973047256469727,0.6596025824546814,-0.02794901467859745,0.047646414488554,0.0364668108522892
1882629259675,0.8702923059463501,-9.980230331420898,0.7026982307434082,-0.0314093679189682,0.0484449602663517,0.0314093679189682
1882630496937,0.8212112188339233,-9.96945571899414,0.6643909811973572,-0.0247548408806324,0.0463155098259449,0.0359344482421875
1882631734175,0.8248025178909302,-9.985018730163574,0.7038953304290771,-0.03034464456140995,0.0484449602663517,0.0396609827876091
1882632971462,0.8355764150619507,-9.95748519897461,0.690727174282074,-0.0338049978017807,0.052703857421875,0.0412580706179142
1882634208725,0.8104372620582581,-9.951498985290527,0.7098808288574219,-0.0306108258664608,0.0487111397087574,0.038063894957304
1882635445975,0.7972691655158997,-9.971850395202637,0.7194576263427734,-0.0327402763068676,0.0473802350461483,0.0388624407351017
1882636683237,0.8607155084609985,-9.98980712890625,0.7086837291717529,-0.0338049978017807,0.0505744069814682,0.038063894957304
1882637920500,0.8643068075180054,-9.955090522766113,0.6500257849693298,-0.0340711809694767,0.0532362200319767,0.0393948033452034
1882639157787,0.8738836050033569,-9.9371337890625,0.6751648783683777,-0.0324740931391716,0.0529700368642807,0.042855154722929
1882640395050,0.8535329103469849,-9.953893661499023,0.6763619780540466,-0.0417904332280159,0.0516391322016716,0.0412580706179142
1882641632287,0.8631097078323364,-9.947908401489258,0.6524199843406677,-0.0399271659553051,0.0519053116440773,0.042855154722929
1882642869550,0.8331822156906128,-9.961075782775879,0.690727174282074,-0.0399271659553051,0.0556318499147892,0.0425889752805233
1882644106812,0.8188169598579407,-9.979032516479492,0.7098808288574219,-0.0455169677734375,0.0553656667470932,0.043121337890625
1882645344075,0.7948749661445618,-9.973047256469727,0.6715735793113708,-0.0447184219956398,0.0543009415268898,0.0439198799431324
1882646581350,0.8319851160049438,-9.945513725280762,0.6667851805686951,-0.0481787770986557,0.0566965714097023,0.0439198799431324
1882647818600,0.849941611289978,-9.897629737854004,0.6967126727104187,-0.0484449602663517,0.0580274797976017,0.0401933453977108
1882649055862,0.8966285586357117,-9.917980194091797,0.6667851805686951,-0.047646414488554,0.0569627545773983,0.0415242500603199
1882650293125,0.8475474119186401,-9.910798072814941,0.6596025824546814,-0.0511067695915699,0.0590922012925148,0.0439198799431324
1882651530387,0.8798691034317017,-9.939528465270996,0.6320692300796509,-0.0457831472158432,0.0580274797976017,0.0433875173330307
1882652767650,0.8439561128616333,-9.916783332824707,0.6536170840263367,-0.0465816929936409,0.0566965714097023,0.0404595248401165
1882654004900,0.812831461429596,-9.873687744140625,0.6739677786827087,-0.0487111397087574,0.0606892891228199,0.0391286201775074
1882655242175,0.8559271097183228,-9.897629737854004,0.6607996821403503,-0.0471140518784523,0.0585598424077034,0.0447184219956398
1882656479425,0.8535329103469849,-9.914389610290527,0.6356605291366577,-0.0484449602663517,0.0641496405005455,0.0455169677734375
1882657716712,0.8523358106613159,-9.911994934082031,0.6212953329086304,-0.0492435023188591,0.0652143657207489,0.0412580706179142
1882658953950,0.8164227604866028,-9.921571731567383,0.6524199843406677,-0.04791259765625,0.0646820068359375,0.038330078125
1882660191225,0.8415619134902954,-9.86650562286377,0.6500257849693298,-0.0508405901491642,0.0630849227309227,0.0367329902946949
1882661428487,0.8523358106613159,-9.87967300415039,0.6416460871696472,-0.0511067695915699,0.0606892891228199,0.0420566126704216
1882662665762,0.8702923059463501,-9.896432876586914,0.6835445761680603,-0.0452507846057415,0.0646820068359375,0.042855154722929
1882663903012,0.8631097078323364,-9.880870819091797,0.6643909811973572,-0.0529700368642807,0.0676099956035614,0.0460493303835392
1882665140287,0.8487445116043091,-9.908403396606445,0.6787561774253845,-0.0556318499147892,0.0673438161611557,0.04791259765625
1882666377525,0.8403648138046265,-9.8784761428833,0.6488286852836609,-0.0508405901491642,0.0721350759267807,0.0385962575674057
1882667614787,0.8248025178909302,-9.9000244140625,0.6536170840263367,-0.0468478724360466,0.0681423619389534,0.038330078125
1882668852062,0.8738836050033569,-9.885659217834473,0.6416460871696472,-0.0497758649289608,0.0638834610581398,0.043121337890625
1882670089325,0.871489405632019,-9.894038200378418,0.6607996821403503,-0.052437674254179,0.0614878311753273,0.042855154722929
1882671326587,0.8678981065750122,-9.86889934539795,0.6476315855979919,-0.052437674254179,0.0636172816157341,0.0396609827876091
1882672563850,0.8224083185195923,-9.896432876586914,0.6260837316513062,-0.0548333041369915,0.0676099956035614,0.0401933453977108
1882673801112,0.8463503122329712,-9.8784761428833,0.5997475385665894,-0.0535023994743824,0.0726674422621727,0.043121337890625
1882675038362,0.7936778664588928,-9.922768592834473,0.6619967818260193,-0.0543009415268898,0.0636172816157341,0.038063894957304
1882676275637,0.8607155084609985,-9.917980194091797,0.629675030708313,-0.0545671246945858,0.0662790909409523,0.0327402763068676
1882677512900,0.829590916633606,-9.877279281616211,0.5937620401382446,-0.0543009415268898,0.0700056254863739,0.0348697230219841
1882678750150,0.8930372595787048,-9.876082420349121,0.5530605912208557,-0.0535023994743824,0.0684085413813591,0.043121337890625
1882679987425,0.8678981065750122,-9.895236015319824,0.6512228846549988,-0.0558980293571949,0.0689409002661705,0.0407257080078125
1882681224687,0.8643068075180054,-9.910798072814941,0.5901707410812378,-0.0553656667470932,0.0681423619389534,0.0377977155148983
1882682461950,0.8631097078323364,-9.876082420349121,0.5566518902778625,-0.0561642125248909,0.0697394460439682,0.0377977155148983
1882683699212,0.8463503122329712,-9.876082420349121,0.6500257849693298,-0.0601569265127182,0.0739983469247818,0.0330064557492733
1882684936462,0.8451532125473022,-9.896432876586914,0.6009446382522583,-0.0582936592400074,0.0694732666015625,0.038063894957304
1882686173737,0.849941611289978,-9.854534149169922,0.5913678407669067,-0.0601569265127182,0.0734659805893898,0.0401933453977108
1882687411012,0.8678981065750122,-9.852140426635742,0.6308721303939819,-0.0612216517329216,0.0697394460439682,0.0396609827876091
1882688648262,0.8870517611503601,-9.850942611694336,0.6021417379379272,-0.0574951171875,0.0684085413813591,0.0439198799431324
1882689885525,0.849941611289978,-9.84256362915039,0.6021417379379272,-0.0545671246945858,0.0708041712641716,0.0417904332280159
1882691122787,0.8427590131759644,-9.801861763000488,0.6356605291366577,-0.0564303919672966,0.071868896484375,0.0396609827876091
1882692360062,0.8655039072036743,-9.819818496704102,0.6177040338516235,-0.0612216517329216,0.0758616104722023,0.0399271659553051
1882693597300,0.8595184087753296,-9.837775230407715,0.6260837316513062,-0.0596245639026165,0.07666015625,0.0401933453977108
1882694834550,0.8607155084609985,-9.848548889160156,0.6117185354232788,-0.0577612966299057,0.0750630721449852,0.0356682650744915
1882696071837,0.8379706144332886,-9.81143856048584,0.5781997442245483,-0.062286376953125,0.071868896484375,0.0295461006462574
1882697309112,0.8798691034317017,-9.825803756713867,0.5710170865058899,-0.057228934019804,0.0705379918217659,0.0351359061896801
1882698546350,0.8571242094039917,-9.886856079101562,0.5758054852485657,-0.0612216517329216,0.0729336217045784,0.0356682650744915
1882699783637,0.8367735147476196,-9.835380554199219,0.5949591398239136,-0.0657467320561409,0.0705379918217659,0.0295461006462574
1882701020900,0.8379706144332886,-9.794679641723633,0.5913678407669067,-0.0569627545773983,0.0689409002661705,0.0423227921128273
1882702258150,0.8164227604866028,-9.86650562286377,0.6021417379379272,-0.0609554722905159,0.0787896066904068,0.0388624407351017
1882703495400,0.8200140595436096,-9.829395294189453,0.5973533391952515,-0.0574951171875,0.0729336217045784,0.0375315360724926
1882704732675,0.8008604645729065,-9.805453300476074,0.5710170865058899,-0.0593583844602108,0.0785234197974205,0.0375315360724926
1882705969937,0.829590916633606,-9.821015357971191,0.5506663918495178,-0.0604231096804142,0.0769263356924057,0.0354020856320858
1882707207187,0.7948749661445618,-9.817423820495605,0.608127236366272,-0.0617540143430233,0.0734659805893898,0.02981228195130825
1882708444475,0.8631097078323364,-9.767146110534668,0.6177040338516235,-0.0582936592400074,0.071868896484375,0.0351359061896801
1882709681712,0.8942343592643738,-9.761160850524902,0.6057330369949341,-0.0558980293571949,0.0702718123793602,0.0338049978017807
1882710918987,0.9062053561210632,-9.762357711791992,0.646434485912323,-0.0569627545773983,0.066545270383358,0.0338049978017807
1882712156250,0.8978256583213806,-9.7791166305542,0.6189011335372925,-0.0593583844602108,0.0734659805893898,0.0292799212038517
1882713393500,0.9014169573783875,-9.757569313049316,0.6165069341659546,-0.0569627545773983,0.0734659805893898,0.0327402763068676
1882714630775,0.8858546614646912,-9.764751434326172,0.629675030708313,-0.0537685826420784,0.0742645263671875,0.0311431884765625
1882715868050,0.8846575617790222,-9.746795654296875,0.6189011335372925,-0.0484449602663517,0.0734659805893898,0.0295461006462574
1882717105312,0.8535329103469849,-9.785102844238281,0.6272808313369751,-0.052703857421875,0.0705379918217659,0.0282151959836483
1882718342550,0.8798691034317017,-9.771934509277344,0.5530605912208557,-0.0543009415268898,0.0734659805893898,0.0268842913210392
1882719579812,0.8678981065750122,-9.774328231811523,0.5949591398239136,-0.0489773228764534,0.0742645263671875,0.0268842913210392
1882720817100,0.8954314589500427,-9.805453300476074,0.5841852426528931,-0.0487111397087574,0.0692070871591568,0.0263519287109375
1882722054362,0.9002198576927185,-9.797073364257812,0.5662286877632141,-0.0535023994743824,0.0763939768075943,0.02076212503015995
1882723291625,0.8702923059463501,-9.817423820495605,0.5722141861915588,-0.052437674254179,0.0771925151348114,0.0186326764523983
1882724528875,0.8990227580070496,-9.792284965515137,0.5722141861915588,-0.0500420443713665,0.0774587020277977,0.0196974016726017
1882725766137,0.888248860836029,-9.825803756713867,0.5614402890205383,-0.0500420443713665,0.0747968852519989,0.0220930315554142
1882727003400,0.8487445116043091,-9.803058624267578,0.545877993106842,-0.0471140518784523,0.0710703507065773,0.02262539230287075
1882728240662,0.851138710975647,-9.849745750427246,0.6248866319656372,-0.0481787770986557,0.0716027170419693,0.023956298828125
1882729477937,0.8559271097183228,-9.850942611694336,0.5554547905921936,-0.047646414488554,0.0721350759267807,0.0204959437251091
1882730715200,0.8906430602073669,-9.822212219238281,0.5363011956214905,-0.0444522425532341,0.071336530148983,0.0167694091796875
1882731952462,0.828393816947937,-9.831789016723633,0.5770025849342346,-0.0417904332280159,0.0681423619389534,0.0210283063352108
1882733189712,0.8044517636299133,-9.818621635437012,0.6212953329086304,-0.0433875173330307,0.0724012553691864,0.023956298828125
1882734426975,0.8750807046890259,-9.798270225524902,0.5901707410812378,-0.0441860631108284,0.0708041712641716,0.02315775491297245
1882735664237,0.8655039072036743,-9.81024169921875,0.5710170865058899,-0.0457831472158432,0.0721350759267807,0.0186326764523983
1882736901500,0.8523358106613159,-9.799468040466309,0.6236895322799683,-0.0463155098259449,0.0750630721449852,0.01943122036755085
1882738138750,0.8918401598930359,-9.80904483795166,0.5961562395095825,-0.0425889752805233,0.0681423619389534,0.01597086526453495
1882739376025,0.8738836050033569,-9.797073364257812,0.5554547905921936,-0.0463155098259449,0.0721350759267807,0.01703559048473835
1882740613300,0.872686505317688,-9.81263542175293,0.5877765417098999,-0.0468478724360466,0.0716027170419693,0.01943122036755085
1882741850562,0.8355764150619507,-9.798270225524902,0.5793968439102173,-0.043121337890625,0.0710703507065773,0.0181003138422966
1882743087825,0.8271967172622681,-9.824606895446777,0.5351040959358215,-0.0449846051633358,0.071336530148983,0.01703559048473835
1882744325075,0.8738836050033569,-9.840168952941895,0.5889736413955688,-0.0439198799431324,0.0700056254863739,0.0157046839594841
1882745562325,0.8667010068893433,-9.832986831665039,0.5554547905921936,-0.0441860631108284,0.0737321600317955,0.0090501569211483
1882746799600,0.8774749040603638,-9.822212219238281,0.5793968439102173,-0.0420566126704216,0.0739983469247818,0.01410759799182415
1882748036862,0.828393816947937,-9.806650161743164,0.585382342338562,-0.0399271659553051,0.0721350759267807,0.01597086526453495
1882749274150,0.8547300100326538,-9.817423820495605,0.5997475385665894,-0.0433875173330307,0.0721350759267807,0.010647243820130825
1882750511387,0.871489405632019,-9.818621635437012,0.5710170865058899,-0.0441860631108284,0.0737321600317955,0.00692070834338665
1882751748637,0.9133879542350769,-9.763554573059082,0.5734112858772278,-0.0423227921128273,0.0697394460439682,0.005057440605014563
1882752985925,0.9002198576927185,-9.77791976928711,0.5518634915351868,-0.038063894957304,0.0763939768075943,0.012776692397892475
1882754223175,0.9373299479484558,-9.789891242980957,0.5829881429672241,-0.0409918874502182,0.071868896484375,0.008517795242369175
1882755460425,0.8355764150619507,-9.792284965515137,0.5746083855628967,-0.038330078125,0.0654805526137352,0.0037265352439135313
1882756697712,0.8595184087753296,-9.813833236694336,0.5901707410812378,-0.0423227921128273,0.0739983469247818,0.003460354171693325
1882757934962,0.8870517611503601,-9.783905029296875,0.6260837316513062,-0.0412580706179142,0.0726674422621727,0.00692070834338665
1882759172225,0.8762778043746948,-9.783905029296875,0.569819986820221,-0.0359344482421875,0.0700056254863739,0.0071868896484375
1882760409487,0.8595184087753296,-9.792284965515137,0.5506663918495178,-0.0423227921128273,0.0790557861328125,0.0021294488105922937
1882761646737,0.8236054182052612,-9.813833236694336,0.5781997442245483,-0.0436537005007267,0.081451416015625,0.0021294488105922937
1882762884012,0.8212112188339233,-9.77552604675293,0.5805939435958862,-0.0364668108522892,0.0747968852519989,0.0053236219100654125
1882764121287,0.9085995554924011,-9.767146110534668,0.5506663918495178,-0.0393948033452034,0.0777248814702034,0.005589802749454975
1882765358537,0.8667010068893433,-9.762357711791992,0.6105214357376099,-0.0367329902946949,0.0755954310297966,0.0026618109550327063
1882766595787,0.8846575617790222,-9.770737648010254,0.5829881429672241,-0.0330064557492733,0.0708041712641716,0.00452507846057415
1882767833075,0.8403648138046265,-9.791088104248047,0.52552729845047,-0.0354020856320858,0.0716027170419693,0.0031941730994731188
1882769070325,0.9002198576927185,-9.78869342803955,0.5327098965644836,-0.0340711809694767,0.071336530148983,-0.0002661811013240367
1882770307575,0.8870517611503601,-9.792284965515137,0.5494692921638489,-0.0354020856320858,0.0702718123793602,0.008251613937318325
1882771544862,0.8978256583213806,-9.759963035583496,0.5638344883918762,-0.0324740931391716,0.0724012553691864,0.0066545275039970875
1882772782112,0.912190854549408,-9.756372451782227,0.5817910432815552,-0.02901373989880085,0.071868896484375,0.0002661811013240367
1882774019387,0.8954314589500427,-9.743204116821289,0.5674257874488831,-0.0300784632563591,0.0721350759267807,-0.00452507846057415
1882775256637,0.9050082564353943,-9.75278091430664,0.5662286877632141,-0.02874755859375,0.0684085413813591,0.0013309054775163531
1882776493900,0.9038111567497253,-9.738415718078613,0.5829881429672241,-0.0311431884765625,0.0710703507065773,-0.0021294488105922937
1882777731175,0.8846575617790222,-9.763554573059082,0.5770025849342346,-0.0314093679189682,0.0700056254863739,-0.0002661811013240367
1882778968437,0.8870517611503601,-9.750386238098145,0.5602431893348694,-0.02981228195130825,0.0668114572763443,0.0010647244052961469
1882780205687,0.9014169573783875,-9.68574333190918,0.5422866940498352,-0.02901373989880085,0.0604231096804142,0.0015970865497365594
1882781442937,0.8858546614646912,-9.714473724365234,0.5650315880775452,-0.0300784632563591,0.0596245639026165,0.0002661811013240367
1882782680212,0.8978256583213806,-9.72285270690918,0.5626373887062073,-0.02422248013317585,0.0676099956035614,-0.0053236219100654125
1882783917475,0.8942343592643738,-9.750386238098145,0.5626373887062073,-0.0292799212038517,0.0710703507065773,-0.00692070834338665
1882785154737,0.9277531504631042,-9.718064308166504,0.5901707410812378,-0.0263519287109375,0.0654805526137352,-0.0037265352439135313
1882786392000,0.9133879542350769,-9.756372451782227,0.5494692921638489,-0.02369011752307415,0.0646820068359375,0.0031941730994731188
1882787629250,0.8547300100326538,-9.743204116821289,0.585382342338562,-0.0223592109978199,0.0654805526137352,0.0007985432748682797
1882788866525,0.872686505317688,-9.746795654296875,0.5949591398239136,-0.02022976242005825,0.0630849227309227,-0.004791259765625
1882790103787,0.849941611289978,-9.75397777557373,0.5626373887062073,-0.023956298828125,0.0646820068359375,-0.0053236219100654125
1882791341050,0.9062053561210632,-9.780314445495605,0.5949591398239136,-0.02076212503015995,0.0630849227309227,-0.003460354171693325
1882792578325,0.8906430602073669,-9.794679641723633,0.5638344883918762,-0.01889885775744915,0.0681423619389534,-0.003460354171693325
1882793815575,0.8858546614646912,-9.793481826782227,0.5949591398239136,-0.02022976242005825,0.0654805526137352,-0.0002661811013240367
1882795052850,0.8834604620933533,-9.77791976928711,0.5746083855628967,-0.0173017717897892,0.0633511021733284,-0.0037265352439135313
1882796290100,0.8942343592643738,-9.81024169921875,0.569819986820221,-0.02022976242005825,0.0625525563955307,-0.0029279920272529125
1882797527362,0.8930372595787048,-9.749189376831055,0.5315127968788147,-0.01836649514734745,0.0646820068359375,-0.003460354171693325
1882798764637,0.8810662031173706,-9.798270225524902,0.5614402890205383,-0.0186326764523983,0.0662790909409523,-0.0023956298828125
1882800001887,0.8978256583213806,-9.807847023010254,0.5913678407669067,-0.02262539230287075,0.0678761824965477,-0.0063883461989462376
1882801239162,0.8966285586357117,-9.818621635437012,0.5877765417098999,-0.01756795309484005,0.0641496405005455,-0.0042588976211845875
1882802476425,0.9169792532920837,-9.859322547912598,0.5602431893348694,-0.0191650390625,0.0646820068359375,-0.0042588976211845875
1882803713662,0.8870517611503601,-9.84615421295166,0.6057330369949341,-0.01889885775744915,0.066545270383358,-0.0007985432748682797
1882804950950,0.9552865028381348,-9.823410034179688,0.5901707410812378,-0.014373779296875,0.0636172816157341,-0.0005323622026480734
1882806188187,0.9516952037811279,-9.825803756713867,0.646434485912323,-0.014906140975654125,0.0596245639026165,-0.007453070487827063
1882807425462,0.9397241473197937,-9.81024169921875,0.5973533391952515,-0.0220930315554142,0.0606892891228199,-0.010647243820130825
1882808662737,0.9253589510917664,-9.759963035583496,0.6141127347946167,-0.0196974016726017,0.0590922012925148,-0.0071868896484375
1882809899987,0.9133879542350769,-9.829395294189453,0.5542576909065247,-0.014906140975654125,0.0596245639026165,-0.006122165359556675
1882811137262,0.9169792532920837,-9.78869342803955,0.5793968439102173,-0.0181003138422966,0.0636172816157341,-0.0063883461989462376
1882812374537,0.9409212470054626,-9.767146110534668,0.547075092792511,-0.0215606689453125,0.0609554722905159,-0.005855984054505825
1882813611775,0.9133879542350769,-9.759963035583496,0.5746083855628967,-0.014906140975654125,0.0652143657207489,-0.007985432632267475
1882814849050,0.8750807046890259,-9.75517463684082,0.5602431893348694,-0.01703559048473835,0.0649481862783432,-0.00984870083630085
1882816086300,0.9397241473197937,-9.781511306762695,0.5877765417098999,-0.01783413253724575,0.0617540143430233,-0.0114457868039608
1882817323562,0.9684545993804932,-9.785102844238281,0.5482721924781799,-0.0173017717897892,0.0625525563955307,-0.0071868896484375
1882818560812,0.8870517611503601,-9.737218856811523,0.5841852426528931,-0.0157046839594841,0.0569627545773983,-0.010381062515079975
1882819798100,0.8870517611503601,-9.7791166305542,0.6033388376235962,-0.0138414166867733,0.0521714948117733,-0.01357523538172245
1882821035362,0.8619126081466675,-9.759963035583496,0.6009446382522583,-0.01224433071911335,0.0614878311753273,-0.010913425125181675
1882822272612,0.8918401598930359,-9.771934509277344,0.5482721924781799,-0.007453070487827063,0.0617540143430233,-0.01171196810901165
1882823509875,0.9301473498344421,-9.749189376831055,0.5434837937355042,-0.007453070487827063,0.0638834610581398,-0.005589802749454975
1882824747150,0.888248860836029,-9.804256439208984,0.5494692921638489,-0.01117960549890995,0.0588260218501091,-0.00931633822619915
1882825984387,0.8930372595787048,-9.77552604675293,0.5734112858772278,-0.007985432632267475,0.0590922012925148,-0.0138414166867733
1882827221650,0.9074024558067322,-9.797073364257812,0.6033388376235962,-0.00958251953125,0.0593583844602108,-0.01357523538172245
1882828458925,0.8954314589500427,-9.78869342803955,0.5901707410812378,-0.0090501569211483,0.0612216517329216,-0.015172322280704975
1882829696187,0.910993754863739,-9.825803756713867,0.5997475385665894,-0.0090501569211483,0.0617540143430233,-0.0173017717897892
1882830933450,0.8810662031173706,-9.824606895446777,0.568622887134552,-0.00958251953125,0.0585598424077034,-0.007985432632267475
1882832170725,0.910993754863739,-9.84376049041748,0.5841852426528931,-0.0063883461989462376,0.0577612966299057,-0.010381062515079975
1882833407975,0.9014169573783875,-9.817423820495605,0.5793968439102173,-0.0063883461989462376,0.0535023994743824,-0.010913425125181675
1882834645237,0.8930372595787048,-9.832986831665039,0.5578489899635315,-0.007985432632267475,0.0598907470703125,-0.01224433071911335
1882835882500,0.8667010068893433,-9.861717224121094,0.6212953329086304,-0.0005323622026480734,0.0617540143430233,-0.015172322280704975
1882837119775,0.8858546614646912,-9.849745750427246,0.5542576909065247,0.0015970865497365594,0.0609554722905159,-0.013042873702943325
1882838357025,0.8810662031173706,-9.818621635437012,0.629675030708313,-0.0029279920272529125,0.062286376953125,-0.015172322280704975
1882839594300,0.8702923059463501,-9.807847023010254,0.6117185354232788,-0.00452507846057415,0.0625525563955307,-0.0114457868039608
1882840831562,0.9145850539207458,-9.807847023010254,0.6105214357376099,-0.0007985432748682797,0.0628187358379364,-0.01410759799182415
1882842068837,0.8762778043746948,-9.852140426635742,0.5949591398239136,-0.0018632676219567657,0.0633511021733284,-0.012510511092841625
1882843306087,0.889445960521698,-9.848548889160156,0.5937620401382446,0.0013309054775163531,0.0596245639026165,-0.013042873702943325
1882844543350,0.8978256583213806,-9.836577415466309,0.5793968439102173,0.0002661811013240367,0.0604231096804142,-0.013309055007994175
1882845780612,0.8870517611503601,-9.824606895446777,0.5590460896492004,-0.0005323622026480734,0.0604231096804142,-0.01410759799182415
1882847017875,0.9014169573783875,-9.834183692932129,0.5650315880775452,0.0007985432748682797,0.0609554722905159,-0.0167694091796875
1882848255137,0.912190854549408,-9.8784761428833,0.586579442024231,-0.0031941730994731188,0.0617540143430233,-0.01943122036755085
1882849492400,0.9193734526634216,-9.806650161743164,0.6177040338516235,0.0005323622026480734,0.0652143657207489,-0.0215606689453125
1882850729662,0.9516952037811279,-9.817423820495605,0.5793968439102173,-0.0013309054775163531,0.0649481862783432,-0.02608574740588665
1882851966925,0.9313444495201111,-9.827000617980957,0.6105214357376099,-0.0007985432748682797,0.0654805526137352,-0.02315775491297245
1882853204175,0.8954314589500427,-9.871294021606445,0.6165069341659546,-0.0002661811013240367,0.0662790909409523,-0.0268842913210392
1882854441462,0.9074024558067322,-9.823410034179688,0.5626373887062073,0.0002661811013240367,0.0638834610581398,-0.02555338479578495
1882855678712,0.9564836025238037,-9.838972091674805,0.5590460896492004,0.0010647244052961469,0.0646820068359375,-0.02848137728869915
1882856915962,0.9397241473197937,-9.821015357971191,0.5877765417098999,0.00452507846057415,0.0630849227309227,-0.0311431884765625
1882858153250,0.9097966551780701,-9.765949249267578,0.6177040338516235,0.00692070834338665,0.0636172816157341,-0.0319417305290699
1882859390512,0.9576807022094727,-9.77791976928711,0.608127236366272,0.0053236219100654125,0.0660129114985466,-0.0319417305290699
1882860627775,0.9229647517204285,-9.783905029296875,0.6392518877983093,0.0,0.0649481862783432,-0.0356682650744915
1882861865037,0.9373299479484558,-9.813833236694336,0.5973533391952515,0.003460354171693325,0.0662790909409523,-0.038063894957304
1882863102287,0.9277531504631042,-9.794679641723633,0.6212953329086304,0.00692070834338665,0.0641496405005455,-0.0356682650744915
1882864339562,0.950498104095459,-9.736021041870117,0.608127236366272,0.006122165359556675,0.0646820068359375,-0.0348697230219841
1882865576825,0.9229647517204285,-9.767146110534668,0.6332663297653198,0.0071868896484375,0.0654805526137352,-0.0396609827876091
1882866814075,0.9624691009521484,-9.781511306762695,0.5841852426528931,0.0071868896484375,0.0676099956035614,-0.0393948033452034
1882868051350,0.9481039047241211,-9.799468040466309,0.6165069341659546,0.007985432632267475,0.0705379918217659,-0.0401933453977108
1882869288625,0.9636662006378174,-9.769539833068848,0.6057330369949341,0.00931633822619915,0.0673438161611557,-0.0362006276845932
1882870525862,0.9229647517204285,-9.769539833068848,0.5781997442245483,0.008783976547420025,0.0638834610581398,-0.0407257080078125
1882871763137,0.9385270476341248,-9.747992515563965,0.5913678407669067,0.0119781494140625,0.0649481862783432,-0.043121337890625
1882873000400,0.9349357485771179,-9.798270225524902,0.6033388376235962,0.0114457868039608,0.0692070871591568,-0.0417904332280159
1882874237662,0.9612720012664795,-9.744400978088379,0.6165069341659546,0.00931633822619915,0.0652143657207489,-0.0441860631108284
1882875474937,0.9720458984375,-9.726444244384766,0.6200982332229614,0.010381062515079975,0.0641496405005455,-0.0399271659553051
1882876712187,0.94930100440979,-9.763554573059082,0.6428431868553162,0.01357523538172245,0.0601569265127182,-0.038330078125
1882877949437,0.9241618514060974,-9.768342971801758,0.6129156351089478,0.01943122036755085,0.0625525563955307,-0.0330064557492733
1882879186712,0.9552865028381348,-9.75397777557373,0.5913678407669067,0.0162370465695858,0.0684085413813591,-0.0372653529047966
1882880424000,0.9744400978088379,-9.77672290802002,0.6033388376235962,0.0114457868039608,0.0676099956035614,-0.0396609827876091
1882881661250,0.9876081943511963,-9.771934509277344,0.6320692300796509,0.013309055007994175,0.06707763671875,-0.0439198799431324
1882882898512,0.9481039047241211,-9.730035781860352,0.608127236366272,0.01703559048473835,0.0668114572763443,-0.0495096817612648
1882884135762,0.9433155059814453,-9.718064308166504,0.6260837316513062,0.02022976242005825,0.0654805526137352,-0.0423227921128273
1882885373025,0.9959878921508789,-9.727641105651855,0.6045359373092651,0.01996358297765255,0.06707763671875,-0.0417904332280159
1882886610312,1.0019733905792236,-9.734824180603027,0.628477931022644,0.02022976242005825,0.0625525563955307,-0.0423227921128273
1882887847550,0.9828197956085205,-9.734824180603027,0.6404489874839783,0.01889885775744915,0.0644158273935318,-0.0449846051633358
1882889084825,0.9612720012664795,-9.695320129394531,0.5841852426528931,0.0173017717897892,0.0652143657207489,-0.0452507846057415
1882890322087,0.9648633003234863,-9.728838920593262,0.6344634294509888,0.0295461006462574,0.0646820068359375,-0.0487111397087574
1882891559337,0.9888052940368652,-9.713275909423828,0.6320692300796509,0.0268842913210392,0.066545270383358,-0.0468478724360466
1882892796612,1.0103530883789062,-9.731232643127441,0.6715735793113708,0.0234239362180233,0.0628187358379364,-0.042855154722929
1882894033875,1.0354923009872437,-9.762357711791992,0.6165069341659546,0.0247548408806324,0.0598907470703125,-0.0463155098259449
1882895271137,1.0043675899505615,-9.728838920593262,0.6129156351089478,0.02741665206849575,0.0630849227309227,-0.0495096817612648
1882896508400,1.0079588890075684,-9.72285270690918,0.6380547285079956,0.0300784632563591,0.0708041712641716,-0.0473802350461483
1882897745662,0.9588778018951416,-9.75397777557373,0.6428431868553162,0.0367329902946949,0.0649481862783432,-0.0436537005007267
1882898982912,0.9780313968658447,-9.767146110534668,0.6500257849693298,0.0324740931391716,0.0604231096804142,-0.0444522425532341
1882900220175,1.0199298858642578,-9.771934509277344,0.6560112833976746,0.0324740931391716,0.0636172816157341,-0.0511067695915699
1882901457437,0.9911994934082031,-9.801861763000488,0.6536170840263367,0.0346035435795784,0.0646820068359375,-0.0484449602663517
1882902694712,1.048660397529602,-9.81263542175293,0.606930136680603,0.0354020856320858,0.0614878311753273,-0.0449846051633358
1882903931975,1.0235211849212646,-9.798270225524902,0.6392518877983093,0.0364668108522892,0.0652143657207489,-0.0511067695915699
1882905169225,0.9983820915222168,-9.757569313049316,0.6308721303939819,0.0340711809694767,0.062286376953125,-0.0465816929936409
1882906406500,1.0414777994155884,-9.770737648010254,0.6739677786827087,0.0372653529047966,0.0598907470703125,-0.0425889752805233
1882907643762,1.0043675899505615,-9.763554573059082,0.7146692276000977,0.0396609827876091,0.062020193785429,-0.0481787770986557
1882908881025,1.0091559886932373,-9.768342971801758,0.6560112833976746,0.043121337890625,0.0604231096804142,-0.0505744069814682
1882910118287,1.0007762908935547,-9.780314445495605,0.6572083830833435,0.0399271659553051,0.0585598424077034,-0.0468478724360466
1882911355537,1.0067617893218994,-9.77672290802002,0.7098808288574219,0.0409918874502182,0.0598907470703125,-0.047646414488554
1882912592800,1.016338586807251,-9.771934509277344,0.6715735793113708,0.0452507846057415,0.0511067695915699,-0.0447184219956398
1882913830062,1.0031704902648926,-9.763554573059082,0.6631938815116882,0.0433875173330307,0.0561642125248909,-0.0447184219956398
1882915067337,1.0307037830352783,-9.781511306762695,0.6560112833976746,0.0503082275390625,0.0617540143430233,-0.0452507846057415
1882916304587,1.0378865003585815,-9.770737648010254,0.6619967818260193,0.0465816929936409,0.052703857421875,-0.0492435023188591
1882917541862,1.0307037830352783,-9.740809440612793,0.6751648783683777,0.0457831472158432,0.0550994873046875,-0.0473802350461483
1882918779125,1.0223240852355957,-9.764751434326172,0.707486629486084,0.0487111397087574,0.0617540143430233,-0.0495096817612648
1882920016387,1.0295066833496094,-9.774328231811523,0.6320692300796509,0.0484449602663517,0.0516391322016716,-0.0452507846057415
1882921253662,1.015141487121582,-9.757569313049316,0.6979097723960876,0.04791259765625,0.0537685826420784,-0.04791259765625
1882922490912,1.0378865003585815,-9.740809440612793,0.7015011310577393,0.0505744069814682,0.0553656667470932,-0.047646414488554
1882923728187,1.0414777994155884,-9.756372451782227,0.6871358752250671,0.0561642125248909,0.0569627545773983,-0.0433875173330307
1882924965462,1.0522516965866089,-9.71926212310791,0.7026982307434082,0.0625525563955307,0.0577612966299057,-0.0449846051633358
1882926202700,1.0307037830352783,-9.740809440612793,0.7015011310577393,0.0630849227309227,0.0596245639026165,-0.0455169677734375
1882927439987,0.99479079246521,-9.715670585632324,0.6871358752250671,0.0582936592400074,0.0577612966299057,-0.0471140518784523
1882928677237,1.05105459690094,-9.749189376831055,0.7003040313720703,0.0593583844602108,0.0537685826420784,-0.0441860631108284
1882929914500,1.0893617868423462,-9.72165584564209,0.6631938815116882,0.0652143657207489,0.057228934019804,-0.0460493303835392
1882931151762,1.0785878896713257,-9.757569313049316,0.6883329749107361,0.0654805526137352,0.0574951171875,-0.0487111397087574
1882932389025,1.0534487962722778,-9.72285270690918,0.7433996200561523,0.0649481862783432,0.0593583844602108,-0.0503082275390625
1882933626287,1.0546458959579468,-9.786299705505371,0.6607996821403503,0.0652143657207489,0.0540347620844841,-0.0503082275390625
1882934863550,1.0450690984725952,-9.794679641723633,0.7015011310577393,0.0705379918217659,0.0550994873046875,-0.0471140518784523
1882936100812,1.0678139925003052,-9.827000617980957,0.6967126727104187,0.0684085413813591,0.0540347620844841,-0.0492435023188591
1882937338075,1.049857497215271,-9.786299705505371,0.706289529800415,0.0689409002661705,0.0513729527592659,-0.0521714948117733
1882938575325,1.0307037830352783,-9.791088104248047,0.6931213736534119,0.076127789914608,0.0484449602663517,-0.0535023994743824
1882939812625,1.0319008827209473,-9.817423820495605,0.6859387755393982,0.0676099956035614,0.0532362200319767,-0.0532362200319767
1882941049875,1.0330979824066162,-9.819818496704102,0.667982280254364,0.0700056254863739,0.0535023994743824,-0.0558980293571949
1882942287150,1.0426748991012573,-9.798270225524902,0.6596025824546814,0.0697394460439682,0.0561642125248909,-0.0569627545773983
1882943524400,1.05105459690094,-9.81263542175293,0.7314286231994629,0.0657467320561409,0.0521714948117733,-0.0540347620844841
1882944761650,1.048660397529602,-9.834183692932129,0.7038953304290771,0.0684085413813591,0.0550994873046875,-0.0537685826420784
1882945998925,1.0869675874710083,-9.835380554199219,0.7086837291717529,0.0729336217045784,0.0516391322016716,-0.0574951171875
1882947236175,1.0307037830352783,-9.835380554199219,0.6847416758537292,0.0700056254863739,0.0558980293571949,-0.0556318499147892
1882948473437,1.0043675899505615,-9.81143856048584,0.7086837291717529,0.0694732666015625,0.0582936592400074,-0.0558980293571949
1882949710700,1.0690110921859741,-9.815030097961426,0.6596025824546814,0.0702718123793602,0.0569627545773983,-0.0543009415268898
1882950947975,1.0809820890426636,-9.770737648010254,0.7146692276000977,0.066545270383358,0.0535023994743824,-0.052703857421875
1882952185225,1.0342952013015747,-9.836577415466309,0.7218518257141113,0.0697394460439682,0.0553656667470932,-0.0529700368642807
1882953422500,1.048660397529602,-9.829395294189453,0.6883329749107361,0.0710703507065773,0.0535023994743824,-0.0519053116440773
1882954659750,1.0546458959579468,-9.781511306762695,0.707486629486084,0.0708041712641716,0.0513729527592659,-0.057228934019804
1882955897037,1.0534487962722778,-9.782708168029785,0.6739677786827087,0.06707763671875,0.0558980293571949,-0.0556318499147892
1882957134287,1.0678139925003052,-9.834183692932129,0.7194576263427734,0.0694732666015625,0.0492435023188591,-0.0503082275390625
1882958371550,1.0462661981582642,-9.795876502990723,0.7050924301147461,0.0710703507065773,0.0505744069814682,-0.0503082275390625
1882959608812,1.0785878896713257,-9.825803756713867,0.7026982307434082,0.0700056254863739,0.0521714948117733,-0.0537685826420784
1882960846075,1.072602391242981,-9.824606895446777,0.7015011310577393,0.0662790909409523,0.0508405901491642,-0.0529700368642807
1882962083325,1.0606313943862915,-9.789891242980957,0.7086837291717529,0.0692070871591568,0.0521714948117733,-0.0505744069814682
1882963320600,1.0785878896713257,-9.789891242980957,0.7038953304290771,0.071336530148983,0.0505744069814682,-0.0484449602663517
1882964557862,1.013944387435913,-9.77791976928711,0.727837324142456,0.0689409002661705,0.0550994873046875,-0.0471140518784523
1882965795112,1.05105459690094,-9.806650161743164,0.7170634269714355,0.0710703507065773,0.0540347620844841,-0.0452507846057415
1882967032400,1.0462661981582642,-9.799468040466309,0.6823474764823914,0.0721350759267807,0.0521714948117733,-0.0489773228764534
1882968269662,1.0761936902999878,-9.819818496704102,0.7122750282287598,0.0692070871591568,0.0548333041369915,-0.04791259765625
1882969506925,1.0283095836639404,-9.818621635437012,0.6727706789970398,0.0702718123793602,0.0487111397087574,-0.0441860631108284
1882970744175,1.0678139925003052,-9.78869342803955,0.7050924301147461,0.0750630721449852,0.0447184219956398,-0.0415242500603199
1882971981450,1.0426748991012573,-9.834183692932129,0.7218518257141113,0.071868896484375,0.0468478724360466,-0.0407257080078125
1882973218700,1.0570400953292847,-9.824606895446777,0.727837324142456,0.0755954310297966,0.0471140518784523,-0.0455169677734375
1882974455987,1.0283095836639404,-9.834183692932129,0.7158663272857666,0.0742645263671875,0.0473802350461483,-0.0455169677734375
1882975693237,1.0091559886932373,-9.84615421295166,0.7038953304290771,0.071336530148983,0.0513729527592659,-0.0420566126704216
1882976930500,1.0235211849212646,-9.853337287902832,0.6931213736534119,0.0742645263671875,0.0516391322016716,-0.0409918874502182
1882978167762,1.0271124839782715,-9.821015357971191,0.7422025203704834,0.0705379918217659,0.0505744069814682,-0.043121337890625
1882979405037,1.0666168928146362,-9.829395294189453,0.7422025203704834,0.0710703507065773,0.0487111397087574,-0.042855154722929
1882980642275,1.013944387435913,-9.827000617980957,0.7433996200561523,0.0692070871591568,0.0484449602663517,-0.0338049978017807
1882981879537,1.0091559886932373,-9.865307807922363,0.6883329749107361,0.0726674422621727,0.0481787770986557,-0.0330064557492733
1882983116825,1.016338586807251,-9.86889934539795,0.7158663272857666,0.0702718123793602,0.0495096817612648,-0.0364668108522892
1882984354075,1.0103530883789062,-9.80904483795166,0.6991068720817566,0.0641496405005455,0.0519053116440773,-0.0324740931391716
1882985591350,1.0438719987869263,-9.81263542175293,0.6799532771110535,0.0686747208237648,0.0500420443713665,-0.02901373989880085
1882986828600,1.0618284940719604,-9.825803756713867,0.7134721279144287,0.0678761824965477,0.0481787770986557,-0.0300784632563591
1882988065862,1.0450690984725952,-9.822212219238281,0.7206547260284424,0.0678761824965477,0.0433875173330307,-0.0228915736079216
1882989303125,1.0115501880645752,-9.84615421295166,0.7541735172271729,0.0678761824965477,0.0508405901491642,-0.023956298828125
1882990540387,1.0319008827209473,-9.855731010437012,0.7326257228851318,0.0694732666015625,0.0497758649289608,-0.0244886614382267
1882991777662,1.0283095836639404,-9.84615421295166,0.7457938194274902,0.0681423619389534,0.0439198799431324,-0.0223592109978199
1882993014925,1.0127472877502441,-9.90241813659668,0.7398083209991455,0.0692070871591568,0.0447184219956398,-0.0204959437251091
1882994252175,0.9576807022094727,-9.86650562286377,0.7493851184844971,0.0681423619389534,0.0465816929936409,-0.0186326764523983
1882995489450,1.0055646896362305,-9.86889934539795,0.7422025203704834,0.0660129114985466,0.0484449602663517,-0.02076212503015995
1882996726700,1.0103530883789062,-9.86650562286377,0.6943184733390808,0.0689409002661705,0.0471140518784523,-0.015438503585755825
1882997963975,1.0534487962722778,-9.889249801635742,0.707486629486084,0.0630849227309227,0.0484449602663517,-0.01224433071911335
1882999201225,1.0534487962722778,-9.874884605407715,0.7110779285430908,0.0617540143430233,0.0465816929936409,-0.0162370465695858
1883000438500,1.0857704877853394,-9.896432876586914,0.7422025203704834,0.0625525563955307,0.0495096817612648,-0.014906140975654125
1883001675762,1.0965443849563599,-9.873687744140625,0.7553706169128418,0.0588260218501091,0.0511067695915699,-0.010114881210029125
1883002913025,1.072602391242981,-9.892841339111328,0.7960720658302307,0.0612216517329216,0.0511067695915699,-0.008783976547420025
1883004150275,1.0307037830352783,-9.854534149169922,0.750582218170166,0.0612216517329216,0.0521714948117733,-0.0053236219100654125
1883005387562,1.0450690984725952,-9.883264541625977,0.788889467716217,0.0609554722905159,0.04791259765625,-0.0026618109550327063
1883006624812,1.0378865003585815,-9.861717224121094,0.751779317855835,0.0566965714097023,0.0465816929936409,-0.0007985432748682797
1883007862075,1.0342952013015747,-9.86889934539795,0.7122750282287598,0.0617540143430233,0.0465816929936409,-0.004791259765625
1883009099337,1.047463297843933,-9.86770248413086,0.7481880187988281,0.0596245639026165,0.04791259765625,-0.0026618109550327063
1883010336587,1.049857497215271,-9.885659217834473,0.730231523513794,0.0550994873046875,0.0463155098259449,-0.0002661811013240367
1883011573862,1.0666168928146362,-9.889249801635742,0.7457938194274902,0.057228934019804,0.0452507846057415,0.0021294488105922937
1883012811112,0.99479079246521,-9.834183692932129,0.7015011310577393,0.0558980293571949,0.0473802350461483,-0.0002661811013240367
1883014048400,1.0007762908935547,-9.8784761428833,0.7326257228851318,0.0625525563955307,0.0449846051633358,0.004791259765625
1883015285650,0.9923965930938721,-9.882067680358887,0.7003040313720703,0.0598907470703125,0.0423227921128273,0.007453070487827063
1883016522925,1.013944387435913,-9.923966407775879,0.7206547260284424,0.0582936592400074,0.0439198799431324,0.0031941730994731188
1883017760187,1.0390836000442505,-9.892841339111328,0.767341673374176,0.0556318499147892,0.0449846051633358,0.007453070487827063
1883018997437,1.0366894006729126,-9.891644477844238,0.7493851184844971,0.0574951171875,0.0449846051633358,0.008783976547420025
1883020234712,0.9840168952941895,-9.916783332824707,0.7529764175415039,0.0588260218501091,0.0481787770986557,0.010913425125181675
1883021471975,1.0307037830352783,-9.888052940368652,0.7457938194274902,0.0558980293571949,0.04791259765625,0.0138414166867733
1883022709212,1.047463297843933,-9.916783332824707,0.7433996200561523,0.052703857421875,0.0497758649289608,0.013309055007994175
1883023946500,1.0378865003585815,-9.892841339111328,0.7374141216278076,0.0532362200319767,0.0481787770986557,0.015438503585755825
1883025183762,1.0342952013015747,-9.910798072814941,0.7338228225708008,0.052437674254179,0.0457831472158432,0.02129448764026165
1883026421012,1.0366894006729126,-9.908403396606445,0.729034423828125,0.0503082275390625,0.0423227921128273,0.0228915736079216
1883027658275,1.0091559886932373,-9.910798072814941,0.7529764175415039,0.0460493303835392,0.0455169677734375,0.0196974016726017
1883028895550,1.0402806997299194,-9.895236015319824,0.7661445736885071,0.0500420443713665,0.0447184219956398,0.01996358297765255
1883030132812,1.0414777994155884,-9.919178009033203,0.7841010689735413,0.0492435023188591,0.0447184219956398,0.02608574740588665
1883031370075,1.0199298858642578,-9.855731010437012,0.7410054206848145,0.0471140518784523,0.0417904332280159,0.0244886614382267
1883032607325,1.0079588890075684,-9.838972091674805,0.750582218170166,0.0537685826420784,0.0425889752805233,0.0292799212038517
1883033844575,1.0522516965866089,-9.853337287902832,0.7050924301147461,0.0553656667470932,0.0471140518784523,0.0324740931391716
1883035081875,1.0342952013015747,-9.874884605407715,0.7613561749458313,0.0447184219956398,0.0457831472158432,0.02661811001598835
1883036319112,1.0546458959579468,-9.86650562286377,0.7529764175415039,0.0433875173330307,0.0425889752805233,0.02848137728869915
1883037556387,1.0031704902648926,-9.883264541625977,0.7541735172271729,0.0449846051633358,0.0396609827876091,0.0338049978017807
1883038793637,1.0390836000442505,-9.874884605407715,0.7781155705451965,0.0487111397087574,0.0444522425532341,0.0319417305290699
1883040030912,1.0055646896362305,-9.882067680358887,0.7338228225708008,0.0471140518784523,0.0447184219956398,0.0319417305290699
1883041268175,1.0091559886932373,-9.84615421295166,0.7230489253997803,0.043121337890625,0.0452507846057415,0.0377977155148983
1883042505450,1.0342952013015747,-9.847352027893066,0.7362170219421387,0.0409918874502182,0.0465816929936409,0.0340711809694767
1883043742712,1.0199298858642578,-9.865307807922363,0.729034423828125,0.0372653529047966,0.0444522425532341,0.0412580706179142
1883044979975,1.0522516965866089,-9.830592155456543,0.7601590752601624,0.0409918874502182,0.0399271659553051,0.0439198799431324
1883046217225,1.0618284940719604,-9.8784761428833,0.7433996200561523,0.0468478724360466,0.0439198799431324,0.0412580706179142
1883047454500,1.0642226934432983,-9.836577415466309,0.7553706169128418,0.038063894957304,0.0439198799431324,0.0375315360724926
1883048691750,1.047463297843933,-9.837775230407715,0.7709329724311829,0.0385962575674057,0.0471140518784523,0.0377977155148983
1883049929012,1.0402806997299194,-9.789891242980957,0.7589619159698486,0.0362006276845932,0.0425889752805233,0.0417904332280159
1883051166287,1.0079588890075684,-9.840168952941895,0.7481880187988281,0.0377977155148983,0.0385962575674057,0.0423227921128273
1883052403550,1.0127472877502441,-9.825803756713867,0.7589619159698486,0.0340711809694767,0.0415242500603199,0.0415242500603199
1883053640825,1.0797849893569946,-9.831789016723633,0.7589619159698486,0.0338049978017807,0.0417904332280159,0.0425889752805233
1883054878087,1.0354923009872437,-9.860519409179688,0.788889467716217,0.033272635191679,0.0407257080078125,0.0449846051633358
1883056115350,1.0283095836639404,-9.84495735168457,0.7805097699165344,0.0348697230219841,0.0423227921128273,0.0433875173330307
1883057352612,1.0115501880645752,-9.876082420349121,0.7864952683448792,0.0322079136967659,0.04791259765625,0.0471140518784523
1883058589875,1.0558429956436157,-9.858125686645508,0.7781155705451965,0.033538818359375,0.0372653529047966,0.0463155098259449
1883059827150,1.05105459690094,-9.840168952941895,0.7398083209991455,0.0354020856320858,0.0404595248401165,0.0508405901491642
1883061064387,1.0570400953292847,-9.855731010437012,0.8152256608009338,0.0330064557492733,0.0391286201775074,0.0521714948117733
1883062301650,1.05105459690094,-9.877279281616211,0.7206547260284424,0.0343373604118824,0.0354020856320858,0.0529700368642807
1883063538912,1.0378865003585815,-9.904812812805176,0.7793126702308655,0.0327402763068676,0.0409918874502182,0.052437674254179
1883064776187,1.0271124839782715,-9.862914085388184,0.7314286231994629,0.0314093679189682,0.038063894957304,0.0492435023188591
1883066013437,1.047463297843933,-9.827000617980957,0.730231523513794,0.0300784632563591,0.0364668108522892,0.0497758649289608
1883067250712,1.0594342947006226,-9.884461402893066,0.7541735172271729,0.0314093679189682,0.0396609827876091,0.052437674254179
1883068487975,1.0785878896713257,-9.84615421295166,0.7565677165985107,0.033272635191679,0.0354020856320858,0.0561642125248909
1883069725250,1.0390836000442505,-9.860519409179688,0.7769184708595276,0.0340711809694767,0.0324740931391716,0.052703857421875
1883070962500,1.049857497215271,-9.871294021606445,0.768538773059845,0.0314093679189682,0.0306108258664608,0.0508405901491642
1883072199762,1.0342952013015747,-9.865307807922363,0.7481880187988281,0.03087700717151165,0.0343373604118824,0.0511067695915699
1883073437025,1.0055646896362305,-9.8784761428833,0.7924807667732239,0.033272635191679,0.0343373604118824,0.0532362200319767
1883074674287,1.0546458959579468,-9.892841339111328,0.8355764150619507,0.0311431884765625,0.0319417305290699,0.052703857421875
1883075911550,1.0450690984725952,-9.856928825378418,0.7769184708595276,0.0311431884765625,0.0362006276845932,0.0495096817612648
1883077148825,0.9995791912078857,-9.889249801635742,0.7410054206848145,0.0319417305290699,0.0306108258664608,0.0561642125248909
1883078386075,1.049857497215271,-9.865307807922363,0.7876923680305481,0.0327402763068676,0.0319417305290699,0.0558980293571949
1883079623337,1.01753568649292,-9.873687744140625,0.7817068696022034,0.03034464456140995,0.0327402763068676,0.0529700368642807
1883080860612,1.016338586807251,-9.86650562286377,0.7841010689735413,0.0324740931391716,0.02901373989880085,0.0556318499147892
1883082097875,1.0187327861785889,-9.886856079101562,0.7410054206848145,0.0324740931391716,0.0271504707634449,0.0585598424077034
1883083335137,1.070208191871643,-9.920374870300293,0.7493851184844971,0.02422248013317585,0.0276828333735466,0.0473802350461483
1883084572387,1.0534487962722778,-9.909601211547852,0.7529764175415039,0.0282151959836483,0.02422248013317585,0.0519053116440773
1883085809650,1.0091559886932373,-9.90361499786377,0.7637503743171692,0.0263519287109375,0.02422248013317585,0.0535023994743824
1883087046925,1.016338586807251,-9.910798072814941,0.8056488633155823,0.02848137728869915,0.0247548408806324,0.0540347620844841
1883088284187,1.0378865003585815,-9.909601211547852,0.7972691655158997,0.0295461006462574,0.0215606689453125,0.0521714948117733
1883089521462,1.0187327861785889,-9.897629737854004,0.7912836670875549,0.02741665206849575,0.023956298828125,0.0497758649289608
1883090758725,0.99479079246521,-9.929951667785645,0.7697358727455139,0.0276828333735466,0.02422248013317585,0.0553656667470932
1883091995962,1.01753568649292,-9.911994934082031,0.7649474740028381,0.0258195661008358,0.0204959437251091,0.0529700368642807
1883093233237,1.0127472877502441,-9.861717224121094,0.7829039692878723,0.0252872034907341,0.0263519287109375,0.0550994873046875
1883094470487,1.0079588890075684,-9.872490882873535,0.7781155705451965,0.023956298828125,0.0247548408806324,0.0508405901491642
1883095707762,1.0450690984725952,-9.819818496704102,0.7948749661445618,0.0223592109978199,0.01650322787463665,0.0497758649289608
1883096945037,1.0319008827209473,-9.794679641723633,0.8032546639442444,0.0215606689453125,0.0162370465695858,0.0532362200319767
1883098182312,1.0019733905792236,-9.792284965515137,0.7936778664588928,0.02502102218568325,0.0162370465695858,0.0516391322016716
1883099419537,1.0582371950149536,-9.816226959228516,0.790086567401886,0.0220930315554142,0.01836649514734745,0.0484449602663517
1883100656800,1.0247182846069336,-9.829395294189453,0.8080430626869202,0.01943122036755085,0.0167694091796875,0.0511067695915699
1883101894100,1.01753568649292,-9.789891242980957,0.8056488633155823,0.0271504707634449,0.014906140975654125,0.0537685826420784
1883103131362,1.015141487121582,-9.767146110534668,0.7996633648872375,0.02422248013317585,0.012776692397892475,0.0473802350461483
1883104368612,1.0319008827209473,-9.769539833068848,0.7960720658302307,0.0234239362180233,0.010913425125181675,0.0505744069814682
1883105605875,1.016338586807251,-9.787496566772461,0.8259996175765991,0.0263519287109375,0.01224433071911335,0.0566965714097023
1883106843150,1.0055646896362305,-9.803058624267578,0.7996633648872375,0.0268842913210392,0.008783976547420025,0.0532362200319767
1883108080412,0.9876081943511963,-9.791088104248047,0.7996633648872375,0.0276828333735466,0.0063883461989462376,0.0489773228764534
1883109317675,0.9911994934082031,-9.793481826782227,0.7936778664588928,0.0306108258664608,0.0090501569211483,0.0452507846057415
1883110554925,1.0319008827209473,-9.77552604675293,0.8104372620582581,0.0268842913210392,0.0063883461989462376,0.0492435023188591
1883111792212,0.9792284965515137,-9.769539833068848,0.8248025178909302,0.02848137728869915,0.003460354171693325,0.0497758649289608
1883113029450,0.9876081943511963,-9.803058624267578,0.7912836670875549,0.0295461006462574,0.004791259765625,0.0537685826420784
1883114266725,1.1013327836990356,-9.818621635437012,0.8008604645729065,0.03087700717151165,0.0029279920272529125,0.0500420443713665
1883115503975,1.05105459690094,-9.791088104248047,0.8367735147476196,0.02874755859375,0.0029279920272529125,0.0452507846057415
1883116741262,1.0319008827209473,-9.764751434326172,0.8415619134902954,0.0306108258664608,0.0,0.0511067695915699
1883117978512,1.0438719987869263,-9.815030097961426,0.8212112188339233,0.0295461006462574,-0.0010647244052961469,0.0545671246945858
1883119215775,1.0019733905792236,-9.797073364257812,0.8080430626869202,0.02901373989880085,0.0002661811013240367,0.0503082275390625
1883120453050,1.0127472877502441,-9.77672290802002,0.8343793153762817,0.0306108258664608,0.0015970865497365594,0.0492435023188591
1883121690312,1.0366894006729126,-9.7791166305542,0.8307880163192749,0.0316755510866642,-0.0026618109550327063,0.0500420443713665
1883122927575,1.0211269855499268,-9.769539833068848,0.7960720658302307,0.0263519287109375,-0.005589802749454975,0.0511067695915699
1883124164837,0.9864110946655273,-9.781511306762695,0.8104372620582581,0.02981228195130825,-0.0071868896484375,0.052703857421875
1883125402100,1.0402806997299194,-9.770737648010254,0.8248025178909302,0.0346035435795784,-0.0138414166867733,0.0553656667470932
1883126639362,1.0366894006729126,-9.765949249267578,0.7972691655158997,0.0324740931391716,-0.0119781494140625,0.0529700368642807
1883127876612,0.9864110946655273,-9.804256439208984,0.7924807667732239,0.03087700717151165,-0.008517795242369175,0.0558980293571949
1883129113887,1.01753568649292,-9.824606895446777,0.811634361743927,0.0295461006462574,-0.0071868896484375,0.0537685826420784
1883130351162,1.0187327861785889,-9.806650161743164,0.8439561128616333,0.02794901467859745,-0.010381062515079975,0.0532362200319767
1883131588412,1.0259153842926025,-9.781511306762695,0.8092401623725891,0.0319417305290699,-0.014373779296875,0.0508405901491642
1883132825687,1.0055646896362305,-9.816226959228516,0.828393816947937,0.0330064557492733,-0.01703559048473835,0.0529700368642807
1883134062937,1.0007762908935547,-9.78869342803955,0.7757213711738586,0.0282151959836483,-0.01889885775744915,0.0495096817612648
1883135300200,0.99479079246521,-9.791088104248047,0.8068459630012512,0.023956298828125,-0.01996358297765255,0.0460493303835392
1883136537462,0.9744400978088379,-9.805453300476074,0.8068459630012512,0.02981228195130825,-0.01996358297765255,0.0495096817612648
1883137774750,0.9612720012664795,-9.793481826782227,0.8020575642585754,0.0338049978017807,-0.0258195661008358,0.0521714948117733
1883139012000,0.9816226959228516,-9.787496566772461,0.7864952683448792,0.02741665206849575,-0.02076212503015995,0.0505744069814682
1883140249262,0.9696516990661621,-9.832986831665039,0.8451532125473022,0.02502102218568325,-0.0157046839594841,0.0452507846057415
1883141486525,0.9911994934082031,-9.763554573059082,0.8080430626869202,0.02661811001598835,-0.02182685025036335,0.0449846051633358
1883142723812,1.0462661981582642,-9.805453300476074,0.8152256608009338,0.0300784632563591,-0.02315775491297245,0.0481787770986557
1883143961062,1.0079588890075684,-9.761160850524902,0.8044517636299133,0.0300784632563591,-0.02661811001598835,0.0521714948117733
1883145198312,0.9481039047241211,-9.75158405303955,0.8236054182052612,0.0282151959836483,-0.02661811001598835,0.0463155098259449
1883146435600,0.9516952037811279,-9.765949249267578,0.7805097699165344,0.0282151959836483,-0.02741665206849575,0.0468478724360466
1883147672850,1.0019733905792236,-9.750386238098145,0.8367735147476196,0.03087700717151165,-0.02315775491297245,0.0436537005007267
1883148910112,0.9696516990661621,-9.77552604675293,0.8391677141189575,0.0314093679189682,-0.02502102218568325,0.0471140518784523
1883150147375,0.9612720012664795,-9.805453300476074,0.8271967172622681,0.0295461006462574,-0.02608574740588665,0.0484449602663517
1883151384637,0.9612720012664795,-9.77791976928711,0.8319851160049438,0.02901373989880085,-0.02555338479578495,0.0558980293571949
1883152621912,0.9469068050384521,-9.749189376831055,0.8236054182052612,0.02794901467859745,-0.0252872034907341,0.0503082275390625
1883153859162,0.9528923034667969,-9.799468040466309,0.851138710975647,0.0268842913210392,-0.0292799212038517,0.0436537005007267
1883155096425,0.9301473498344421,-9.823410034179688,0.8188169598579407,0.0330064557492733,-0.03087700717151165,0.0471140518784523
1883156333687,0.9277531504631042,-9.815030097961426,0.8259996175765991,0.0324740931391716,-0.02741665206849575,0.0495096817612648
1883157570962,0.9133879542350769,-9.831789016723633,0.8224083185195923,0.02502102218568325,-0.02848137728869915,0.0463155098259449
1883158808212,0.8858546614646912,-9.783905029296875,0.8367735147476196,0.0271504707634449,-0.02794901467859745,0.0439198799431324
1883160045487,0.9361328482627869,-9.821015357971191,0.8140285611152649,0.0282151959836483,-0.0276828333735466,0.0455169677734375
1883161282750,0.9002198576927185,-9.84615421295166,0.8427590131759644,0.0282151959836483,-0.0295461006462574,0.0441860631108284
1883162520000,0.9169792532920837,-9.81263542175293,0.7817068696022034,0.0282151959836483,-0.02981228195130825,0.0441860631108284
1883163757262,0.9145850539207458,-9.847352027893066,0.8068459630012512,0.0234239362180233,-0.02901373989880085,0.0436537005007267
1883164994550,0.9014169573783875,-9.848548889160156,0.8200140595436096,0.0258195661008358,-0.03034464456140995,0.0455169677734375
1883166231812,0.9074024558067322,-9.86889934539795,0.7852981686592102,0.0338049978017807,-0.038330078125,0.043121337890625
1883167469050,0.8978256583213806,-9.870096206665039,0.790086567401886,0.0306108258664608,-0.0327402763068676,0.043121337890625
1883168706325,0.8571242094039917,-9.856928825378418,0.8092401623725891,0.023956298828125,-0.0311431884765625,0.047646414488554
1883169943587,0.8858546614646912,-9.882067680358887,0.8164227604866028,0.02502102218568325,-0.0314093679189682,0.0457831472158432
1883171180850,0.8643068075180054,-9.825803756713867,0.7948749661445618,0.0234239362180233,-0.0319417305290699,0.0433875173330307
1883172418137,0.8858546614646912,-9.848548889160156,0.7912836670875549,0.0204959437251091,-0.033538818359375,0.0417904332280159
1883173655387,0.910993754863739,-9.84376049041748,0.7829039692878723,0.02076212503015995,-0.0338049978017807,0.0415242500603199
1883174892662,0.9097966551780701,-9.880870819091797,0.8176198601722717,0.0220930315554142,-0.0354020856320858,0.0388624407351017
1883176129912,0.9097966551780701,-9.853337287902832,0.8367735147476196,0.0252872034907341,-0.033538818359375,0.043121337890625
1883177367175,0.8978256583213806,-9.835380554199219,0.8176198601722717,0.0228915736079216,-0.0327402763068676,0.0441860631108284
1883178604437,0.8595184087753296,-9.80904483795166,0.8451532125473022,0.0234239362180233,-0.0330064557492733,0.0412580706179142
1883179841712,0.8487445116043091,-9.832986831665039,0.8403648138046265,0.02422248013317585,-0.0338049978017807,0.0420566126704216
1883181078975,0.8786720037460327,-9.800664901733398,0.8188169598579407,0.02076212503015995,-0.0292799212038517,0.0415242500603199
1883182316225,0.8738836050033569,-9.84376049041748,0.828393816947937,0.0234239362180233,-0.0314093679189682,0.0401933453977108
1883183553500,0.8475474119186401,-9.819818496704102,0.812831461429596,0.02262539230287075,-0.033272635191679,0.0385962575674057
1883184790775,0.8750807046890259,-9.818621635437012,0.811634361743927,0.0215606689453125,-0.0340711809694767,0.0404595248401165
1883186028037,0.8619126081466675,-9.807847023010254,0.8463503122329712,0.0181003138422966,-0.0306108258664608,0.0372653529047966
1883187265300,0.8535329103469849,-9.828198432922363,0.8104372620582581,0.0244886614382267,-0.0306108258664608,0.0436537005007267
1883188502550,0.8403648138046265,-9.813833236694336,0.8559271097183228,0.0220930315554142,-0.0340711809694767,0.043121337890625
1883189739812,0.8667010068893433,-9.77791976928711,0.829590916633606,0.02262539230287075,-0.02901373989880085,0.0423227921128273
1883190977075,0.8523358106613159,-9.763554573059082,0.8738836050033569,0.02076212503015995,-0.0292799212038517,0.0362006276845932
1883192214337,0.8367735147476196,-9.81024169921875,0.8427590131759644,0.0196974016726017,-0.02901373989880085,0.0369991734623909
1883193451600,0.849941611289978,-9.838972091674805,0.8427590131759644,0.0228915736079216,-0.02661811001598835,0.042855154722929
1883194688862,0.8822633624076843,-9.81263542175293,0.8810662031173706,0.0244886614382267,-0.0338049978017807,0.0372653529047966
1883195926137,0.8379706144332886,-9.80904483795166,0.8619126081466675,0.02502102218568325,-0.0306108258664608,0.0369991734623909
1883197163387,0.8451532125473022,-9.818621635437012,0.8774749040603638,0.02182685025036335,-0.0263519287109375,0.0385962575674057
1883198400675,0.8427590131759644,-9.797073364257812,0.888248860836029,0.01943122036755085,-0.0306108258664608,0.0314093679189682
1883199637937,0.851138710975647,-9.80904483795166,0.8451532125473022,0.0210283063352108,-0.02502102218568325,0.0393948033452034
1883200875212,0.811634361743927,-9.781511306762695,0.8822633624076843,0.02262539230287075,-0.02608574740588665,0.0423227921128273
1883202112462,0.8678981065750122,-9.798270225524902,0.8750807046890259,0.0215606689453125,-0.02741665206849575,0.0375315360724926
1883203349725,0.8236054182052612,-9.762357711791992,0.8595184087753296,0.02182685025036335,-0.02848137728869915,0.038063894957304
1883204586975,0.8463503122329712,-9.78869342803955,0.8343793153762817,0.02262539230287075,-0.01996358297765255,0.0407257080078125
1883205824250,0.8248025178909302,-9.822212219238281,0.8236054182052612,0.02555338479578495,-0.0258195661008358,0.043121337890625
1883207061525,0.8008604645729065,-9.77791976928711,0.829590916633606,0.02555338479578495,-0.0244886614382267,0.0436537005007267
1883208298775,0.8307880163192749,-9.780314445495605,0.8583213090896606,0.02422248013317585,-0.0263519287109375,0.0433875173330307
1883209536050,0.8343793153762817,-9.787496566772461,0.851138710975647,0.02315775491297245,-0.0223592109978199,0.0412580706179142
1883210773287,0.8056488633155823,-9.840168952941895,0.8631097078323364,0.02369011752307415,-0.0167694091796875,0.0364668108522892
1883212010587,0.7757213711738586,-9.800664901733398,0.8439561128616333,0.0220930315554142,-0.01996358297765255,0.038330078125
1883213247837,0.8092401623725891,-9.771934509277344,0.8583213090896606,0.03034464456140995,-0.0173017717897892,0.0407257080078125
1883214485112,0.8224083185195923,-9.758766174316406,0.8140285611152649,0.0244886614382267,-0.0215606689453125,0.0385962575674057
1883215722362,0.8080430626869202,-9.769539833068848,0.8870517611503601,0.0247548408806324,-0.01756795309484005,0.0399271659553051
1883216959612,0.7984662652015686,-9.81024169921875,0.8259996175765991,0.02422248013317585,-0.0162370465695858,0.0385962575674057
1883218196900,0.7841010689735413,-9.800664901733398,0.8463503122329712,0.02502102218568325,-0.0167694091796875,0.0404595248401165
1883219434137,0.7864952683448792,-9.828198432922363,0.8607155084609985,0.02182685025036335,-0.014906140975654125,0.0375315360724926
1883220671412,0.8140285611152649,-9.805453300476074,0.8403648138046265,0.01996358297765255,-0.01597086526453495,0.0369991734623909
1883221908700,0.8044517636299133,-9.832986831665039,0.8631097078323364,0.02315775491297245,-0.01703559048473835,0.0409918874502182
1883223145962,0.8104372620582581,-9.791088104248047,0.8547300100326538,0.02741665206849575,-0.015438503585755825,0.0492435023188591
1883224383212,0.8020575642585754,-9.854534149169922,0.8367735147476196,0.02502102218568325,-0.010647243820130825,0.0465816929936409
1883225620462,0.7649474740028381,-9.81263542175293,0.8427590131759644,0.02369011752307415,-0.0114457868039608,0.0460493303835392
1883226857737,0.811634361743927,-9.841365814208984,0.8248025178909302,0.02022976242005825,-0.010114881210029125,0.043121337890625
1883228095000,0.7876923680305481,-9.807847023010254,0.8750807046890259,0.02022976242005825,-0.00931633822619915,0.0377977155148983
1883229332262,0.7984662652015686,-9.80904483795166,0.8667010068893433,0.0228915736079216,-0.008517795242369175,0.0367329902946949
1883230569525,0.7589619159698486,-9.836577415466309,0.8248025178909302,0.02262539230287075,-0.008783976547420025,0.0441860631108284
1883231806787,0.7793126702308655,-9.828198432922363,0.8140285611152649,0.01996358297765255,-0.0029279920272529125,0.0455169677734375
1883233044062,0.8212112188339233,-9.818621635437012,0.8032546639442444,0.02502102218568325,0.0002661811013240367,0.0420566126704216
1883234281325,0.7410054206848145,-9.852140426635742,0.851138710975647,0.0228915736079216,0.0002661811013240367,0.0516391322016716
1883235518587,0.7912836670875549,-9.817423820495605,0.8954314589500427,0.0204959437251091,-0.003460354171693325,0.0500420443713665
1883236755825,0.7948749661445618,-9.86650562286377,0.849941611289978,0.02129448764026165,0.0005323622026480734,0.0425889752805233
1883237993112,0.7577648162841797,-9.877279281616211,0.8200140595436096,0.0186326764523983,0.0031941730994731188,0.043121337890625
1883239230362,0.7757213711738586,-9.804256439208984,0.851138710975647,0.0167694091796875,0.0077192517928779125,0.0423227921128273
1883240467650,0.7757213711738586,-9.829395294189453,0.8367735147476196,0.0196974016726017,-0.0007985432748682797,0.0415242500603199
1883241704912,0.767341673374176,-9.834183692932129,0.8307880163192749,0.0173017717897892,0.0007985432748682797,0.0433875173330307
1883242942187,0.7805097699165344,-9.860519409179688,0.7984662652015686,0.0167694091796875,0.0042588976211845875,0.0452507846057415
1883244179437,0.7984662652015686,-9.835380554199219,0.8307880163192749,0.01463996060192585,0.0026618109550327063,0.0484449602663517
1883245416687,0.7541735172271729,-9.861717224121094,0.851138710975647,0.0162370465695858,0.00931633822619915,0.0439198799431324
1883246653975,0.7661445736885071,-9.86770248413086,0.8631097078323364,0.01756795309484005,0.00692070834338665,0.0465816929936409
1883247891225,0.7936778664588928,-9.823410034179688,0.8595184087753296,0.014373779296875,0.010381062515079975,0.0455169677734375
1883249128487,0.7793126702308655,-9.853337287902832,0.8271967172622681,0.0138414166867733,0.01224433071911335,0.0417904332280159
1883250365750,0.7829039692878723,-9.876082420349121,0.8702923059463501,0.01597086526453495,0.013042873702943325,0.0449846051633358
1883251603012,0.7589619159698486,-9.87967300415039,0.8475474119186401,0.01171196810901165,0.0138414166867733,0.0452507846057415
1883252840312,0.7541735172271729,-9.865307807922363,0.7805097699165344,0.012776692397892475,0.0138414166867733,0.04791259765625
1883254077537,0.7541735172271729,-9.850942611694336,0.790086567401886,0.012776692397892475,0.01463996060192585,0.0511067695915699
1883255314825,0.7541735172271729,-9.860519409179688,0.812831461429596,0.0114457868039608,0.0138414166867733,0.04791259765625
1883256552087,0.7661445736885071,-9.862914085388184,0.8439561128616333,0.01117960549890995,0.0138414166867733,0.0468478724360466
1883257789350,0.7529764175415039,-9.858125686645508,0.8559271097183228,0.01224433071911335,0.0162370465695858,0.0481787770986557
1883259026612,0.7960720658302307,-9.861717224121094,0.8367735147476196,0.00984870083630085,0.015172322280704975,0.04791259765625
1883260263862,0.7984662652015686,-9.880870819091797,0.8355764150619507,0.00692070834338665,0.0244886614382267,0.0452507846057415
1883261501137,0.7481880187988281,-9.874884605407715,0.8487445116043091,0.006122165359556675,0.01943122036755085,0.0433875173330307
1883262738387,0.7601590752601624,-9.883264541625977,0.9157821536064148,0.010381062515079975,0.01836649514734745,0.0460493303835392
1883263975662,0.7781155705451965,-9.850942611694336,0.8702923059463501,0.0066545275039970875,0.02369011752307415,0.0484449602663517
1883265212925,0.7242460250854492,-9.888052940368652,0.8140285611152649,0.003460354171693325,0.02022976242005825,0.0495096817612648
1883266450187,0.7314286231994629,-9.915586471557617,0.8259996175765991,0.0090501569211483,0.0234239362180233,0.04791259765625
1883267687450,0.768538773059845,-9.897629737854004,0.8224083185195923,0.0066545275039970875,0.02741665206849575,0.0487111397087574
1883268924737,0.7637503743171692,-9.886856079101562,0.8391677141189575,0.0002661811013240367,0.0306108258664608,0.0473802350461483
1883270161987,0.7374141216278076,-9.891644477844238,0.8020575642585754,0.0023956298828125,0.0276828333735466,0.0511067695915699
1883271399237,0.7481880187988281,-9.9371337890625,0.8439561128616333,0.0037265352439135313,0.02741665206849575,0.0489773228764534
1883272636525,0.7553706169128418,-9.894038200378418,0.8451532125473022,-0.0010647244052961469,0.0263519287109375,0.0420566126704216
1883273873775,0.7757213711738586,-9.90361499786377,0.8487445116043091,-0.0031941730994731188,0.02182685025036335,0.047646414488554
1883275111037,0.768538773059845,-9.898826599121094,0.8523358106613159,0.004791259765625,0.0252872034907341,0.0463155098259449
1883276348300,0.7912836670875549,-9.906009674072266,0.8595184087753296,0.0002661811013240367,0.03087700717151165,0.0455169677734375
1883277585562,0.7876923680305481,-9.898826599121094,0.8164227604866028,-0.0015970865497365594,0.0319417305290699,0.0481787770986557
1883278822837,0.7757213711738586,-9.9000244140625,0.8331822156906128,-0.004791259765625,0.0316755510866642,0.0495096817612648
1883280060112,0.7817068696022034,-9.910798072814941,0.8547300100326538,-0.0026618109550327063,0.0343373604118824,0.0487111397087574
1883281297362,0.7793126702308655,-9.917980194091797,0.8212112188339233,-0.0018632676219567657,0.0385962575674057,0.0423227921128273
1883282534637,0.7793126702308655,-9.910798072814941,0.8439561128616333,-0.00931633822619915,0.0362006276845932,0.0457831472158432
1883283771875,0.8104372620582581,-9.889249801635742,0.8140285611152649,-0.010913425125181675,0.0354020856320858,0.0489773228764534
1883285009137,0.7697358727455139,-9.907206535339355,0.829590916633606,-0.005855984054505825,0.0354020856320858,0.0489773228764534
1883286246400,0.7661445736885071,-9.870096206665039,0.7984662652015686,-0.00958251953125,0.0375315360724926,0.0463155098259449
1883287483687,0.8164227604866028,-9.909601211547852,0.8176198601722717,-0.01224433071911335,0.0447184219956398,0.0487111397087574
1883288720937,0.829590916633606,-9.882067680358887,0.8104372620582581,-0.010647243820130825,0.0404595248401165,0.0489773228764534
1883289958212,0.8451532125473022,-9.895236015319824,0.8259996175765991,-0.010114881210029125,0.0423227921128273,0.0447184219956398
1883291195487,0.8248025178909302,-9.849745750427246,0.8259996175765991,-0.00958251953125,0.0417904332280159,0.0455169677734375
1883292432737,0.8044517636299133,-9.882067680358887,0.8355764150619507,-0.01463996060192585,0.042855154722929,0.0460493303835392
1883293670025,0.8236054182052612,-9.86770248413086,0.829590916633606,-0.0138414166867733,0.0404595248401165,0.0425889752805233
1883294907262,0.8068459630012512,-9.886856079101562,0.8331822156906128,-0.0173017717897892,0.0385962575674057,0.0473802350461483
1883296144525,0.8140285611152649,-9.8784761428833,0.8343793153762817,-0.0157046839594841,0.0441860631108284,0.0503082275390625
1883297381800,0.8176198601722717,-9.90241813659668,0.8463503122329712,-0.0063883461989462376,0.0436537005007267,0.0489773228764534
1883298619050,0.849941611289978,-9.90122127532959,0.8068459630012512,-0.01224433071911335,0.0465816929936409,0.0497758649289608
1883299856325,0.7793126702308655,-9.886856079101562,0.8487445116043091,-0.014906140975654125,0.0457831472158432,0.0468478724360466
1883301093587,0.7757213711738586,-9.874884605407715,0.8523358106613159,-0.01943122036755085,0.0417904332280159,0.0449846051633358
1883302330862,0.8212112188339233,-9.859322547912598,0.8319851160049438,-0.015438503585755825,0.0436537005007267,0.0433875173330307
1883303568112,0.8164227604866028,-9.836577415466309,0.8307880163192749,-0.012776692397892475,0.0409918874502182,0.0455169677734375
1883304805375,0.8224083185195923,-9.853337287902832,0.8535329103469849,-0.0167694091796875,0.0425889752805233,0.0409918874502182
1883306042650,0.8559271097183228,-9.855731010437012,0.8092401623725891,-0.015438503585755825,0.0455169677734375,0.0487111397087574
1883307279900,0.8583213090896606,-9.841365814208984,0.811634361743927,-0.01889885775744915,0.0505744069814682,0.0455169677734375
1883308517162,0.8619126081466675,-9.825803756713867,0.8738836050033569,-0.0173017717897892,0.052703857421875,0.0452507846057415
1883309754437,0.8188169598579407,-9.885659217834473,0.8487445116043091,-0.0138414166867733,0.0473802350461483,0.0460493303835392
1883310991700,0.8523358106613159,-9.84376049041748,0.8343793153762817,-0.0186326764523983,0.0412580706179142,0.0407257080078125
1883312228962,0.8583213090896606,-9.856928825378418,0.8391677141189575,-0.0196974016726017,0.0415242500603199,0.0449846051633358
1883313466212,0.8798691034317017,-9.856928825378418,0.8212112188339233,-0.01756795309484005,0.0457831472158432,0.0417904332280159
1883314703487,0.8678981065750122,-9.84615421295166,0.8080430626869202,-0.0162370465695858,0.0500420443713665,0.0444522425532341
1883315940750,0.8762778043746948,-9.835380554199219,0.8535329103469849,-0.02369011752307415,0.0535023994743824,0.0356682650744915
1883317178037,0.8619126081466675,-9.824606895446777,0.8571242094039917,-0.0186326764523983,0.0500420443713665,0.0388624407351017
1883318415300,0.8858546614646912,-9.818621635437012,0.8200140595436096,-0.015438503585755825,0.0444522425532341,0.0401933453977108
1883319652550,0.8655039072036743,-9.830592155456543,0.7733271718025208,-0.013309055007994175,0.0465816929936409,0.043121337890625
1883320889800,0.8571242094039917,-9.859322547912598,0.8176198601722717,-0.01703559048473835,0.04791259765625,0.042855154722929
1883322127087,0.851138710975647,-9.832986831665039,0.8607155084609985,-0.0191650390625,0.0487111397087574,0.0415242500603199
1883323364362,0.828393816947937,-9.81024169921875,0.811634361743927,-0.0186326764523983,0.0463155098259449,0.0346035435795784
1883324601600,0.8858546614646912,-9.854534149169922,0.8427590131759644,-0.015438503585755825,0.042855154722929,0.0343373604118824
1883325838887,0.9026140570640564,-9.819818496704102,0.7745242714881897,-0.0210283063352108,0.0457831472158432,0.038330078125
1883327076137,0.9002198576927185,-9.850942611694336,0.8092401623725891,-0.01756795309484005,0.0449846051633358,0.033272635191679
1883328313400,0.871489405632019,-9.824606895446777,0.8259996175765991,-0.0181003138422966,0.0463155098259449,0.0316755510866642
1883329550662,0.9097966551780701,-9.838972091674805,0.8020575642585754,-0.0162370465695858,0.0441860631108284,0.0409918874502182
1883330787912,0.9217676520347595,-9.815030097961426,0.8044517636299133,-0.0220930315554142,0.0471140518784523,0.0399271659553051
1883332025200,0.8523358106613159,-9.834183692932129,0.851138710975647,-0.01756795309484005,0.04791259765625,0.0367329902946949
1883333262450,0.8667010068893433,-9.835380554199219,0.8595184087753296,-0.01597086526453495,0.0457831472158432,0.0292799212038517
1883334499725,0.9217676520347595,-9.84376049041748,0.8212112188339233,-0.015438503585755825,0.0439198799431324,0.0314093679189682
1883335737000,0.9349357485771179,-9.80904483795166,0.812831461429596,-0.015438503585755825,0.0439198799431324,0.0300784632563591
1883336974250,0.9014169573783875,-9.81263542175293,0.8535329103469849,-0.0181003138422966,0.04791259765625,0.02874755859375
1883338211525,0.9157821536064148,-9.829395294189453,0.8248025178909302,-0.02022976242005825,0.0492435023188591,0.02661811001598835
1883339448787,0.9217676520347595,-9.829395294189453,0.8415619134902954,-0.01703559048473835,0.0449846051633358,0.0311431884765625
1883340686037,0.9038111567497253,-9.827000617980957,0.8271967172622681,-0.01597086526453495,0.0441860631108284,0.02981228195130825
1883341923312,0.93254154920578,-9.795876502990723,0.8607155084609985,-0.0162370465695858,0.0455169677734375,0.02794901467859745
1883343160562,0.9133879542350769,-9.805453300476074,0.8008604645729065,-0.01463996060192585,0.0417904332280159,0.02901373989880085
1883344397837,0.8834604620933533,-9.77672290802002,0.8032546639442444,-0.013042873702943325,0.0423227921128273,0.02741665206849575
1883345635087,0.910993754863739,-9.817423820495605,0.8571242094039917,-0.0173017717897892,0.0447184219956398,0.0244886614382267
1883346872375,0.9277531504631042,-9.81143856048584,0.8319851160049438,-0.01703559048473835,0.0436537005007267,0.02315775491297245
1883348109637,0.9313444495201111,-9.805453300476074,0.8200140595436096,-0.0138414166867733,0.0369991734623909,0.02422248013317585
1883349346900,0.8990227580070496,-9.797073364257812,0.812831461429596,-0.0114457868039608,0.0399271659553051,0.023956298828125
1883350584162,0.9205705523490906,-9.769539833068848,0.8236054182052612,-0.01117960549890995,0.0425889752805233,0.02369011752307415
1883351821425,0.93254154920578,-9.789891242980957,0.8367735147476196,-0.0138414166867733,0.0417904332280159,0.02076212503015995
1883353058700,0.9181763529777527,-9.769539833068848,0.8355764150619507,-0.014373779296875,0.0404595248401165,0.023956298828125
1883354295962,0.9253589510917664,-9.792284965515137,0.8367735147476196,-0.0157046839594841,0.042855154722929,0.0215606689453125
1883355533212,0.9409212470054626,-9.783905029296875,0.8523358106613159,-0.013309055007994175,0.0385962575674057,0.02369011752307415
1883356770475,0.9756371974945068,-9.762357711791992,0.7924807667732239,-0.01117960549890995,0.0388624407351017,0.0173017717897892
1883358007750,0.8846575617790222,-9.77672290802002,0.7936778664588928,-0.012776692397892475,0.038063894957304,0.01943122036755085
1883359245025,0.9181763529777527,-9.81263542175293,0.788889467716217,-0.012510511092841625,0.0367329902946949,0.0167694091796875
1883360482275,0.8858546614646912,-9.77672290802002,0.8391677141189575,-0.01357523538172245,0.0359344482421875,0.01597086526453495
1883361719537,0.933738648891449,-9.761160850524902,0.8140285611152649,-0.00931633822619915,0.033538818359375,0.02129448764026165
1883362956812,0.9792284965515137,-9.787496566772461,0.8212112188339233,-0.0114457868039608,0.0388624407351017,0.0173017717897892
1883364194050,0.9636662006378174,-9.756372451782227,0.7912836670875549,-0.0071868896484375,0.0388624407351017,0.01756795309484005
1883365431325,0.8966285586357117,-9.81143856048584,0.7996633648872375,-0.00692070834338665,0.0338049978017807,0.01783413253724575
1883366668600,0.9145850539207458,-9.783905029296875,0.8271967172622681,-0.005855984054505825,0.0343373604118824,0.0138414166867733
1883367905850,0.9014169573783875,-9.765949249267578,0.8092401623725891,-0.004791259765625,0.0346035435795784,0.015438503585755825
1883369143125,0.9205705523490906,-9.801861763000488,0.8104372620582581,-0.0066545275039970875,0.0314093679189682,0.01410759799182415
1883370380400,0.9636662006378174,-9.795876502990723,0.8092401623725891,-0.0077192517928779125,0.0343373604118824,0.01463996060192585
1883371617650,0.9684545993804932,-9.75517463684082,0.8271967172622681,-0.005057440605014563,0.0346035435795784,0.0053236219100654125
1883372854912,0.912190854549408,-9.800664901733398,0.812831461429596,-0.0042588976211845875,0.0311431884765625,0.00984870083630085
1883374092187,0.950498104095459,-9.793481826782227,0.8259996175765991,-0.00931633822619915,0.02794901467859745,0.008517795242369175
1883375329437,0.9277531504631042,-9.77672290802002,0.8092401623725891,0.0002661811013240367,0.02608574740588665,0.007985432632267475
1883376566737,0.9361328482627869,-9.805453300476074,0.829590916633606,0.003460354171693325,0.0306108258664608,0.00692070834338665
1883377803975,0.9265560507774353,-9.801861763000488,0.7876923680305481,-0.0007985432748682797,0.0322079136967659,0.00452507846057415
1883379041250,0.9157821536064148,-9.771934509277344,0.7817068696022034,0.0,0.0295461006462574,0.007453070487827063
1883380278500,0.9445126056671143,-9.829395294189453,0.828393816947937,0.0013309054775163531,0.0258195661008358,0.0066545275039970875
1883381515775,0.9289502501487732,-9.807847023010254,0.8176198601722717,-0.0005323622026480734,0.02422248013317585,0.008251613937318325
1883382753037,0.933738648891449,-9.787496566772461,0.8331822156906128,0.0039927163161337376,0.02555338479578495,0.010114881210029125
1883383990287,0.9229647517204285,-9.830592155456543,0.851138710975647,0.0029279920272529125,0.02555338479578495,0.007453070487827063
1883385227575,0.9588778018951416,-9.805453300476074,0.8080430626869202,0.0029279920272529125,0.02502102218568325,0.0031941730994731188
1883386464825,0.9433155059814453,-9.816226959228516,0.8571242094039917,0.008783976547420025,0.0210283063352108,0.007453070487827063
1883387702075,0.9576807022094727,-9.761160850524902,0.8415619134902954,0.004791259765625,0.0244886614382267,0.0039927163161337376
1883388939375,0.9157821536064148,-9.761160850524902,0.8068459630012512,0.005855984054505825,0.02129448764026165,0.0023956298828125
1883390176625,0.9133879542350769,-9.792284965515137,0.7793126702308655,0.01171196810901165,0.02182685025036335,0.0029279920272529125
1883391413887,0.9277531504631042,-9.81263542175293,0.8152256608009338,0.008783976547420025,0.02076212503015995,0.005589802749454975
1883392651162,0.9145850539207458,-9.7791166305542,0.8224083185195923,0.007453070487827063,0.02129448764026165,0.0071868896484375
1883393888425,0.9277531504631042,-9.794679641723633,0.8607155084609985,0.00692070834338665,0.02262539230287075,0.003460354171693325
1883395125675,0.9457097053527832,-9.759963035583496,0.8571242094039917,0.007453070487827063,0.02022976242005825,0.0002661811013240367
1883396362950,0.9050082564353943,-9.792284965515137,0.8559271097183228,0.008251613937318325,0.0204959437251091,0.00692070834338665
1883397600225,0.9469068050384521,-9.770737648010254,0.871489405632019,0.0066545275039970875,0.0196974016726017,0.0063883461989462376
1883398837462,0.9097966551780701,-9.770737648010254,0.8583213090896606,0.010114881210029125,0.012510511092841625,-0.0021294488105922937
1883400074737,0.9181763529777527,-9.773131370544434,0.8678981065750122,0.0077192517928779125,0.0138414166867733,-0.0005323622026480734
1883401312012,0.9385270476341248,-9.759963035583496,0.8056488633155823,0.008251613937318325,0.01996358297765255,-0.0005323622026480734
1883402549275,0.8954314589500427,-9.730035781860352,0.8176198601722717,0.0090501569211483,0.01836649514734745,0.0010647244052961469
1883403786537,0.9169792532920837,-9.762357711791992,0.872686505317688,0.010647243820130825,0.0228915736079216,-0.0023956298828125
1883405023812,0.9361328482627869,-9.791088104248047,0.8259996175765991,0.013042873702943325,0.01650322787463665,-0.004791259765625
1883406261100,0.9445126056671143,-9.77552604675293,0.8080430626869202,0.0138414166867733,0.01650322787463665,-0.004791259765625
1883407498362,0.9373299479484558,-9.785102844238281,0.8188169598579407,0.01224433071911335,0.0167694091796875,-0.0042588976211845875
1883408735600,0.910993754863739,-9.75517463684082,0.8236054182052612,0.010647243820130825,0.01889885775744915,-0.0042588976211845875
1883409972850,0.9085995554924011,-9.771934509277344,0.8331822156906128,0.01756795309484005,0.014373779296875,-0.0023956298828125
1883411210137,0.9145850539207458,-9.81024169921875,0.8224083185195923,0.015172322280704975,0.01117960549890995,-0.0013309054775163531
1883412447400,0.9074024558067322,-9.805453300476074,0.8331822156906128,0.0138414166867733,0.01463996060192585,-0.0026618109550327063
1883413684650,0.8846575617790222,-9.785102844238281,0.8152256608009338,0.013309055007994175,0.01171196810901165,-0.00452507846057415
1883414921925,0.8870517611503601,-9.817423820495605,0.812831461429596,0.01463996060192585,0.0162370465695858,-0.0013309054775163531
1883416159187,0.9301473498344421,-9.7791166305542,0.8020575642585754,0.012776692397892475,0.01650322787463665,0.0005323622026480734
1883417396450,0.910993754863739,-9.829395294189453,0.8535329103469849,0.015172322280704975,0.010913425125181675,-0.0039927163161337376
1883418633725,0.9097966551780701,-9.829395294189453,0.7625532746315002,0.01117960549890995,0.0162370465695858,-0.004791259765625
1883419870987,0.9205705523490906,-9.81024169921875,0.8259996175765991,0.00984870083630085,0.0138414166867733,-0.0026618109550327063
1883421108250,0.9062053561210632,-9.791088104248047,0.8224083185195923,0.0119781494140625,0.010114881210029125,-0.0007985432748682797
1883422345500,0.9229647517204285,-9.797073364257812,0.8068459630012512,0.01357523538172245,0.00984870083630085,-0.0002661811013240367
1883423582775,0.9217676520347595,-9.789891242980957,0.7948749661445618,0.0157046839594841,0.008251613937318325,0.0023956298828125
1883424820025,0.950498104095459,-9.804256439208984,0.7829039692878723,0.0090501569211483,0.014373779296875,-0.0021294488105922937
1883426057275,0.8966285586357117,-9.832986831665039,0.8379706144332886,0.01410759799182415,0.013309055007994175,-0.0042588976211845875
1883427294575,0.9265560507774353,-9.800664901733398,0.8212112188339233,0.01463996060192585,0.0167694091796875,-0.0071868896484375
1883428531837,0.8966285586357117,-9.797073364257812,0.8475474119186401,0.01410759799182415,0.0173017717897892,-0.00984870083630085
1883429769100,0.8403648138046265,-9.783905029296875,0.811634361743927,0.015438503585755825,0.00958251953125,-0.0013309054775163531
1883431006350,0.849941611289978,-9.771934509277344,0.8020575642585754,0.010647243820130825,0.006122165359556675,-0.0002661811013240367
1883432243625,0.8810662031173706,-9.800664901733398,0.7924807667732239,0.0090501569211483,0.010913425125181675,-0.0077192517928779125
1883433480875,0.8535329103469849,-9.805453300476074,0.8307880163192749,0.01171196810901165,0.01224433071911335,-0.0023956298828125
1883434718150,0.9074024558067322,-9.786299705505371,0.7781155705451965,0.01224433071911335,0.010114881210029125,0.0010647244052961469
1883435955412,0.8954314589500427,-9.7791166305542,0.7745242714881897,0.00692070834338665,0.008251613937318325,-0.00692070834338665
1883437192675,0.8391677141189575,-9.821015357971191,0.7984662652015686,0.00931633822619915,0.0119781494140625,-0.00692070834338665
1883438429962,0.872686505317688,-9.84376049041748,0.8212112188339233,0.01171196810901165,0.010913425125181675,-0.0005323622026480734
1883439667225,0.8547300100326538,-9.835380554199219,0.8176198601722717,0.010913425125181675,0.010647243820130825,-0.005057440605014563
1883440904475,0.8750807046890259,-9.800664901733398,0.8259996175765991,0.0114457868039608,0.014373779296875,-0.0039927163161337376
1883442141750,0.8762778043746948,-9.816226959228516,0.8152256608009338,0.010381062515079975,0.012510511092841625,-0.005855984054505825
1883443379012,0.8523358106613159,-9.865307807922363,0.8212112188339233,0.010114881210029125,0.01171196810901165,-0.0023956298828125
1883444616275,0.8343793153762817,-9.829395294189453,0.8152256608009338,0.00692070834338665,0.01357523538172245,-0.0010647244052961469
1883445853550,0.8248025178909302,-9.816226959228516,0.7960720658302307,0.01117960549890995,0.01357523538172245,-0.0029279920272529125
1883447090800,0.8762778043746948,-9.830592155456543,0.8439561128616333,0.0114457868039608,0.012510511092841625,-0.005855984054505825
1883448328075,0.8846575617790222,-9.855731010437012,0.8188169598579407,0.00958251953125,0.012776692397892475,-0.0066545275039970875
1883449565312,0.8918401598930359,-9.823410034179688,0.8463503122329712,0.008251613937318325,0.01357523538172245,-0.005057440605014563
1883450802600,0.8810662031173706,-9.850942611694336,0.8092401623725891,0.005855984054505825,0.0157046839594841,0.0002661811013240367
1883452039875,0.8738836050033569,-9.870096206665039,0.8044517636299133,0.00452507846057415,0.01463996060192585,-0.0007985432748682797
1883453277137,0.8906430602073669,-9.837775230407715,0.8044517636299133,0.0053236219100654125,0.0114457868039608,-0.0023956298828125
1883454514412,0.872686505317688,-9.856928825378418,0.7852981686592102,0.0039927163161337376,0.010647243820130825,-0.0042588976211845875
1883455751650,0.8786720037460327,-9.883264541625977,0.8140285611152649,0.006122165359556675,0.013042873702943325,-0.0039927163161337376
1883456988912,0.8643068075180054,-9.870096206665039,0.7841010689735413,0.0039927163161337376,0.0138414166867733,-0.003460354171693325
1883458226200,0.8655039072036743,-9.834183692932129,0.828393816947937,0.008251613937318325,0.01171196810901165,-0.0066545275039970875
1883459463450,0.8750807046890259,-9.865307807922363,0.8056488633155823,0.0090501569211483,0.007985432632267475,0.0021294488105922937
1883460700737,0.8774749040603638,-9.882067680358887,0.7613561749458313,0.0053236219100654125,0.0138414166867733,0.0
1883461937975,0.849941611289978,-9.86650562286377,0.7864952683448792,0.0026618109550327063,0.0186326764523983,-0.005855984054505825
1883463175237,0.829590916633606,-9.841365814208984,0.7829039692878723,0.0,0.01410759799182415,-0.0021294488105922937
1883464412500,0.8678981065750122,-9.932345390319824,0.8104372620582581,-0.0002661811013240367,0.007985432632267475,0.0013309054775163531
1883465649762,0.8870517611503601,-9.827000617980957,0.8224083185195923,0.005589802749454975,0.01224433071911335,-0.005589802749454975
1883466887037,0.8810662031173706,-9.880870819091797,0.8032546639442444,0.0031941730994731188,0.0157046839594841,-0.0018632676219567657
1883468124312,0.8655039072036743,-9.86889934539795,0.828393816947937,0.0,0.014906140975654125,-0.0029279920272529125
1883469361575,0.8762778043746948,-9.852140426635742,0.8152256608009338,0.0002661811013240367,0.0138414166867733,-0.0013309054775163531
1883470598837,0.8690952062606812,-9.873687744140625,0.8319851160049438,0.0007985432748682797,0.0181003138422966,0.0007985432748682797
1883471836087,0.8451532125473022,-9.870096206665039,0.8343793153762817,0.003460354171693325,0.014906140975654125,-0.005589802749454975
1883473073375,0.9014169573783875,-9.836577415466309,0.8319851160049438,0.0029279920272529125,0.012510511092841625,0.0010647244052961469
1883474310625,0.8678981065750122,-9.854534149169922,0.8463503122329712,0.003460354171693325,0.0138414166867733,0.0026618109550327063
1883475547900,0.8978256583213806,-9.865307807922363,0.812831461429596,0.0013309054775163531,0.0114457868039608,0.0007985432748682797
1883476785162,0.8667010068893433,-9.872490882873535,0.8080430626869202,-0.0039927163161337376,0.01224433071911335,-0.0010647244052961469
1883478022412,0.8403648138046265,-9.84376049041748,0.8236054182052612,-0.0007985432748682797,0.014373779296875,0.005855984054505825
1883479259687,0.8690952062606812,-9.90122127532959,0.8020575642585754,-0.0015970865497365594,0.02129448764026165,0.0
1883480496962,0.8475474119186401,-9.871294021606445,0.8319851160049438,-0.0002661811013240367,0.015438503585755825,0.0013309054775163531
1883481734212,0.8583213090896606,-9.84376049041748,0.8259996175765991,-0.0021294488105922937,0.01410759799182415,0.0026618109550327063
1883482971475,0.849941611289978,-9.84256362915039,0.8367735147476196,-0.0010647244052961469,0.0186326764523983,0.0007985432748682797
1883484208750,0.8846575617790222,-9.855731010437012,0.7996633648872375,-0.0042588976211845875,0.01943122036755085,0.0026618109550327063
1883485446012,0.9014169573783875,-9.853337287902832,0.7960720658302307,-0.0007985432748682797,0.0191650390625,0.0037265352439135313
1883486683275,0.8918401598930359,-9.87967300415039,0.8403648138046265,-0.0015970865497365594,0.0186326764523983,0.0
1883487920537,0.9026140570640564,-9.858125686645508,0.8307880163192749,-0.005057440605014563,0.0191650390625,-0.0021294488105922937
1883489157812,0.8750807046890259,-9.853337287902832,0.8248025178909302,-0.005057440605014563,0.0173017717897892,-0.0015970865497365594
1883490395062,0.8798691034317017,-9.861717224121094,0.7876923680305481,-0.005057440605014563,0.0191650390625,-0.0005323622026480734
1883491632325,0.8750807046890259,-9.854534149169922,0.812831461429596,-0.00692070834338665,0.01996358297765255,0.00452507846057415
1883492869600,0.8523358106613159,-9.84376049041748,0.8032546639442444,-0.00692070834338665,0.01783413253724575,0.0007985432748682797
1883494106875,0.8702923059463501,-9.816226959228516,0.7697358727455139,-0.006122165359556675,0.0234239362180233,0.0005323622026480734
1883495344137,0.9014169573783875,-9.800664901733398,0.7864952683448792,-0.0023956298828125,0.02369011752307415,0.0002661811013240367
1883496581387,0.8607155084609985,-9.84256362915039,0.7565677165985107,-0.004791259765625,0.0234239362180233,-0.0021294488105922937
1883497818675,0.8750807046890259,-9.84495735168457,0.8032546639442444,-0.007985432632267475,0.01756795309484005,0.0029279920272529125
1883499055937,0.8535329103469849,-9.838972091674805,0.8092401623725891,-0.0037265352439135313,0.02369011752307415,0.0029279920272529125
1883500293187,0.8762778043746948,-9.824606895446777,0.8200140595436096,-0.008251613937318325,0.02315775491297245,0.0023956298828125
1883501530450,0.8834604620933533,-9.821015357971191,0.7829039692878723,-0.010381062515079975,0.01703559048473835,0.0013309054775163531
1883502767700,0.872686505317688,-9.827000617980957,0.768538773059845,-0.007985432632267475,0.0223592109978199,0.003460354171693325
1883504004962,0.8954314589500427,-9.81263542175293,0.8571242094039917,-0.0021294488105922937,0.0220930315554142,0.0053236219100654125
1883505242237,0.8930372595787048,-9.853337287902832,0.8595184087753296,-0.00692070834338665,0.0204959437251091,0.0023956298828125
1883506479537,0.8738836050033569,-9.780314445495605,0.7936778664588928,-0.010647243820130825,0.02129448764026165,0.0010647244052961469
1883507716800,0.933738648891449,-9.816226959228516,0.812831461429596,-0.00931633822619915,0.02022976242005825,0.0005323622026480734
1883508954050,0.9014169573783875,-9.84495735168457,0.7996633648872375,-0.01224433071911335,0.02608574740588665,0.0018632676219567657
1883510191325,0.9217676520347595,-9.785102844238281,0.7817068696022034,-0.012510511092841625,0.02555338479578495,0.0010647244052961469
1883511428562,0.8822633624076843,-9.827000617980957,0.8080430626869202,-0.0037265352439135313,0.02555338479578495,0.0007985432748682797
1883512665862,0.9062053561210632,-9.838972091674805,0.812831461429596,-0.005057440605014563,0.02182685025036335,0.0010647244052961469
1883513903112,0.9097966551780701,-9.829395294189453,0.8032546639442444,-0.0090501569211483,0.02555338479578495,-0.0002661811013240367
1883515140375,0.8750807046890259,-9.813833236694336,0.7936778664588928,-0.0090501569211483,0.0244886614382267,0.0007985432748682797
1883516377637,0.889445960521698,-9.832986831665039,0.7912836670875549,-0.00692070834338665,0.02502102218568325,0.0002661811013240367
1883517614912,0.9313444495201111,-9.834183692932129,0.849941611289978,-0.008783976547420025,0.0271504707634449,0.0037265352439135313
1883518852175,0.9085995554924011,-9.78869342803955,0.8164227604866028,-0.01224433071911335,0.0244886614382267,0.0066545275039970875
1883520089450,0.8870517611503601,-9.801861763000488,0.7864952683448792,-0.006122165359556675,0.02661811001598835,0.0066545275039970875
1883521326700,0.9038111567497253,-9.816226959228516,0.7984662652015686,-0.008517795242369175,0.02874755859375,0.004791259765625
1883522563962,0.9169792532920837,-9.806650161743164,0.8152256608009338,-0.00958251953125,0.02555338479578495,-0.0010647244052961469
1883523801212,0.8918401598930359,-9.77791976928711,0.8080430626869202,-0.0063883461989462376,0.023956298828125,0.0026618109550327063
1883525038475,0.9002198576927185,-9.797073364257812,0.7829039692878723,-0.007453070487827063,0.0263519287109375,0.0005323622026480734
1883526275762,0.8559271097183228,-9.791088104248047,0.8200140595436096,-0.005057440605014563,0.02555338479578495,0.003460354171693325
1883527513012,0.8906430602073669,-9.800664901733398,0.8224083185195923,-0.0026618109550327063,0.0223592109978199,0.0010647244052961469
1883528750275,0.8774749040603638,-9.793481826782227,0.812831461429596,-0.0031941730994731188,0.02262539230287075,-0.0018632676219567657
1883529987562,0.889445960521698,-9.847352027893066,0.8164227604866028,-0.0053236219100654125,0.02661811001598835,0.0018632676219567657
1883531224812,0.9050082564353943,-9.786299705505371,0.7661445736885071,-0.007453070487827063,0.0252872034907341,0.0015970865497365594
1883532462100,0.8942343592643738,-9.804256439208984,0.7721300721168518,-0.005855984054505825,0.0268842913210392,0.0053236219100654125
1883533699350,0.8846575617790222,-9.801861763000488,0.7781155705451965,-0.0042588976211845875,0.02369011752307415,0.0029279920272529125
1883534936612,0.9062053561210632,-9.768342971801758,0.8008604645729065,-0.005589802749454975,0.0271504707634449,0.0010647244052961469
1883536173862,0.8870517611503601,-9.793481826782227,0.7960720658302307,-0.0063883461989462376,0.0234239362180233,0.0007985432748682797
1883537411150,0.8678981065750122,-9.744400978088379,0.8559271097183228,-0.00692070834338665,0.0268842913210392,0.003460354171693325
1883538648412,0.8918401598930359,-9.794679641723633,0.828393816947937,-0.0029279920272529125,0.02422248013317585,0.0
1883539885675,0.8846575617790222,-9.793481826782227,0.8140285611152649,0.0026618109550327063,0.02661811001598835,0.0018632676219567657
1883541122937,0.8810662031173706,-9.783905029296875,0.7912836670875549,-0.0042588976211845875,0.02369011752307415,0.0015970865497365594
1883542360212,0.9445126056671143,-9.840168952941895,0.8259996175765991,-0.0039927163161337376,0.023956298828125,0.0002661811013240367
1883543597462,0.9050082564353943,-9.774328231811523,0.8188169598579407,-0.0023956298828125,0.02848137728869915,-0.0010647244052961469
1883544834750,0.872686505317688,-9.795876502990723,0.788889467716217,-0.0005323622026480734,0.0210283063352108,0.0010647244052961469
1883546071987,0.9588778018951416,-9.773131370544434,0.8092401623725891,-0.004791259765625,0.0191650390625,0.0066545275039970875
1883547309275,0.9433155059814453,-9.818621635437012,0.8224083185195923,0.0,0.0247548408806324,0.0007985432748682797
1883548546525,0.9026140570640564,-9.782708168029785,0.8068459630012512,-0.0026618109550327063,0.023956298828125,0.0013309054775163531
1883549783787,0.9074024558067322,-9.77672290802002,0.8068459630012512,-0.0021294488105922937,0.02422248013317585,0.0031941730994731188
1883551021062,0.9205705523490906,-9.800664901733398,0.790086567401886,0.0018632676219567657,0.02741665206849575,0.0031941730994731188
1883552258350,0.9062053561210632,-9.746795654296875,0.8200140595436096,0.0,0.0268842913210392,0.0039927163161337376
1883553495575,0.9205705523490906,-9.787496566772461,0.828393816947937,0.0002661811013240367,0.033272635191679,-0.0007985432748682797
1883554732875,0.9062053561210632,-9.797073364257812,0.8259996175765991,0.0021294488105922937,0.02794901467859745,-0.0015970865497365594
1883555970112,0.9074024558067322,-9.816226959228516,0.7936778664588928,-0.0005323622026480734,0.0234239362180233,0.0007985432748682797
1883557207400,0.93254154920578,-9.746795654296875,0.7637503743171692,-0.0007985432748682797,0.0276828333735466,0.0015970865497365594
1883558444662,0.93254154920578,-9.787496566772461,0.7745242714881897,-0.0002661811013240367,0.02369011752307415,0.003460354171693325
1883559681900,0.9277531504631042,-9.77791976928711,0.7721300721168518,0.003460354171693325,0.0215606689453125,0.0015970865497365594
1883560919187,0.93254154920578,-9.747992515563965,0.8188169598579407,0.0042588976211845875,0.0191650390625,0.0002661811013240367
1883562156450,0.9516952037811279,-9.764751434326172,0.8020575642585754,0.0018632676219567657,0.02315775491297245,0.0023956298828125
1883563393712,0.9097966551780701,-9.763554573059082,0.8307880163192749,0.0042588976211845875,0.0276828333735466,0.0015970865497365594
1883564630962,0.9241618514060974,-9.740809440612793,0.7852981686592102,0.0026618109550327063,0.02502102218568325,-0.0010647244052961469
1883565868237,0.9217676520347595,-9.768342971801758,0.8259996175765991,0.0013309054775163531,0.02874755859375,0.0023956298828125
1883567105525,0.910993754863739,-9.761160850524902,0.8044517636299133,0.0002661811013240367,0.02741665206849575,-0.0005323622026480734
1883568342787,0.8858546614646912,-9.761160850524902,0.7984662652015686,0.0031941730994731188,0.02422248013317585,0.0007985432748682797
1883569580025,0.8942343592643738,-9.80904483795166,0.7709329724311829,0.00452507846057415,0.0191650390625,0.0039927163161337376
1883570817300,0.9720458984375,-9.785102844238281,0.7852981686592102,0.0066545275039970875,0.01410759799182415,0.0026618109550327063
1883572054587,0.9313444495201111,-9.7791166305542,0.8343793153762817,0.00958251953125,0.0271504707634449,0.0010647244052961469
1883573291837,0.9481039047241211,-9.780314445495605,0.7996633648872375,0.010381062515079975,0.02422248013317585,0.0031941730994731188
1883574529100,0.9217676520347595,-9.774328231811523,0.8164227604866028,0.0090501569211483,0.0252872034907341,-0.0015970865497365594
1883575766375,0.9397241473197937,-9.767146110534668,0.8224083185195923,0.010647243820130825,0.0220930315554142,0.0002661811013240367
1883577003625,0.9277531504631042,-9.736021041870117,0.811634361743927,0.01357523538172245,0.0157046839594841,0.004791259765625
1883578240900,0.93254154920578,-9.77672290802002,0.8056488633155823,0.00984870083630085,0.0220930315554142,0.0031941730994731188
1883579478150,0.9397241473197937,-9.795876502990723,0.788889467716217,0.010114881210029125,0.02608574740588665,0.0023956298828125
1883580715437,0.9421183466911316,-9.765949249267578,0.8068459630012512,0.008783976547420025,0.02182685025036335,-0.0023956298828125
1883581952687,0.9600749015808105,-9.77672290802002,0.7781155705451965,0.010381062515079975,0.0186326764523983,0.0005323622026480734
1883583189962,0.9253589510917664,-9.77672290802002,0.8008604645729065,0.005855984054505825,0.0191650390625,0.0023956298828125
1883584427212,0.9253589510917664,-9.763554573059082,0.767341673374176,0.0063883461989462376,0.0220930315554142,0.0
1883585664500,0.9253589510917664,-9.783905029296875,0.7697358727455139,0.010647243820130825,0.0191650390625,0.005057440605014563
1883586901762,0.9397241473197937,-9.769539833068848,0.7972691655158997,0.0119781494140625,0.0186326764523983,0.008517795242369175
1883588139037,0.9612720012664795,-9.793481826782227,0.7781155705451965,0.01117960549890995,0.0228915736079216,0.0053236219100654125
1883589376300,0.9349357485771179,-9.780314445495605,0.8020575642585754,0.0157046839594841,0.0215606689453125,0.0031941730994731188
1883590613550,0.950498104095459,-9.756372451782227,0.7948749661445618,0.010114881210029125,0.0215606689453125,0.00452507846057415
1883591850812,0.912190854549408,-9.77672290802002,0.7769184708595276,0.01224433071911335,0.02022976242005825,0.007985432632267475
1883593088087,0.94930100440979,-9.738415718078613,0.8343793153762817,0.0138414166867733,0.01889885775744915,0.0071868896484375
1883594325350,0.9181763529777527,-9.765949249267578,0.7769184708595276,0.013042873702943325,0.01463996060192585,0.0042588976211845875
1883595562625,0.9313444495201111,-9.783905029296875,0.7757213711738586,0.010647243820130825,0.0186326764523983,0.0018632676219567657
1883596799862,0.9636662006378174,-9.749189376831055,0.7721300721168518,0.014373779296875,0.015172322280704975,0.0071868896484375
1883598037137,0.9469068050384521,-9.77791976928711,0.8080430626869202,0.014906140975654125,0.01597086526453495,0.0002661811013240367
1883599274425,0.9600749015808105,-9.805453300476074,0.7936778664588928,0.01783413253724575,0.01171196810901165,0.0039927163161337376
1883600511662,0.9133879542350769,-9.768342971801758,0.8164227604866028,0.01357523538172245,0.012776692397892475,0.0042588976211845875
1883601748950,0.9074024558067322,-9.744400978088379,0.8092401623725891,0.01171196810901165,0.0173017717897892,0.005855984054505825
1883602986212,0.9624691009521484,-9.782708168029785,0.8523358106613159,0.01597086526453495,0.0157046839594841,0.0042588976211845875
1883604223475,0.9576807022094727,-9.792284965515137,0.828393816947937,0.015172322280704975,0.0119781494140625,0.0031941730994731188
1883605460737,0.94930100440979,-9.793481826782227,0.8008604645729065,0.01224433071911335,0.01410759799182415,0.007985432632267475
1883606698012,0.9744400978088379,-9.828198432922363,0.790086567401886,0.015438503585755825,0.010381062515079975,0.0119781494140625
1883607935262,0.9457097053527832,-9.800664901733398,0.7984662652015686,0.01783413253724575,0.01357523538172245,0.005057440605014563
1883609172537,0.9540894031524658,-9.807847023010254,0.8415619134902954,0.02076212503015995,0.0077192517928779125,0.005589802749454975
1883610409812,0.973242998123169,-9.831789016723633,0.8188169598579407,0.01463996060192585,0.010647243820130825,0.010114881210029125
1883611647050,0.9277531504631042,-9.805453300476074,0.790086567401886,0.01650322787463665,0.005057440605014563,0.008783976547420025
1883612884337,0.9145850539207458,-9.837775230407715,0.8307880163192749,0.0186326764523983,0.006122165359556675,0.00958251953125
1883614121600,0.9085995554924011,-9.818621635437012,0.7936778664588928,0.01410759799182415,0.014373779296875,0.0066545275039970875
1883615358875,0.9397241473197937,-9.855731010437012,0.8152256608009338,0.0191650390625,0.0071868896484375,0.00692070834338665
1883616596125,0.9469068050384521,-9.832986831665039,0.8164227604866028,0.0162370465695858,0.0077192517928779125,0.006122165359556675
1883617833400,0.9301473498344421,-9.848548889160156,0.8403648138046265,0.012776692397892475,0.010114881210029125,0.005855984054505825
1883619070662,0.9636662006378174,-9.827000617980957,0.8104372620582581,0.01756795309484005,0.007985432632267475,0.0114457868039608
1883620307912,0.9648633003234863,-9.84495735168457,0.7541735172271729,0.0162370465695858,0.006122165359556675,0.01171196810901165
1883621545175,0.9133879542350769,-9.821015357971191,0.7769184708595276,0.01224433071911335,0.00984870083630085,0.01224433071911335
1883622782450,0.950498104095459,-9.804256439208984,0.8056488633155823,0.015438503585755825,0.0066545275039970875,0.01117960549890995
1883624019700,0.9169792532920837,-9.822212219238281,0.7972691655158997,0.0204959437251091,0.0015970865497365594,0.013309055007994175
1883625256987,0.9433155059814453,-9.825803756713867,0.829590916633606,0.0186326764523983,0.0013309054775163531,0.0167694091796875
1883626494250,0.9193734526634216,-9.847352027893066,0.8044517636299133,0.01783413253724575,0.005855984054505825,0.0173017717897892
1883627731512,0.9445126056671143,-9.829395294189453,0.828393816947937,0.0210283063352108,0.0015970865497365594,0.015438503585755825
1883628968775,0.9564836025238037,-9.840168952941895,0.7793126702308655,0.012776692397892475,0.0018632676219567657,0.0167694091796875
1883630206050,0.910993754863739,-9.870096206665039,0.8307880163192749,0.00931633822619915,0.0013309054775163531,0.015438503585755825
1883631443325,0.9301473498344421,-9.860519409179688,0.8487445116043091,0.01410759799182415,0.0021294488105922937,0.0173017717897892
1883632680575,0.9193734526634216,-9.849745750427246,0.8415619134902954,0.015172322280704975,0.0029279920272529125,0.0173017717897892
1883633917850,0.9217676520347595,-9.84615421295166,0.8068459630012512,0.0223592109978199,-0.0007985432748682797,0.01943122036755085
1883635155112,0.9193734526634216,-9.874884605407715,0.8367735147476196,0.01597086526453495,0.0018632676219567657,0.0173017717897892
1883636392375,0.9217676520347595,-9.861717224121094,0.8523358106613159,0.014906140975654125,0.0002661811013240367,0.01703559048473835
1883637629637,0.8846575617790222,-9.909601211547852,0.8200140595436096,0.014906140975654125,0.0005323622026480734,0.01650322787463665
1883638866900,0.9301473498344421,-9.841365814208984,0.8271967172622681,0.012776692397892475,-0.0010647244052961469,0.0191650390625
1883640104162,0.93254154920578,-9.847352027893066,0.8403648138046265,0.0119781494140625,0.003460354171693325,0.0186326764523983
1883641341425,0.9588778018951416,-9.865307807922363,0.8176198601722717,0.0138414166867733,0.0002661811013240367,0.01597086526453495
1883642578700,0.9002198576927185,-9.853337287902832,0.8176198601722717,0.01357523538172245,-0.0053236219100654125,0.01836649514734745
1883643815962,0.9205705523490906,-9.824606895446777,0.829590916633606,0.0119781494140625,-0.004791259765625,0.0181003138422966
1883645053237,0.9193734526634216,-9.850942611694336,0.8020575642585754,0.0119781494140625,-0.0042588976211845875,0.0215606689453125
1883646290487,0.9361328482627869,-9.834183692932129,0.8451532125473022,0.012510511092841625,-0.00452507846057415,0.02022976242005825
1883647527762,0.912190854549408,-9.891644477844238,0.8224083185195923,0.00958251953125,0.0002661811013240367,0.02129448764026165
1883648765025,0.888248860836029,-9.84495735168457,0.8248025178909302,0.00984870083630085,-0.0037265352439135313,0.0215606689453125
1883650002287,0.8930372595787048,-9.86889934539795,0.790086567401886,0.0119781494140625,-0.0063883461989462376,0.01889885775744915
1883651239525,0.8942343592643738,-9.886856079101562,0.8403648138046265,0.012510511092841625,-0.0042588976211845875,0.0186326764523983
1883652476825,0.9074024558067322,-9.86650562286377,0.8391677141189575,0.01224433071911335,-0.008251613937318325,0.01783413253724575
1883653714087,0.8954314589500427,-9.891644477844238,0.7745242714881897,0.0119781494140625,-0.01224433071911335,0.0210283063352108
1883654951362,0.9085995554924011,-9.898826599121094,0.7960720658302307,0.012776692397892475,-0.007985432632267475,0.0223592109978199
1883656188600,0.9026140570640564,-9.886856079101562,0.829590916633606,0.010381062515079975,-0.008783976547420025,0.01943122036755085
1883657425862,0.9157821536064148,-9.894038200378418,0.8044517636299133,0.0063883461989462376,-0.008251613937318325,0.0210283063352108
1883658663150,0.8966285586357117,-9.894038200378418,0.8092401623725891,0.008517795242369175,-0.00452507846057415,0.0252872034907341
1883659900425,0.8846575617790222,-9.907206535339355,0.8104372620582581,0.013042873702943325,-0.0053236219100654125,0.0258195661008358
1883661137700,0.9277531504631042,-9.882067680358887,0.811634361743927,0.012776692397892475,-0.008783976547420025,0.0220930315554142
1883662374950,0.8870517611503601,-9.9000244140625,0.7960720658302307,0.00984870083630085,-0.0071868896484375,0.02076212503015995
1883663612200,0.9145850539207458,-9.90241813659668,0.767341673374176,0.0071868896484375,-0.00984870083630085,0.0234239362180233
1883664849475,0.8966285586357117,-9.888052940368652,0.7697358727455139,0.0077192517928779125,-0.008783976547420025,0.02262539230287075
1883666086750,0.8738836050033569,-9.922768592834473,0.8212112188339233,0.00452507846057415,-0.007985432632267475,0.01943122036755085
1883667324000,0.872686505317688,-9.896432876586914,0.7972691655158997,0.0037265352439135313,-0.008251613937318325,0.02262539230287075
1883668561275,0.8391677141189575,-9.890447616577148,0.8212112188339233,0.003460354171693325,-0.013042873702943325,0.02741665206849575
1883669798525,0.8595184087753296,-9.926360130310059,0.7852981686592102,0.0021294488105922937,-0.008517795242369175,0.02315775491297245
1883671035812,0.851138710975647,-9.920374870300293,0.812831461429596,0.0039927163161337376,-0.0066545275039970875,0.023956298828125
1883672273062,0.8846575617790222,-9.919178009033203,0.8391677141189575,-0.0023956298828125,-0.012776692397892475,0.0300784632563591
1883673510312,0.8774749040603638,-9.922768592834473,0.7697358727455139,-0.0039927163161337376,-0.010647243820130825,0.0247548408806324
1883674747600,0.8643068075180054,-9.916783332824707,0.7745242714881897,-0.0021294488105922937,-0.010913425125181675,0.0282151959836483
1883675984862,0.8523358106613159,-9.891644477844238,0.790086567401886,-0.0002661811013240367,-0.012776692397892475,0.03034464456140995
1883677222125,0.8810662031173706,-9.909601211547852,0.8044517636299133,-0.0005323622026480734,-0.01597086526453495,0.0271504707634449
1883678459400,0.8774749040603638,-9.888052940368652,0.8080430626869202,-0.0029279920272529125,-0.01410759799182415,0.0271504707634449
1883679696637,0.8451532125473022,-9.876082420349121,0.790086567401886,-0.0021294488105922937,-0.010913425125181675,0.02369011752307415
1883680933937,0.8738836050033569,-9.90361499786377,0.8176198601722717,-0.0042588976211845875,-0.010913425125181675,0.0247548408806324
1883682171187,0.9050082564353943,-9.897629737854004,0.8355764150619507,-0.0042588976211845875,-0.01224433071911335,0.02369011752307415
1883683408462,0.8643068075180054,-9.877279281616211,0.8571242094039917,-0.00692070834338665,-0.012510511092841625,0.0276828333735466
1883684645712,0.8798691034317017,-9.885659217834473,0.8068459630012512,-0.008517795242369175,-0.012510511092841625,0.02741665206849575
1883685882987,0.889445960521698,-9.882067680358887,0.7745242714881897,-0.0021294488105922937,-0.01357523538172245,0.02661811001598835
1883687120237,0.8762778043746948,-9.841365814208984,0.8248025178909302,0.0010647244052961469,-0.015172322280704975,0.03034464456140995
1883688357525,0.8798691034317017,-9.873687744140625,0.8104372620582581,-0.00984870083630085,-0.0162370465695858,0.02981228195130825
1883689594775,0.8810662031173706,-9.865307807922363,0.7805097699165344,-0.00958251953125,-0.00984870083630085,0.0306108258664608
1883690832037,0.8487445116043091,-9.838972091674805,0.8355764150619507,-0.005589802749454975,-0.01357523538172245,0.02661811001598835
1883692069325,0.8535329103469849,-9.86770248413086,0.8355764150619507,-0.005855984054505825,-0.01943122036755085,0.0311431884765625
1883693306575,0.8870517611503601,-9.848548889160156,0.851138710975647,-0.00452507846057415,-0.015172322280704975,0.0348697230219841
1883694543850,0.8774749040603638,-9.850942611694336,0.8092401623725891,-0.008517795242369175,-0.01463996060192585,0.0322079136967659
1883695781112,0.8487445116043091,-9.84495735168457,0.788889467716217,-0.007985432632267475,-0.01756795309484005,0.0306108258664608
1883697018375,0.8667010068893433,-9.873687744140625,0.8523358106613159,-0.007985432632267475,-0.01410759799182415,0.0300784632563591
1883698255625,0.8595184087753296,-9.855731010437012,0.8068459630012512,-0.007453070487827063,-0.0186326764523983,0.0322079136967659
1883699492912,0.8571242094039917,-9.86889934539795,0.8631097078323364,-0.005057440605014563,-0.0138414166867733,0.033538818359375
1883700730175,0.888248860836029,-9.84495735168457,0.8044517636299133,-0.00958251953125,-0.015172322280704975,0.0324740931391716
1883701967437,0.8379706144332886,-9.800664901733398,0.8164227604866028,-0.0063883461989462376,-0.01889885775744915,0.0369991734623909
1883703204700,0.8152256608009338,-9.834183692932129,0.8259996175765991,-0.0077192517928779125,-0.014906140975654125,0.0362006276845932
1883704441962,0.8355764150619507,-9.828198432922363,0.812831461429596,-0.013042873702943325,-0.0114457868039608,0.0367329902946949
1883705679225,0.8535329103469849,-9.831789016723633,0.8224083185195923,-0.00958251953125,-0.01117960549890995,0.0372653529047966
1883706916500,0.8559271097183228,-9.823410034179688,0.8319851160049438,-0.0063883461989462376,-0.010913425125181675,0.0330064557492733
1883708153750,0.8738836050033569,-9.829395294189453,0.8044517636299133,-0.0090501569211483,-0.01650322787463665,0.0375315360724926
1883709391025,0.8391677141189575,-9.806650161743164,0.829590916633606,-0.01171196810901165,-0.0167694091796875,0.0391286201775074
1883710628287,0.8355764150619507,-9.80904483795166,0.8176198601722717,-0.0090501569211483,-0.01996358297765255,0.0417904332280159
1883711865550,0.8248025178909302,-9.799468040466309,0.7721300721168518,-0.0063883461989462376,-0.02422248013317585,0.0415242500603199
1883713102825,0.8571242094039917,-9.825803756713867,0.7829039692878723,-0.005589802749454975,-0.0204959437251091,0.043121337890625
1883714340062,0.8319851160049438,-9.797073364257812,0.8164227604866028,-0.00958251953125,-0.01836649514734745,0.038063894957304
1883715577362,0.8140285611152649,-9.804256439208984,0.7805097699165344,-0.007453070487827063,-0.01889885775744915,0.0391286201775074
1883716814612,0.8104372620582581,-9.873687744140625,0.7876923680305481,-0.0090501569211483,-0.0167694091796875,0.0391286201775074
1883718051900,0.828393816947937,-9.84495735168457,0.8164227604866028,-0.00958251953125,-0.02022976242005825,0.0420566126704216
1883719289150,0.8271967172622681,-9.822212219238281,0.8080430626869202,-0.00958251953125,-0.0196974016726017,0.038330078125
1883720526425,0.8140285611152649,-9.86770248413086,0.8188169598579407,-0.010114881210029125,-0.01943122036755085,0.0362006276845932
1883721763687,0.8164227604866028,-9.824606895446777,0.8092401623725891,-0.0071868896484375,-0.01996358297765255,0.0377977155148983
1883723000950,0.8080430626869202,-9.825803756713867,0.7469909191131592,-0.00931633822619915,-0.0196974016726017,0.0391286201775074
1883724238200,0.8355764150619507,-9.825803756713867,0.7493851184844971,-0.01463996060192585,-0.01650322787463665,0.0359344482421875
1883725475487,0.8271967172622681,-9.86650562286377,0.8008604645729065,-0.0119781494140625,-0.02129448764026165,0.0385962575674057
1883726712737,0.8451532125473022,-9.848548889160156,0.7876923680305481,-0.0138414166867733,-0.02262539230287075,0.0372653529047966
1883727950000,0.872686505317688,-9.891644477844238,0.7565677165985107,-0.012776692397892475,-0.01943122036755085,0.0393948033452034
1883729187275,0.8427590131759644,-9.861717224121094,0.7529764175415039,-0.012776692397892475,-0.0162370465695858,0.0417904332280159
1883730424550,0.8271967172622681,-9.838972091674805,0.8008604645729065,-0.0138414166867733,-0.01943122036755085,0.0436537005007267
1883731661800,0.8427590131759644,-9.834183692932129,0.8595184087753296,-0.0114457868039608,-0.0173017717897892,0.0372653529047966
1883732899062,0.851138710975647,-9.882067680358887,0.7852981686592102,-0.01224433071911335,-0.01703559048473835,0.0407257080078125
1883734136325,0.8307880163192749,-9.824606895446777,0.8176198601722717,-0.0162370465695858,-0.0167694091796875,0.0388624407351017
1883735373600,0.8343793153762817,-9.825803756713867,0.7984662652015686,-0.0157046839594841,-0.0167694091796875,0.038063894957304
1883736610862,0.8439561128616333,-9.853337287902832,0.8164227604866028,-0.012510511092841625,-0.012510511092841625,0.0348697230219841
1883737848137,0.8164227604866028,-9.837775230407715,0.8212112188339233,-0.0090501569211483,-0.01703559048473835,0.0362006276845932
1883739085387,0.8104372620582581,-9.822212219238281,0.8164227604866028,-0.01650322787463665,-0.0210283063352108,0.0367329902946949
1883740322662,0.811634361743927,-9.825803756713867,0.7984662652015686,-0.01996358297765255,-0.01996358297765255,0.0377977155148983
1883741559912,0.7757213711738586,-9.858125686645508,0.7769184708595276,-0.015438503585755825,-0.0186326764523983,0.0359344482421875
1883742797212,0.7996633648872375,-9.813833236694336,0.812831461429596,-0.01224433071911335,-0.01224433071911335,0.0324740931391716
1883744034475,0.7565677165985107,-9.841365814208984,0.8092401623725891,-0.014906140975654125,-0.014906140975654125,0.0306108258664608
1883745271725,0.7733271718025208,-9.838972091674805,0.7805097699165344,-0.0138414166867733,-0.0181003138422966,0.0324740931391716
1883746508987,0.788889467716217,-9.832986831665039,0.7912836670875549,-0.0138414166867733,-0.01783413253724575,0.0338049978017807
1883747746250,0.8140285611152649,-9.847352027893066,0.7912836670875549,-0.01357523538172245,-0.0119781494140625,0.0306108258664608
1883748983537,0.7362170219421387,-9.877279281616211,0.7697358727455139,-0.013042873702943325,-0.0157046839594841,0.0354020856320858
1883750220787,0.7637503743171692,-9.848548889160156,0.8176198601722717,-0.0162370465695858,-0.012776692397892475,0.0306108258664608
1883751458075,0.767341673374176,-9.840168952941895,0.8044517636299133,-0.01756795309484005,-0.013042873702943325,0.02901373989880085
1883752695337,0.8140285611152649,-9.86889934539795,0.768538773059845,-0.0204959437251091,-0.01117960549890995,0.03034464456140995
1883753932587,0.7936778664588928,-9.848548889160156,0.7852981686592102,-0.02129448764026165,-0.01224433071911335,0.02794901467859745
1883755169837,0.7649474740028381,-9.852140426635742,0.7972691655158997,-0.0167694091796875,-0.010913425125181675,0.0351359061896801
1883756407137,0.7469909191131592,-9.84615421295166,0.812831461429596,-0.0173017717897892,-0.01171196810901165,0.0316755510866642
1883757644387,0.7553706169128418,-9.858125686645508,0.767341673374176,-0.012776692397892475,-0.007453070487827063,0.02555338479578495
1883758881650,0.7745242714881897,-9.836577415466309,0.7529764175415039,-0.01597086526453495,-0.0066545275039970875,0.0263519287109375
1883760118912,0.7553706169128418,-9.840168952941895,0.7829039692878723,-0.01996358297765255,-0.010647243820130825,0.02369011752307415
1883761356187,0.788889467716217,-9.855731010437012,0.7805097699165344,-0.01996358297765255,-0.010913425125181675,0.0247548408806324
1883762593437,0.7805097699165344,-9.8784761428833,0.8032546639442444,-0.01996358297765255,-0.01224433071911335,0.02422248013317585
1883763830725,0.7852981686592102,-9.861717224121094,0.7565677165985107,-0.0220930315554142,-0.010114881210029125,0.02129448764026165
1883765067987,0.8044517636299133,-9.891644477844238,0.7697358727455139,-0.02502102218568325,-0.01357523538172245,0.02422248013317585
1883766305250,0.7936778664588928,-9.889249801635742,0.7541735172271729,-0.02369011752307415,-0.010913425125181675,0.02874755859375
1883767542512,0.7709329724311829,-9.86889934539795,0.828393816947937,-0.02129448764026165,-0.006122165359556675,0.02182685025036335
1883768779800,0.7613561749458313,-9.855731010437012,0.751779317855835,-0.02182685025036335,-0.008251613937318325,0.02076212503015995
1883770017037,0.8080430626869202,-9.860519409179688,0.7661445736885071,-0.02315775491297245,-0.007453070487827063,0.023956298828125
1883771254300,0.729034423828125,-9.870096206665039,0.790086567401886,-0.02315775491297245,-0.0077192517928779125,0.0228915736079216
1883772491587,0.7876923680305481,-9.841365814208984,0.7553706169128418,-0.02901373989880085,-0.00692070834338665,0.01703559048473835
1883773728850,0.7769184708595276,-9.864110946655273,0.7589619159698486,-0.0252872034907341,-0.0071868896484375,0.0204959437251091
1883774966100,0.750582218170166,-9.861717224121094,0.7422025203704834,-0.0215606689453125,-0.0053236219100654125,0.01756795309484005
1883776203387,0.751779317855835,-9.874884605407715,0.790086567401886,-0.0244886614382267,-0.0029279920272529125,0.015438503585755825
1883777440650,0.788889467716217,-9.840168952941895,0.8020575642585754,-0.0258195661008358,-0.0053236219100654125,0.0191650390625
1883778677912,0.7948749661445618,-9.830592155456543,0.7565677165985107,-0.02794901467859745,-0.006122165359556675,0.01836649514734745
1883779915162,0.7637503743171692,-9.855731010437012,0.7733271718025208,-0.0244886614382267,-0.0021294488105922937,0.01597086526453495
1883781152437,0.8068459630012512,-9.860519409179688,0.7422025203704834,-0.02608574740588665,-0.0053236219100654125,0.01783413253724575
1883782389700,0.7829039692878723,-9.838972091674805,0.751779317855835,-0.0268842913210392,-0.008783976547420025,0.0191650390625
1883783626975,0.7924807667732239,-9.829395294189453,0.7398083209991455,-0.0282151959836483,0.0026618109550327063,0.01463996060192585
1883784864250,0.7769184708595276,-9.836577415466309,0.7661445736885071,-0.02182685025036335,0.0007985432748682797,0.013309055007994175
1883786101512,0.7661445736885071,-9.836577415466309,0.7266402244567871,-0.02794901467859745,-0.0031941730994731188,0.01117960549890995
1883787338762,0.7541735172271729,-9.865307807922363,0.7386112213134766,-0.0247548408806324,-0.0010647244052961469,0.01357523538172245
1883788576025,0.7433996200561523,-9.850942611694336,0.7649474740028381,-0.0252872034907341,0.0018632676219567657,0.0167694091796875
1883789813300,0.8008604645729065,-9.827000617980957,0.7601590752601624,-0.0263519287109375,0.0005323622026480734,0.01410759799182415
1883791050562,0.7996633648872375,-9.836577415466309,0.768538773059845,-0.0263519287109375,0.0037265352439135313,0.010114881210029125
1883792287825,0.7374141216278076,-9.817423820495605,0.7709329724311829,-0.0244886614382267,0.0023956298828125,0.010114881210029125
1883793525087,0.7601590752601624,-9.828198432922363,0.7721300721168518,-0.0282151959836483,-0.0007985432748682797,0.00984870083630085
1883794762362,0.7936778664588928,-9.828198432922363,0.7422025203704834,-0.02874755859375,-0.0018632676219567657,0.00931633822619915
1883795999650,0.7709329724311829,-9.834183692932129,0.7457938194274902,-0.02661811001598835,0.0021294488105922937,0.0138414166867733
1883797236875,0.7589619159698486,-9.849745750427246,0.7577648162841797,-0.02661811001598835,0.0042588976211845875,0.015172322280704975
1883798474162,0.7781155705451965,-9.84256362915039,0.7745242714881897,-0.02741665206849575,0.00452507846057415,0.012510511092841625
1883799711425,0.7457938194274902,-9.838972091674805,0.7625532746315002,-0.0295461006462574,0.00692070834338665,0.0114457868039608
1883800948700,0.8140285611152649,-9.823410034179688,0.7577648162841797,-0.02901373989880085,0.00692070834338665,0.0090501569211483
1883802185962,0.7805097699165344,-9.834183692932129,0.7326257228851318,-0.02874755859375,0.00958251953125,0.00958251953125
1883803423212,0.767341673374176,-9.771934509277344,0.7745242714881897,-0.0306108258664608,0.0090501569211483,0.008517795242369175
1883804660487,0.7924807667732239,-9.805453300476074,0.7709329724311829,-0.0268842913210392,0.007985432632267475,0.0090501569211483
1883805897750,0.8008604645729065,-9.817423820495605,0.7338228225708008,-0.0282151959836483,0.0063883461989462376,0.010913425125181675
1883807135025,0.8403648138046265,-9.821015357971191,0.750582218170166,-0.02555338479578495,0.0090501569211483,0.010114881210029125
1883808372287,0.7649474740028381,-9.764751434326172,0.7817068696022034,-0.0276828333735466,0.007453070487827063,0.005057440605014563
1883809609537,0.7984662652015686,-9.816226959228516,0.7254431247711182,-0.0223592109978199,0.0063883461989462376,0.01171196810901165
1883810846825,0.7984662652015686,-9.765949249267578,0.7493851184844971,-0.02369011752307415,0.007985432632267475,0.010114881210029125
1883812084075,0.812831461429596,-9.797073364257812,0.7398083209991455,-0.0271504707634449,0.010913425125181675,0.010913425125181675
1883813321350,0.7936778664588928,-9.783905029296875,0.7254431247711182,-0.0247548408806324,0.00984870083630085,0.012510511092841625
1883814558625,0.8379706144332886,-9.816226959228516,0.7589619159698486,-0.02262539230287075,0.008517795242369175,0.01357523538172245
1883815795875,0.8020575642585754,-9.783905029296875,0.790086567401886,-0.0247548408806324,0.00931633822619915,0.010114881210029125
1883817033150,0.811634361743927,-9.780314445495605,0.7565677165985107,-0.02182685025036335,0.010114881210029125,0.010647243820130825
1883818270425,0.788889467716217,-9.813833236694336,0.7817068696022034,-0.01996358297765255,0.0119781494140625,0.0090501569211483
1883819507687,0.8200140595436096,-9.792284965515137,0.7422025203704834,-0.0228915736079216,0.013042873702943325,0.0114457868039608
1883820744950,0.8032546639442444,-9.768342971801758,0.7242460250854492,-0.0173017717897892,0.01410759799182415,0.01463996060192585
1883821982212,0.8200140595436096,-9.81263542175293,0.7529764175415039,-0.01597086526453495,0.0157046839594841,0.0114457868039608
1883823219462,0.7864952683448792,-9.800664901733398,0.7457938194274902,-0.02129448764026165,0.01410759799182415,0.010381062515079975
1883824456737,0.7876923680305481,-9.800664901733398,0.7422025203704834,-0.01889885775744915,0.01224433071911335,0.01171196810901165
1883825694000,0.8200140595436096,-9.81263542175293,0.7637503743171692,-0.0167694091796875,0.01410759799182415,0.01117960549890995
1883826931262,0.8439561128616333,-9.769539833068848,0.7422025203704834,-0.015438503585755825,0.01889885775744915,0.0119781494140625
1883828168537,0.8463503122329712,-9.783905029296875,0.7410054206848145,-0.01650322787463665,0.010114881210029125,0.01703559048473835
1883829405787,0.8080430626869202,-9.782708168029785,0.7553706169128418,-0.015172322280704975,0.0090501569211483,0.013042873702943325
1883830643050,0.8152256608009338,-9.816226959228516,0.7445967197418213,-0.01224433071911335,0.014373779296875,0.01117960549890995
1883831880337,0.8271967172622681,-9.794679641723633,0.730231523513794,-0.010114881210029125,0.0162370465695858,0.01171196810901165
1883833117612,0.851138710975647,-9.745597839355469,0.7266402244567871,-0.008251613937318325,0.014373779296875,0.01996358297765255
1883834354875,0.8355764150619507,-9.783905029296875,0.7410054206848145,-0.006122165359556675,0.01357523538172245,0.0157046839594841
1883835592137,0.7817068696022034,-9.792284965515137,0.7553706169128418,-0.0071868896484375,0.01703559048473835,0.012510511092841625
1883836829387,0.8307880163192749,-9.746795654296875,0.7457938194274902,-0.0071868896484375,0.01597086526453495,0.01117960549890995
1883838066662,0.8379706144332886,-9.768342971801758,0.7266402244567871,-0.0063883461989462376,0.01756795309484005,0.013042873702943325
1883839303937,0.8032546639442444,-9.759963035583496,0.7697358727455139,-0.00931633822619915,0.015172322280704975,0.013042873702943325
1883840541212,0.8403648138046265,-9.730035781860352,0.767341673374176,-0.005589802749454975,0.010913425125181675,0.010913425125181675
1883841778462,0.8343793153762817,-9.767146110534668,0.7314286231994629,0.0021294488105922937,0.01836649514734745,0.01171196810901165
1883843015725,0.8176198601722717,-9.75278091430664,0.7817068696022034,-0.0013309054775163531,0.0181003138422966,0.010913425125181675
1883844253000,0.8547300100326538,-9.794679641723633,0.7661445736885071,-0.0053236219100654125,0.0220930315554142,0.010647243820130825
1883845490275,0.8307880163192749,-9.774328231811523,0.7781155705451965,-0.0023956298828125,0.0191650390625,0.013042873702943325
1883846727525,0.8607155084609985,-9.781511306762695,0.7182605266571045,0.0013309054775163531,0.015438503585755825,0.00984870083630085
1883847964800,0.8248025178909302,-9.762357711791992,0.7422025203704834,0.0013309054775163531,0.0186326764523983,0.008783976547420025
1883849202062,0.8355764150619507,-9.800664901733398,0.7972691655158997,0.0015970865497365594,0.01756795309484005,0.01117960549890995
1883850439325,0.7912836670875549,-9.767146110534668,0.750582218170166,0.0018632676219567657,0.01597086526453495,0.01410759799182415
1883851676587,0.8152256608009338,-9.761160850524902,0.7601590752601624,0.0026618109550327063,0.02022976242005825,0.01463996060192585
1883852913875,0.8583213090896606,-9.750386238098145,0.751779317855835,0.0007985432748682797,0.0173017717897892,0.012776692397892475
1883854151125,0.8523358106613159,-9.75158405303955,0.7410054206848145,-0.0039927163161337376,0.01357523538172245,0.01703559048473835
1883855388387,0.8271967172622681,-9.789891242980957,0.7242460250854492,0.0018632676219567657,0.01943122036755085,0.013042873702943325
1883856625662,0.8523358106613159,-9.795876502990723,0.7350199222564697,0.0071868896484375,0.0228915736079216,0.010114881210029125
1883857862912,0.8403648138046265,-9.757569313049316,0.7589619159698486,0.005855984054505825,0.0204959437251091,0.0157046839594841
1883859100175,0.8080430626869202,-9.791088104248047,0.7398083209991455,0.00452507846057415,0.0191650390625,0.0157046839594841
1883860337450,0.8463503122329712,-9.763554573059082,0.7134721279144287,0.006122165359556675,0.0186326764523983,0.008783976547420025
1883861574725,0.8224083185195923,-9.774328231811523,0.7553706169128418,0.0090501569211483,0.015172322280704975,0.00984870083630085
1883862812012,0.8307880163192749,-9.75397777557373,0.7362170219421387,0.013309055007994175,0.015438503585755825,0.013309055007994175
1883864049250,0.8475474119186401,-9.75397777557373,0.7326257228851318,0.010114881210029125,0.0196974016726017,0.014906140975654125
1883865286512,0.8164227604866028,-9.745597839355469,0.7374141216278076,0.008251613937318325,0.0181003138422966,0.015172322280704975
1883866523787,0.871489405632019,-9.782708168029785,0.7565677165985107,0.013309055007994175,0.02022976242005825,0.013309055007994175
1883867761050,0.8259996175765991,-9.786299705505371,0.7146692276000977,0.0162370465695858,0.0223592109978199,0.0114457868039608
1883868998312,0.8343793153762817,-9.78869342803955,0.7936778664588928,0.01117960549890995,0.01650322787463665,0.00984870083630085
1883870235575,0.8415619134902954,-9.793481826782227,0.7829039692878723,0.008783976547420025,0.01996358297765255,0.010114881210029125
1883871472850,0.8475474119186401,-9.7791166305542,0.7649474740028381,0.00958251953125,0.01756795309484005,0.0119781494140625
1883872710112,0.8523358106613159,-9.792284965515137,0.7457938194274902,0.013042873702943325,0.015172322280704975,0.0162370465695858
1883873947387,0.8188169598579407,-9.78869342803955,0.7098808288574219,0.0119781494140625,0.02076212503015995,0.01357523538172245
1883875184650,0.8619126081466675,-9.768342971801758,0.7984662652015686,0.010913425125181675,0.0210283063352108,0.01224433071911335
1883876421912,0.8140285611152649,-9.793481826782227,0.7410054206848145,0.01650322787463665,0.0234239362180233,0.0114457868039608
1883877659175,0.8786720037460327,-9.816226959228516,0.7422025203704834,0.01224433071911335,0.02315775491297245,0.0090501569211483
1883878896450,0.8631097078323364,-9.792284965515137,0.7589619159698486,0.01357523538172245,0.01996358297765255,0.010913425125181675
1883880133712,0.8391677141189575,-9.77791976928711,0.7589619159698486,0.01410759799182415,0.01943122036755085,0.008783976547420025
1883881370975,0.8547300100326538,-9.785102844238281,0.7960720658302307,0.01171196810901165,0.02022976242005825,0.01224433071911335
1883882608237,0.8547300100326538,-9.787496566772461,0.7793126702308655,0.0167694091796875,0.01650322787463665,0.01224433071911335
1883883845500,0.8487445116043091,-9.738415718078613,0.7553706169128418,0.01357523538172245,0.0162370465695858,0.008783976547420025
1883885082787,0.8678981065750122,-9.774328231811523,0.7793126702308655,0.015172322280704975,0.01783413253724575,0.012776692397892475
1883886320037,0.8271967172622681,-9.770737648010254,0.7613561749458313,0.01597086526453495,0.01597086526453495,0.01410759799182415
1883887557312,0.9074024558067322,-9.793481826782227,0.7721300721168518,0.0162370465695858,0.01703559048473835,0.00958251953125
1883888794575,0.851138710975647,-9.7791166305542,0.7817068696022034,0.015172322280704975,0.01943122036755085,0.01357523538172245
1883890031850,0.8631097078323364,-9.813833236694336,0.7541735172271729,0.015172322280704975,0.0204959437251091,0.014373779296875
1883891269100,0.851138710975647,-9.785102844238281,0.7410054206848145,0.01756795309484005,0.0215606689453125,0.0063883461989462376
1883892506375,0.8367735147476196,-9.798270225524902,0.7529764175415039,0.015172322280704975,0.0162370465695858,0.0173017717897892
1883893743637,0.8463503122329712,-9.804256439208984,0.6967126727104187,0.014373779296875,0.01597086526453495,0.01597086526453495
1883894980900,0.8655039072036743,-9.792284965515137,0.7338228225708008,0.02182685025036335,0.0157046839594841,0.014373779296875
1883896218162,0.8523358106613159,-9.822212219238281,0.7481880187988281,0.0167694091796875,0.015172322280704975,0.02182685025036335
1883897455462,0.8631097078323364,-9.798270225524902,0.7769184708595276,0.013309055007994175,0.01703559048473835,0.02022976242005825
1883898692712,0.8487445116043091,-9.817423820495605,0.750582218170166,0.015172322280704975,0.01463996060192585,0.01703559048473835
1883899929975,0.7996633648872375,-9.829395294189453,0.7649474740028381,0.01836649514734745,0.01117960549890995,0.01171196810901165
1883901167237,0.8439561128616333,-9.787496566772461,0.7529764175415039,0.0191650390625,0.0119781494140625,0.014373779296875
1883902404500,0.8738836050033569,-9.840168952941895,0.790086567401886,0.02076212503015995,0.01224433071911335,0.00984870083630085
1883903641775,0.8702923059463501,-9.801861763000488,0.7781155705451965,0.01996358297765255,0.01171196810901165,0.01783413253724575
1883904879062,0.8595184087753296,-9.822212219238281,0.7625532746315002,0.0181003138422966,0.010114881210029125,0.01783413253724575
1883906116300,0.8403648138046265,-9.829395294189453,0.7314286231994629,0.0181003138422966,0.010913425125181675,0.0138414166867733
1883907353575,0.8451532125473022,-9.850942611694336,0.7326257228851318,0.0181003138422966,0.014906140975654125,0.01783413253724575
1883908590862,0.889445960521698,-9.78869342803955,0.7613561749458313,0.01889885775744915,0.01224433071911335,0.0228915736079216
1883909828125,0.8415619134902954,-9.838972091674805,0.750582218170166,0.01836649514734745,0.0119781494140625,0.02262539230287075
1883911065375,0.8427590131759644,-9.813833236694336,0.7948749661445618,0.0167694091796875,0.014906140975654125,0.0186326764523983
1883912302637,0.8643068075180054,-9.849745750427246,0.7601590752601624,0.01783413253724575,0.01410759799182415,0.0167694091796875
1883913539912,0.8463503122329712,-9.828198432922363,0.7577648162841797,0.0162370465695858,0.012776692397892475,0.013309055007994175
1883914777162,0.8690952062606812,-9.828198432922363,0.8020575642585754,0.02022976242005825,0.008251613937318325,0.02076212503015995
1883916014437,0.849941611289978,-9.806650161743164,0.8188169598579407,0.01597086526453495,0.01117960549890995,0.01650322787463665
1883917251700,0.8523358106613159,-9.785102844238281,0.7422025203704834,0.0223592109978199,0.012776692397892475,0.0167694091796875
1883918488975,0.8427590131759644,-9.832986831665039,0.7613561749458313,0.02182685025036335,0.005589802749454975,0.02502102218568325
1883919726237,0.871489405632019,-9.807847023010254,0.7661445736885071,0.0173017717897892,0.0053236219100654125,0.0247548408806324
1883920963525,0.8427590131759644,-9.835380554199219,0.7613561749458313,0.01171196810901165,0.008517795242369175,0.0234239362180233
1883922200750,0.8271967172622681,-9.832986831665039,0.7924807667732239,0.013042873702943325,0.0066545275039970875,0.02076212503015995
1883923438037,0.8487445116043091,-9.813833236694336,0.7793126702308655,0.01783413253724575,0.0010647244052961469,0.01943122036755085
1883924675300,0.8475474119186401,-9.803058624267578,0.7793126702308655,0.0173017717897892,0.00692070834338665,0.02369011752307415
1883925912575,0.829590916633606,-9.75517463684082,0.7912836670875549,0.015438503585755825,0.00692070834338665,0.02422248013317585
1883927149862,0.8427590131759644,-9.824606895446777,0.7948749661445618,0.014906140975654125,0.004791259765625,0.0167694091796875
1883928387100,0.8702923059463501,-9.791088104248047,0.7398083209991455,0.01463996060192585,0.0013309054775163531,0.0191650390625
1883929624387,0.8583213090896606,-9.822212219238281,0.730231523513794,0.01597086526453495,0.0007985432748682797,0.01703559048473835
1883930861650,0.812831461429596,-9.827000617980957,0.7422025203704834,0.0167694091796875,0.00958251953125,0.0191650390625
1883932098900,0.849941611289978,-9.815030097961426,0.7841010689735413,0.02182685025036335,0.010114881210029125,0.02369011752307415
1883933336162,0.8930372595787048,-9.854534149169922,0.7829039692878723,0.02129448764026165,0.0026618109550327063,0.0247548408806324
1883934573450,0.8738836050033569,-9.853337287902832,0.7757213711738586,0.01756795309484005,-0.0005323622026480734,0.0186326764523983
1883935810700,0.8140285611152649,-9.853337287902832,0.7781155705451965,0.014906140975654125,0.0005323622026480734,0.01943122036755085
1883937047962,0.8523358106613159,-9.859322547912598,0.8032546639442444,0.014906140975654125,0.0018632676219567657,0.0204959437251091
1883938285237,0.8391677141189575,-9.835380554199219,0.7781155705451965,0.0191650390625,-0.0015970865497365594,0.0220930315554142
1883939522500,0.8523358106613159,-9.785102844238281,0.7697358727455139,0.0181003138422966,-0.0005323622026480734,0.02182685025036335
1883940759762,0.8403648138046265,-9.838972091674805,0.7625532746315002,0.01117960549890995,0.0002661811013240367,0.02315775491297245
1883941997050,0.8595184087753296,-9.840168952941895,0.7864952683448792,0.01650322787463665,0.0010647244052961469,0.0215606689453125
1883943234300,0.828393816947937,-9.80904483795166,0.7362170219421387,0.0181003138422966,-0.0007985432748682797,0.02555338479578495
1883944471587,0.8451532125473022,-9.84495735168457,0.767341673374176,0.01597086526453495,-0.0031941730994731188,0.02369011752307415
1883945708812,0.8331822156906128,-9.836577415466309,0.7817068696022034,0.01224433071911335,-0.00692070834338665,0.01996358297765255
1883946946100,0.8690952062606812,-9.818621635437012,0.7781155705451965,0.01410759799182415,-0.0037265352439135313,0.02262539230287075
1883948183362,0.8475474119186401,-9.834183692932129,0.7852981686592102,0.0157046839594841,-0.0010647244052961469,0.0263519287109375
1883949420637,0.8463503122329712,-9.84495735168457,0.750582218170166,0.01410759799182415,-0.0053236219100654125,0.0247548408806324
1883950657912,0.8224083185195923,-9.835380554199219,0.790086567401886,0.012776692397892475,-0.0039927163161337376,0.02022976242005825
1883951895175,0.8487445116043091,-9.84256362915039,0.7649474740028381,0.01357523538172245,-0.005057440605014563,0.0204959437251091
1883953132437,0.8415619134902954,-9.86889934539795,0.7829039692878723,0.014906140975654125,-0.004791259765625,0.02315775491297245
1883954369725,0.8475474119186401,-9.865307807922363,0.812831461429596,0.010647243820130825,-0.0007985432748682797,0.0271504707634449
1883955606975,0.8702923059463501,-9.822212219238281,0.8008604645729065,0.0090501569211483,0.0018632676219567657,0.02608574740588665
1883956844237,0.8092401623725891,-9.84495735168457,0.788889467716217,0.0077192517928779125,-0.0013309054775163531,0.0210283063352108
1883958081512,0.8367735147476196,-9.817423820495605,0.7805097699165344,0.01410759799182415,-0.005855984054505825,0.02502102218568325
1883959318762,0.7984662652015686,-9.850942611694336,0.7841010689735413,0.014373779296875,-0.0090501569211483,0.02422248013317585
1883960556037,0.8080430626869202,-9.792284965515137,0.7781155705451965,0.0114457868039608,-0.0063883461989462376,0.02422248013317585
1883961793312,0.8595184087753296,-9.872490882873535,0.8104372620582581,0.014373779296875,-0.007985432632267475,0.0244886614382267
1883963030550,0.788889467716217,-9.81263542175293,0.8164227604866028,0.0138414166867733,-0.007453070487827063,0.0228915736079216
1883964267837,0.8152256608009338,-9.817423820495605,0.7529764175415039,0.01357523538172245,-0.0063883461989462376,0.01783413253724575
1883965505100,0.8427590131759644,-9.807847023010254,0.7936778664588928,0.01357523538172245,-0.008517795242369175,0.0204959437251091
1883966742350,0.8439561128616333,-9.81024169921875,0.8008604645729065,0.0138414166867733,-0.00692070834338665,0.0263519287109375
1883967979650,0.8259996175765991,-9.84376049041748,0.828393816947937,0.013309055007994175,-0.012510511092841625,0.02315775491297245
1883969216912,0.7852981686592102,-9.848548889160156,0.828393816947937,0.012776692397892475,-0.0114457868039608,0.0173017717897892
1883970454175,0.8008604645729065,-9.864110946655273,0.8152256608009338,0.010913425125181675,-0.00958251953125,0.0162370465695858
1883971691450,0.8439561128616333,-9.84495735168457,0.7781155705451965,0.012776692397892475,-0.00958251953125,0.02422248013317585
1883972928712,0.8044517636299133,-9.847352027893066,0.8331822156906128,0.01357523538172245,-0.0018632676219567657,0.01836649514734745
1883974165962,0.8355764150619507,-9.84495735168457,0.7781155705451965,0.008517795242369175,-0.0029279920272529125,0.0167694091796875
1883975403225,0.8044517636299133,-9.880870819091797,0.8080430626869202,0.0119781494140625,-0.0119781494140625,0.02502102218568325
1883976640500,0.7960720658302307,-9.861717224121094,0.8212112188339233,0.014373779296875,-0.00958251953125,0.0210283063352108
1883977877775,0.8068459630012512,-9.837775230407715,0.8044517636299133,0.01117960549890995,-0.008517795242369175,0.01597086526453495
1883979115025,0.811634361743927,-9.870096206665039,0.7841010689735413,0.0077192517928779125,-0.0071868896484375,0.01889885775744915
1883980352300,0.8176198601722717,-9.841365814208984,0.7493851184844971,0.006122165359556675,-0.0007985432748682797,0.01703559048473835
1883981589587,0.828393816947937,-9.864110946655273,0.7852981686592102,0.010381062515079975,-0.00958251953125,0.02182685025036335
1883982826850,0.8523358106613159,-9.860519409179688,0.7769184708595276,0.013042873702943325,-0.01224433071911335,0.01650322787463665
1883984064125,0.811634361743927,-9.860519409179688,0.811634361743927,0.007985432632267475,-0.013309055007994175,0.01943122036755085
1883985301350,0.8008604645729065,-9.858125686645508,0.7817068696022034,0.0090501569211483,-0.012776692397892475,0.0191650390625
1883986538637,0.7864952683448792,-9.841365814208984,0.811634361743927,0.0077192517928779125,-0.00958251953125,0.0191650390625
1883987775912,0.8008604645729065,-9.882067680358887,0.8547300100326538,0.010647243820130825,-0.010381062515079975,0.02022976242005825
1883989013175,0.7996633648872375,-9.897629737854004,0.788889467716217,0.00984870083630085,-0.0138414166867733,0.0167694091796875
1883990250450,0.8152256608009338,-9.891644477844238,0.8104372620582581,0.008783976547420025,-0.008251613937318325,0.01836649514734745
1883991487700,0.8080430626869202,-9.898826599121094,0.8176198601722717,0.0071868896484375,-0.01224433071911335,0.01889885775744915
1883992724975,0.8140285611152649,-9.84256362915039,0.8008604645729065,0.01117960549890995,-0.013042873702943325,0.01836649514734745
1883993962250,0.7757213711738586,-9.848548889160156,0.8044517636299133,0.01463996060192585,-0.010913425125181675,0.01943122036755085
1883995199512,0.8188169598579407,-9.86650562286377,0.7972691655158997,0.0066545275039970875,-0.0090501569211483,0.015438503585755825
1883996436775,0.8020575642585754,-9.896432876586914,0.7745242714881897,0.005057440605014563,-0.013042873702943325,0.014906140975654125
1883997674037,0.7781155705451965,-9.86770248413086,0.7852981686592102,0.00931633822619915,-0.0167694091796875,0.01889885775744915
1883998911287,0.767341673374176,-9.860519409179688,0.8020575642585754,0.0063883461989462376,-0.015172322280704975,0.0181003138422966
1884000148562,0.7433996200561523,-9.882067680358887,0.8008604645729065,0.0090501569211483,-0.010114881210029125,0.02022976242005825
1884001385850,0.7541735172271729,-9.838972091674805,0.8032546639442444,0.0077192517928779125,-0.008783976547420025,0.0138414166867733
1884002623125,0.7769184708595276,-9.858125686645508,0.7817068696022034,0.00452507846057415,-0.0119781494140625,0.010913425125181675
1884003860350,0.7781155705451965,-9.854534149169922,0.750582218170166,0.005855984054505825,-0.007985432632267475,0.015438503585755825
1884005097650,0.7697358727455139,-9.848548889160156,0.7541735172271729,0.0053236219100654125,-0.007985432632267475,0.0119781494140625
1884006334912,0.7972691655158997,-9.849745750427246,0.7637503743171692,0.00692070834338665,-0.01117960549890995,0.010647243820130825
1884007572175,0.7709329724311829,-9.892841339111328,0.8188169598579407,0.0071868896484375,-0.008783976547420025,0.012510511092841625
1884008809437,0.8224083185195923,-9.876082420349121,0.8044517636299133,0.00958251953125,-0.01171196810901165,0.01597086526453495
1884010046712,0.7757213711738586,-9.861717224121094,0.7829039692878723,0.0066545275039970875,-0.0063883461989462376,0.01171196810901165
1884011283975,0.7841010689735413,-9.84615421295166,0.8176198601722717,0.005057440605014563,-0.0015970865497365594,0.0071868896484375
1884012521250,0.8020575642585754,-9.84495735168457,0.8451532125473022,0.00452507846057415,-0.006122165359556675,0.008517795242369175
1884013758500,0.7781155705451965,-9.876082420349121,0.8164227604866028,0.0090501569211483,-0.008517795242369175,0.0119781494140625
1884014995775,0.7841010689735413,-9.874884605407715,0.7805097699165344,0.008783976547420025,-0.010114881210029125,0.013309055007994175
1884016233037,0.7745242714881897,-9.9000244140625,0.8008604645729065,0.0063883461989462376,-0.010114881210029125,0.01357523538172245
1884017470300,0.7805097699165344,-9.825803756713867,0.7721300721168518,0.0037265352439135313,-0.0090501569211483,0.0114457868039608
1884018707587,0.7577648162841797,-9.827000617980957,0.8224083185195923,0.0090501569211483,-0.01171196810901165,0.010114881210029125
1884019944850,0.7757213711738586,-9.828198432922363,0.8391677141189575,0.0053236219100654125,-0.005855984054505825,0.005855984054505825
1884021182112,0.812831461429596,-9.876082420349121,0.811634361743927,0.0018632676219567657,-0.01117960549890995,0.0090501569211483
1884022419350,0.7805097699165344,-9.84615421295166,0.8236054182052612,-0.0005323622026480734,-0.0077192517928779125,0.00452507846057415
1884023656662,0.7374141216278076,-9.847352027893066,0.811634361743927,0.008251613937318325,-0.0066545275039970875,0.0053236219100654125
1884024893887,0.7230489253997803,-9.815030097961426,0.7817068696022034,0.0071868896484375,-0.0090501569211483,0.010381062515079975
1884026131187,0.7589619159698486,-9.849745750427246,0.829590916633606,0.0042588976211845875,-0.00984870083630085,0.00958251953125
1884027368437,0.7793126702308655,-9.819818496704102,0.811634361743927,0.0053236219100654125,-0.010647243820130825,0.0066545275039970875
1884028605712,0.7661445736885071,-9.847352027893066,0.7805097699165344,0.005855984054505825,-0.0066545275039970875,0.00452507846057415
1884029842975,0.7864952683448792,-9.823410034179688,0.7721300721168518,0.005589802749454975,-0.005855984054505825,0.0066545275039970875
1884031080250,0.7769184708595276,-9.785102844238281,0.8224083185195923,0.0039927163161337376,-0.0042588976211845875,0.005057440605014563
1884032317512,0.7553706169128418,-9.821015357971191,0.8475474119186401,0.0013309054775163531,-0.0042588976211845875,0.003460354171693325
1884033554775,0.750582218170166,-9.848548889160156,0.8032546639442444,0.0037265352439135313,-0.0071868896484375,0.008251613937318325
1884034792037,0.7577648162841797,-9.861717224121094,0.7829039692878723,0.0023956298828125,-0.0066545275039970875,0.0029279920272529125
1884036029312,0.7613561749458313,-9.834183692932129,0.7529764175415039,0.0063883461989462376,-0.0031941730994731188,0.005589802749454975
1884037266587,0.7481880187988281,-9.838972091674805,0.7984662652015686,0.0031941730994731188,-0.0002661811013240367,0.0026618109550327063
1884038503837,0.7613561749458313,-9.824606895446777,0.8092401623725891,0.0005323622026480734,-0.003460354171693325,0.0021294488105922937
1884039741112,0.7769184708595276,-9.852140426635742,0.7876923680305481,0.004791259765625,-0.00452507846057415,0.0071868896484375
1884040978375,0.7745242714881897,-9.816226959228516,0.7829039692878723,0.0029279920272529125,-0.005057440605014563,0.0007985432748682797
1884042215662,0.7350199222564697,-9.795876502990723,0.7864952683448792,0.004791259765625,-0.0063883461989462376,-0.0005323622026480734
1884043452912,0.8020575642585754,-9.794679641723633,0.8367735147476196,0.0063883461989462376,-0.0018632676219567657,0.0018632676219567657
1884044690187,0.751779317855835,-9.823410034179688,0.8367735147476196,0.005589802749454975,-0.0029279920272529125,0.0037265352439135313
1884045927437,0.7553706169128418,-9.837775230407715,0.8020575642585754,0.007985432632267475,-0.0053236219100654125,0.0026618109550327063
1884047164725,0.729034423828125,-9.858125686645508,0.7876923680305481,0.0077192517928779125,0.0007985432748682797,-0.0007985432748682797
1884048401962,0.7876923680305481,-9.830592155456543,0.8224083185195923,0.004791259765625,0.003460354171693325,0.0053236219100654125
1884049639225,0.7613561749458313,-9.823410034179688,0.8307880163192749,0.0013309054775163531,-0.0018632676219567657,0.0090501569211483
1884050876525,0.7757213711738586,-9.819818496704102,0.7649474740028381,0.005057440605014563,-0.0031941730994731188,0.005589802749454975
1884052113775,0.7637503743171692,-9.823410034179688,0.7697358727455139,0.007985432632267475,-0.007985432632267475,0.0031941730994731188
1884053351037,0.7876923680305481,-9.77672290802002,0.811634361743927,0.0066545275039970875,-0.0029279920272529125,-0.0005323622026480734
1884054588325,0.7469909191131592,-9.785102844238281,0.7912836670875549,0.005855984054505825,0.003460354171693325,0.0042588976211845875
1884055825575,0.7697358727455139,-9.81143856048584,0.812831461429596,0.00452507846057415,-0.0013309054775163531,0.010913425125181675
1884057062837,0.7733271718025208,-9.856928825378418,0.7924807667732239,0.005057440605014563,-0.0039927163161337376,0.0071868896484375
1884058300087,0.8056488633155823,-9.841365814208984,0.8236054182052612,0.0063883461989462376,0.0002661811013240367,0.005057440605014563
1884059537387,0.7864952683448792,-9.861717224121094,0.7852981686592102,0.008783976547420025,-0.0031941730994731188,0.0037265352439135313
1884060774637,0.7410054206848145,-9.840168952941895,0.7841010689735413,0.007985432632267475,-0.005057440605014563,0.005589802749454975
1884062011912,0.7433996200561523,-9.821015357971191,0.7948749661445618,0.0063883461989462376,0.0015970865497365594,-0.0007985432748682797
1884063249175,0.7733271718025208,-9.797073364257812,0.7757213711738586,0.0063883461989462376,-0.0018632676219567657,0.0013309054775163531
1884064486450,0.7386112213134766,-9.816226959228516,0.8080430626869202,0.003460354171693325,0.0031941730994731188,0.0015970865497365594
1884065723712,0.7817068696022034,-9.813833236694336,0.7984662652015686,0.0037265352439135313,-0.0007985432748682797,0.0002661811013240367
1884066960975,0.7314286231994629,-9.81263542175293,0.7817068696022034,0.0063883461989462376,0.0042588976211845875,-0.0029279920272529125
1884068198237,0.8020575642585754,-9.791088104248047,0.8271967172622681,0.006122165359556675,0.003460354171693325,-0.0015970865497365594
1884069435500,0.7864952683448792,-9.824606895446777,0.767341673374176,0.006122165359556675,0.0021294488105922937,0.0031941730994731188
1884070672762,0.7829039692878723,-9.81263542175293,0.811634361743927,0.0071868896484375,0.0029279920272529125,-0.0002661811013240367
1884071910062,0.8271967172622681,-9.801861763000488,0.8068459630012512,0.0031941730994731188,0.0071868896484375,0.0002661811013240367
1884073147312,0.7577648162841797,-9.801861763000488,0.8092401623725891,0.007985432632267475,0.0053236219100654125,0.0039927163161337376
1884074384587,0.750582218170166,-9.821015357971191,0.8152256608009338,0.008251613937318325,0.0010647244052961469,-0.0018632676219567657
1884075621837,0.7661445736885071,-9.825803756713867,0.7984662652015686,0.007985432632267475,0.003460354171693325,0.0021294488105922937
1884076859112,0.7649474740028381,-9.80904483795166,0.8224083185195923,0.008251613937318325,0.006122165359556675,0.0023956298828125
1884078096375,0.7493851184844971,-9.81263542175293,0.8188169598579407,0.010913425125181675,0.007985432632267475,0.0010647244052961469
1884079333625,0.767341673374176,-9.80904483795166,0.851138710975647,0.0042588976211845875,0.008517795242369175,0.0021294488105922937
1884080570912,0.7745242714881897,-9.837775230407715,0.8092401623725891,0.0077192517928779125,0.008517795242369175,0.0039927163161337376
1884081808187,0.7817068696022034,-9.821015357971191,0.812831461429596,0.004791259765625,0.0077192517928779125,0.0021294488105922937
1884083045450,0.7733271718025208,-9.852140426635742,0.8056488633155823,0.0042588976211845875,0.0066545275039970875,0.0013309054775163531
1884084282725,0.7565677165985107,-9.854534149169922,0.8092401623725891,0.0031941730994731188,0.0071868896484375,0.0023956298828125
1884085519987,0.7769184708595276,-9.855731010437012,0.8152256608009338,0.0037265352439135313,0.00931633822619915,0.0042588976211845875
1884086757250,0.7948749661445618,-9.819818496704102,0.8152256608009338,0.00452507846057415,0.008251613937318325,0.00452507846057415
1884087994537,0.7433996200561523,-9.84376049041748,0.7948749661445618,0.0071868896484375,0.0071868896484375,-0.0026618109550327063
1884089231787,0.8020575642585754,-9.831789016723633,0.7769184708595276,0.003460354171693325,0.008251613937318325,-0.0007985432748682797
1884090469050,0.8080430626869202,-9.831789016723633,0.7625532746315002,0.0063883461989462376,0.00931633822619915,0.0018632676219567657
1884091706312,0.7864952683448792,-9.840168952941895,0.7733271718025208,0.0042588976211845875,0.0119781494140625,-0.0018632676219567657
1884092943575,0.7757213711738586,-9.792284965515137,0.790086567401886,0.0039927163161337376,0.01357523538172245,-0.0023956298828125
1884094180850,0.7637503743171692,-9.819818496704102,0.7864952683448792,0.005855984054505825,0.00958251953125,-0.0005323622026480734
1884095418112,0.7541735172271729,-9.785102844238281,0.8188169598579407,0.00452507846057415,0.014906140975654125,0.0005323622026480734
1884096655400,0.8068459630012512,-9.827000617980957,0.7529764175415039,0.00692070834338665,0.01410759799182415,0.0029279920272529125
1884097892650,0.7793126702308655,-9.781511306762695,0.7864952683448792,0.0053236219100654125,0.014906140975654125,0.0021294488105922937
1884099129900,0.7661445736885071,-9.822212219238281,0.7649474740028381,0.0031941730994731188,0.00958251953125,-0.0002661811013240367
1884100367187,0.7817068696022034,-9.829395294189453,0.767341673374176,0.0021294488105922937,0.0077192517928779125,-0.0013309054775163531
1884101604450,0.7613561749458313,-9.850942611694336,0.7972691655158997,0.0031941730994731188,0.014373779296875,0.0066545275039970875
1884102841725,0.751779317855835,-9.816226959228516,0.7757213711738586,0.005057440605014563,0.01410759799182415,0.0010647244052961469
1884104079012,0.7781155705451965,-9.815030097961426,0.8032546639442444,0.007985432632267475,0.01224433071911335,-0.0002661811013240367
1884105316262,0.7781155705451965,-9.852140426635742,0.8020575642585754,0.005589802749454975,0.010647243820130825,0.0015970865497365594
1884106553525,0.767341673374176,-9.813833236694336,0.788889467716217,0.005855984054505825,0.010647243820130825,0.0
1884107790787,0.7769184708595276,-9.813833236694336,0.8044517636299133,0.008251613937318325,0.0167694091796875,-0.0013309054775163531
1884109028050,0.7757213711738586,-9.800664901733398,0.7960720658302307,0.0090501569211483,0.01410759799182415,-0.0023956298828125
1884110265312,0.7829039692878723,-9.840168952941895,0.7709329724311829,0.0090501569211483,0.01117960549890995,-0.0015970865497365594
1884111502587,0.7948749661445618,-9.84256362915039,0.8152256608009338,0.0053236219100654125,0.013042873702943325,0.0042588976211845875
1884112739837,0.7793126702308655,-9.807847023010254,0.8092401623725891,0.006122165359556675,0.015438503585755825,0.0010647244052961469
1884113977137,0.8008604645729065,-9.816226959228516,0.7936778664588928,0.00958251953125,0.01836649514734745,0.0018632676219567657
1884115214387,0.7757213711738586,-9.771934509277344,0.7841010689735413,0.010114881210029125,0.01996358297765255,0.0023956298828125
1884116451662,0.8188169598579407,-9.792284965515137,0.8008604645729065,0.01171196810901165,0.015172322280704975,0.004791259765625
1884117688912,0.7984662652015686,-9.817423820495605,0.7757213711738586,0.0071868896484375,0.01836649514734745,0.005855984054505825
1884118926187,0.7469909191131592,-9.804256439208984,0.7936778664588928,0.00984870083630085,0.0191650390625,-0.0007985432748682797
1884120163462,0.7745242714881897,-9.800664901733398,0.8140285611152649,0.00984870083630085,0.015172322280704975,0.00452507846057415
1884121400712,0.788889467716217,-9.81143856048584,0.7984662652015686,0.008251613937318325,0.0157046839594841,0.007453070487827063
1884122637987,0.7924807667732239,-9.819818496704102,0.7829039692878723,0.010381062515079975,0.01756795309484005,0.0015970865497365594
1884123875275,0.8056488633155823,-9.84495735168457,0.7697358727455139,0.00931633822619915,0.0186326764523983,0.005057440605014563
1884125112537,0.8331822156906128,-9.806650161743164,0.7793126702308655,0.014373779296875,0.01889885775744915,0.00692070834338665
1884126349800,0.8056488633155823,-9.827000617980957,0.8068459630012512,0.010381062515079975,0.0263519287109375,0.0031941730994731188
1884127587050,0.7733271718025208,-9.805453300476074,0.8152256608009338,0.00931633822619915,0.01889885775744915,0.0063883461989462376
1884128824312,0.7721300721168518,-9.804256439208984,0.8523358106613159,0.00931633822619915,0.015172322280704975,0.007453070487827063
1884130061612,0.8092401623725891,-9.795876502990723,0.8355764150619507,0.008251613937318325,0.0196974016726017,0.0053236219100654125
1884131298862,0.8212112188339233,-9.789891242980957,0.8176198601722717,0.007453070487827063,0.01756795309484005,0.008251613937318325
1884132536112,0.767341673374176,-9.828198432922363,0.829590916633606,0.004791259765625,0.01756795309484005,0.0077192517928779125
1884133773387,0.7936778664588928,-9.827000617980957,0.8020575642585754,0.0138414166867733,0.0138414166867733,0.0039927163161337376
1884135010662,0.8032546639442444,-9.804256439208984,0.8080430626869202,0.01943122036755085,0.014373779296875,0.0026618109550327063
1884136247925,0.7996633648872375,-9.80904483795166,0.8080430626869202,0.01756795309484005,0.01836649514734745,0.0023956298828125
1884137485187,0.8080430626869202,-9.829395294189453,0.7996633648872375,0.015438503585755825,0.01996358297765255,0.0021294488105922937
1884138722475,0.7960720658302307,-9.815030097961426,0.812831461429596,0.0167694091796875,0.0210283063352108,0.0077192517928779125
1884139959725,0.8104372620582581,-9.823410034179688,0.8248025178909302,0.013042873702943325,0.02129448764026165,0.005855984054505825
1884141197012,0.8008604645729065,-9.815030097961426,0.811634361743927,0.008517795242369175,0.01756795309484005,0.0042588976211845875
1884142434250,0.812831461429596,-9.838972091674805,0.8355764150619507,0.013042873702943325,0.0220930315554142,0.0063883461989462376
1884143671525,0.8248025178909302,-9.858125686645508,0.7829039692878723,0.014906140975654125,0.0191650390625,0.005057440605014563
1884144908787,0.8080430626869202,-9.819818496704102,0.750582218170166,0.0157046839594841,0.01597086526453495,0.0042588976211845875
1884146146050,0.8020575642585754,-9.840168952941895,0.829590916633606,0.0162370465695858,0.014373779296875,0.006122165359556675
1884147383325,0.8259996175765991,-9.799468040466309,0.8367735147476196,0.01783413253724575,0.0181003138422966,0.0023956298828125
1884148620612,0.8619126081466675,-9.819818496704102,0.8068459630012512,0.012776692397892475,0.01889885775744915,0.010114881210029125
1884149857862,0.811634361743927,-9.84495735168457,0.8319851160049438,0.01171196810901165,0.01836649514734745,0.00931633822619915
1884151095125,0.790086567401886,-9.801861763000488,0.8607155084609985,0.013042873702943325,0.0167694091796875,0.005589802749454975
1884152332387,0.8200140595436096,-9.80904483795166,0.8152256608009338,0.0162370465695858,0.01889885775744915,0.0114457868039608
1884153569662,0.7972691655158997,-9.847352027893066,0.8164227604866028,0.01783413253724575,0.01996358297765255,0.01117960549890995
1884154806925,0.8176198601722717,-9.821015357971191,0.7841010689735413,0.014906140975654125,0.0181003138422966,0.008251613937318325
1884156044212,0.8140285611152649,-9.828198432922363,0.8104372620582581,0.01783413253724575,0.01783413253724575,0.0053236219100654125
1884157281462,0.8236054182052612,-9.841365814208984,0.7745242714881897,0.0138414166867733,0.01996358297765255,0.005855984054505825
1884158518737,0.8379706144332886,-9.80904483795166,0.8176198601722717,0.015172322280704975,0.01836649514734745,0.008517795242369175
1884159756000,0.8523358106613159,-9.841365814208984,0.8535329103469849,0.01224433071911335,0.0191650390625,0.005855984054505825
1884160993275,0.8439561128616333,-9.84256362915039,0.812831461429596,0.015172322280704975,0.01889885775744915,0.0002661811013240367
1884162230537,0.8176198601722717,-9.834183692932129,0.8319851160049438,0.0204959437251091,0.0157046839594841,0.010913425125181675
1884163467800,0.8559271097183228,-9.824606895446777,0.8331822156906128,0.01463996060192585,0.01597086526453495,0.01171196810901165
1884164705075,0.8176198601722717,-9.792284965515137,0.8403648138046265,0.0173017717897892,0.0167694091796875,0.00931633822619915
1884165942325,0.7912836670875549,-9.815030097961426,0.8379706144332886,0.0162370465695858,0.01410759799182415,0.005855984054505825
1884167179587,0.8271967172622681,-9.78869342803955,0.8271967172622681,0.015172322280704975,0.013309055007994175,0.00984870083630085
1884168416837,0.8523358106613159,-9.7791166305542,0.828393816947937,0.015172322280704975,0.01410759799182415,0.0114457868039608
1884169654137,0.8176198601722717,-9.824606895446777,0.7924807667732239,0.014373779296875,0.0210283063352108,0.0018632676219567657
1884170891387,0.8475474119186401,-9.847352027893066,0.8224083185195923,0.010114881210029125,0.01597086526453495,-0.0007985432748682797
1884172128675,0.8403648138046265,-9.854534149169922,0.851138710975647,0.010913425125181675,0.015172322280704975,0.00692070834338665
1884173365937,0.8487445116043091,-9.84256362915039,0.8331822156906128,0.0119781494140625,0.015172322280704975,0.008517795242369175
1884174603225,0.829590916633606,-9.829395294189453,0.8307880163192749,0.015438503585755825,0.008517795242369175,0.0090501569211483
1884175840500,0.8248025178909302,-9.831789016723633,0.8427590131759644,0.02076212503015995,0.0042588976211845875,0.007453070487827063
1884177077725,0.8571242094039917,-9.854534149169922,0.8020575642585754,0.0186326764523983,0.0162370465695858,0.0071868896484375
1884178315000,0.8547300100326538,-9.840168952941895,0.8068459630012512,0.01357523538172245,0.0162370465695858,0.00958251953125
1884179552287,0.812831461429596,-9.841365814208984,0.7996633648872375,0.014373779296875,0.0162370465695858,0.008251613937318325
1884180789537,0.7841010689735413,-9.865307807922363,0.8259996175765991,0.0114457868039608,0.014373779296875,0.008783976547420025
1884182026812,0.829590916633606,-9.873687744140625,0.8248025178909302,0.0090501569211483,0.014373779296875,0.007985432632267475
1884183264087,0.8487445116043091,-9.848548889160156,0.8020575642585754,0.015172322280704975,0.01463996060192585,0.008517795242369175
1884184501350,0.8152256608009338,-9.825803756713867,0.8008604645729065,0.014373779296875,0.0138414166867733,0.012510511092841625
1884185738612,0.8008604645729065,-9.9000244140625,0.8535329103469849,0.01117960549890995,0.014373779296875,0.008517795242369175
1884186975887,0.8188169598579407,-9.874884605407715,0.8678981065750122,0.0077192517928779125,0.01224433071911335,0.0063883461989462376
1884188213137,0.8535329103469849,-9.850942611694336,0.8331822156906128,0.005589802749454975,0.01410759799182415,0.007453070487827063
1884189450412,0.8559271097183228,-9.840168952941895,0.8451532125473022,0.008517795242369175,0.015438503585755825,0.007453070487827063
1884190687675,0.8451532125473022,-9.892841339111328,0.7972691655158997,0.0114457868039608,0.01224433071911335,0.005057440605014563
1884191924937,0.8379706144332886,-9.891644477844238,0.8523358106613159,0.015438503585755825,0.00931633822619915,0.0090501569211483
1884193162225,0.8271967172622681,-9.886856079101562,0.849941611289978,0.01650322787463665,0.010381062515079975,0.0119781494140625
1884194399487,0.8164227604866028,-9.852140426635742,0.8080430626869202,0.012510511092841625,0.01117960549890995,0.0031941730994731188
1884195636737,0.8307880163192749,-9.876082420349121,0.8140285611152649,0.0090501569211483,0.0063883461989462376,0.0063883461989462376
1884196874012,0.8319851160049438,-9.84615421295166,0.8188169598579407,0.0090501569211483,0.0053236219100654125,0.0071868896484375
1884198111275,0.851138710975647,-9.872490882873535,0.8475474119186401,0.00452507846057415,0.0119781494140625,0.0
1884199348562,0.8307880163192749,-9.894038200378418,0.8176198601722717,0.008517795242369175,0.010114881210029125,0.0005323622026480734
1884200585825,0.851138710975647,-9.865307807922363,0.8415619134902954,0.007985432632267475,0.01117960549890995,0.0063883461989462376
1884201823087,0.8774749040603638,-9.84495735168457,0.7972691655158997,0.005855984054505825,0.012510511092841625,0.0077192517928779125
1884203060350,0.8607155084609985,-9.870096206665039,0.8451532125473022,0.008251613937318325,0.00692070834338665,0.010381062515079975
1884204297625,0.8092401623725891,-9.898826599121094,0.812831461429596,0.0031941730994731188,0.008517795242369175,0.008517795242369175
1884205534900,0.8343793153762817,-9.895236015319824,0.8176198601722717,0.0010647244052961469,0.01224433071911335,0.005057440605014563
1884206772162,0.7876923680305481,-9.882067680358887,0.849941611289978,0.00452507846057415,0.00692070834338665,0.004791259765625
1884208009412,0.811634361743927,-9.86650562286377,0.811634361743927,0.0010647244052961469,0.013309055007994175,0.0042588976211845875
1884209246675,0.8391677141189575,-9.865307807922363,0.8044517636299133,0.005855984054505825,0.004791259765625,0.0026618109550327063
1884210483962,0.8032546639442444,-9.852140426635742,0.8391677141189575,0.00931633822619915,0.0042588976211845875,0.0053236219100654125
1884211721212,0.8391677141189575,-9.825803756713867,0.8475474119186401,0.0090501569211483,0.006122165359556675,0.0053236219100654125
1884212958475,0.8259996175765991,-9.829395294189453,0.8427590131759644,0.00452507846057415,0.0039927163161337376,0.00692070834338665
1884214195762,0.8655039072036743,-9.816226959228516,0.8355764150619507,0.0018632676219567657,0.005855984054505825,-0.0010647244052961469
1884215433025,0.8271967172622681,-9.825803756713867,0.8535329103469849,0.01117960549890995,0.0005323622026480734,0.010114881210029125
1884216670300,0.8032546639442444,-9.855731010437012,0.8451532125473022,0.007985432632267475,0.0053236219100654125,0.008251613937318325
1884217907575,0.8020575642585754,-9.861717224121094,0.8487445116043091,0.005589802749454975,0.008251613937318325,0.007985432632267475
1884219144812,0.8020575642585754,-9.822212219238281,0.8259996175765991,-0.0002661811013240367,0.0066545275039970875,0.004791259765625
1884220382112,0.8020575642585754,-9.825803756713867,0.851138710975647,0.00931633822619915,0.0053236219100654125,0.012776692397892475
1884221619375,0.8044517636299133,-9.834183692932129,0.8415619134902954,0.008517795242369175,0.0031941730994731188,0.0191650390625
1884222856625,0.7553706169128418,-9.825803756713867,0.811634361743927,0.0015970865497365594,0.0114457868039608,0.01703559048473835
1884224093912,0.8319851160049438,-9.855731010437012,0.851138710975647,0.0026618109550327063,0.0053236219100654125,0.0162370465695858
1884225331162,0.8008604645729065,-9.859322547912598,0.8367735147476196,0.0039927163161337376,0.0031941730994731188,0.014373779296875
1884226568425,0.7972691655158997,-9.815030097961426,0.828393816947937,0.005589802749454975,-0.0031941730994731188,0.014906140975654125
1884227805712,0.8403648138046265,-9.822212219238281,0.8212112188339233,0.005057440605014563,0.003460354171693325,0.01597086526453495
1884229042975,0.788889467716217,-9.849745750427246,0.7996633648872375,0.0018632676219567657,0.005057440605014563,0.012510511092841625
1884230280250,0.7960720658302307,-9.824606895446777,0.8367735147476196,-0.0023956298828125,0.008251613937318325,0.01171196810901165
1884231517512,0.8032546639442444,-9.781511306762695,0.8020575642585754,0.0042588976211845875,0.005589802749454975,0.0220930315554142
1884232754762,0.8164227604866028,-9.817423820495605,0.7948749661445618,0.006122165359556675,0.0053236219100654125,0.0271504707634449
1884233992037,0.7697358727455139,-9.86770248413086,0.8224083185195923,0.0029279920272529125,0.0007985432748682797,0.0268842913210392
1884235229312,0.7398083209991455,-9.848548889160156,0.8152256608009338,0.0063883461989462376,0.003460354171693325,0.0292799212038517
1884236466575,0.7745242714881897,-9.855731010437012,0.7972691655158997,0.0010647244052961469,0.0037265352439135313,0.02608574740588665
1884237703837,0.8032546639442444,-9.860519409179688,0.8068459630012512,0.0026618109550327063,0.0042588976211845875,0.03087700717151165
1884238941112,0.7541735172271729,-9.864110946655273,0.790086567401886,0.0005323622026480734,0.0,0.033272635191679
1884240178400,0.7864952683448792,-9.904812812805176,0.7553706169128418,0.006122165359556675,0.0031941730994731188,0.0295461006462574
1884241415625,0.7960720658302307,-9.883264541625977,0.7613561749458313,-0.0010647244052961469,0.0021294488105922937,0.0324740931391716
1884242652912,0.7445967197418213,-9.895236015319824,0.7637503743171692,-0.008251613937318325,0.0023956298828125,0.0252872034907341
1884243890187,0.7182605266571045,-9.913191795349121,0.7781155705451965,-0.0010647244052961469,0.0031941730994731188,0.033272635191679
1884245127450,0.767341673374176,-9.928754806518555,0.7817068696022034,0.0002661811013240367,0.0037265352439135313,0.0354020856320858
1884246364700,0.7529764175415039,-9.953893661499023,0.7960720658302307,-0.0031941730994731188,0.003460354171693325,0.0343373604118824
1884247601975,0.7086837291717529,-9.96945571899414,0.7829039692878723,-0.0090501569211483,0.005057440605014563,0.0351359061896801
1884248839250,0.7422025203704834,-9.976638793945312,0.8032546639442444,-0.010913425125181675,0.0039927163161337376,0.033272635191679
1884250076525,0.7314286231994629,-9.946710586547852,0.7876923680305481,-0.010114881210029125,0.0053236219100654125,0.0300784632563591
1884251313762,0.7110779285430908,-9.939528465270996,0.7721300721168518,-0.010913425125181675,0.003460354171693325,0.0324740931391716
1884252551062,0.6811503767967224,-9.967061996459961,0.7852981686592102,-0.0138414166867733,0.004791259765625,0.0330064557492733
1884253788325,0.7122750282287598,-9.932345390319824,0.7864952683448792,-0.01650322787463665,0.00931633822619915,0.02848137728869915
1884255025587,0.6991068720817566,-9.929951667785645,0.7733271718025208,-0.01756795309484005,0.008783976547420025,0.02741665206849575
1884256262862,0.6619967818260193,-9.952696800231934,0.788889467716217,-0.02182685025036335,0.010381062515079975,0.033272635191679
1884257500125,0.667982280254364,-9.976638793945312,0.767341673374176,-0.0228915736079216,0.008783976547420025,0.0359344482421875
1884258737400,0.7015011310577393,-9.93593692779541,0.7374141216278076,-0.0191650390625,0.008783976547420025,0.033538818359375
1884259974675,0.6799532771110535,-9.925163269042969,0.788889467716217,-0.0215606689453125,0.012510511092841625,0.0330064557492733
1884261211925,0.6715735793113708,-9.917980194091797,0.7577648162841797,-0.02262539230287075,0.01171196810901165,0.0319417305290699
1884262449187,0.6404489874839783,-9.90122127532959,0.7829039692878723,-0.0263519287109375,0.0138414166867733,0.0324740931391716
1884263686462,0.7230489253997803,-9.911994934082031,0.7589619159698486,-0.0215606689453125,0.01410759799182415,0.0375315360724926
1884264923725,0.6979097723960876,-9.892841339111328,0.7613561749458313,-0.02129448764026165,0.0162370465695858,0.0359344482421875
1884266161000,0.6643909811973572,-9.922768592834473,0.7996633648872375,-0.02315775491297245,0.01836649514734745,0.0300784632563591
1884267398262,0.6847416758537292,-9.90241813659668,0.7493851184844971,-0.0247548408806324,0.01783413253724575,0.033272635191679
1884268635525,0.669179379940033,-9.862914085388184,0.7984662652015686,-0.023956298828125,0.01889885775744915,0.0375315360724926
1884269872812,0.7170634269714355,-9.914389610290527,0.7852981686592102,-0.0234239362180233,0.01650322787463665,0.038063894957304
1884271110087,0.7146692276000977,-9.8784761428833,0.7697358727455139,-0.02315775491297245,0.0162370465695858,0.0409918874502182
1884272347325,0.729034423828125,-9.852140426635742,0.7589619159698486,-0.0228915736079216,0.0186326764523983,0.0367329902946949
1884273584612,0.6931213736534119,-9.835380554199219,0.767341673374176,-0.0244886614382267,0.0157046839594841,0.0393948033452034
1884274821875,0.750582218170166,-9.836577415466309,0.7565677165985107,-0.02555338479578495,0.013042873702943325,0.0399271659553051
1884276059150,0.730231523513794,-9.81024169921875,0.7805097699165344,-0.0263519287109375,0.0191650390625,0.0423227921128273
1884277296412,0.7194576263427734,-9.84615421295166,0.7757213711738586,-0.01783413253724575,0.0215606689453125,0.042855154722929
1884278533700,0.7122750282287598,-9.853337287902832,0.7936778664588928,-0.02262539230287075,0.01996358297765255,0.0391286201775074
1884279770925,0.7553706169128418,-9.859322547912598,0.7457938194274902,-0.03087700717151165,0.02315775491297245,0.0423227921128273
1884281008225,0.7386112213134766,-9.840168952941895,0.7745242714881897,-0.0338049978017807,0.02741665206849575,0.0399271659553051
1884282245487,0.7326257228851318,-9.824606895446777,0.8092401623725891,-0.0247548408806324,0.0295461006462574,0.038063894957304
1884283482762,0.7242460250854492,-9.819818496704102,0.8008604645729065,-0.02129448764026165,0.0258195661008358,0.0423227921128273
1884284720012,0.7122750282287598,-9.84256362915039,0.7661445736885071,-0.0228915736079216,0.02182685025036335,0.0385962575674057
1884285957275,0.7098808288574219,-9.835380554199219,0.7230489253997803,-0.0228915736079216,0.0220930315554142,0.0340711809694767
1884287194550,0.7266402244567871,-9.84376049041748,0.7805097699165344,-0.0223592109978199,0.02129448764026165,0.0354020856320858
1884288431812,0.6703764796257019,-9.823410034179688,0.828393816947937,-0.02794901467859745,0.02661811001598835,0.0324740931391716
1884289669100,0.7338228225708008,-9.80904483795166,0.8152256608009338,-0.02901373989880085,0.0314093679189682,0.0340711809694767
1884290906337,0.729034423828125,-9.781511306762695,0.7697358727455139,-0.02608574740588665,0.0292799212038517,0.03087700717151165
1884292143625,0.7158663272857666,-9.806650161743164,0.7984662652015686,-0.0282151959836483,0.033538818359375,0.02901373989880085
1884293380875,0.8032546639442444,-9.782708168029785,0.8188169598579407,-0.0247548408806324,0.02901373989880085,0.02661811001598835
1884294618162,0.7529764175415039,-9.836577415466309,0.8068459630012512,-0.0220930315554142,0.02369011752307415,0.0292799212038517
1884295855437,0.7182605266571045,-9.855731010437012,0.8271967172622681,-0.0228915736079216,0.0351359061896801,0.02981228195130825
1884297092712,0.7170634269714355,-9.819818496704102,0.8092401623725891,-0.0244886614382267,0.02848137728869915,0.0252872034907341
1884298329937,0.7242460250854492,-9.77672290802002,0.7912836670875549,-0.02794901467859745,0.0306108258664608,0.0268842913210392
1884299567237,0.7649474740028381,-9.756372451782227,0.8080430626869202,-0.0268842913210392,0.02901373989880085,0.0258195661008358
1884300804500,0.7601590752601624,-9.792284965515137,0.7924807667732239,-0.0258195661008358,0.02661811001598835,0.0186326764523983
1884302041762,0.7649474740028381,-9.72165584564209,0.7864952683448792,-0.0210283063352108,0.0292799212038517,0.02076212503015995
1884303279025,0.8008604645729065,-9.767146110534668,0.7864952683448792,-0.0173017717897892,0.0346035435795784,0.02182685025036335
1884304516300,0.790086567401886,-9.750386238098145,0.8259996175765991,-0.0191650390625,0.0314093679189682,0.013042873702943325
1884305753575,0.7577648162841797,-9.738415718078613,0.8080430626869202,-0.0173017717897892,0.0292799212038517,0.01889885775744915
1884306990812,0.7960720658302307,-9.765949249267578,0.812831461429596,-0.0204959437251091,0.0311431884765625,0.02502102218568325
1884308228112,0.7876923680305481,-9.745597839355469,0.8271967172622681,-0.01703559048473835,0.0322079136967659,0.01597086526453495
1884309465375,0.7852981686592102,-9.75517463684082,0.8319851160049438,-0.01224433071911335,0.0271504707634449,0.0167694091796875
1884310702625,0.7637503743171692,-9.733627319335938,0.7996633648872375,-0.010913425125181675,0.0263519287109375,0.0181003138422966
1884311939912,0.7601590752601624,-9.734824180603027,0.811634361743927,-0.014373779296875,0.0306108258664608,0.0090501569211483
1884313177175,0.8152256608009338,-9.6989107131958,0.8080430626869202,-0.01171196810901165,0.0311431884765625,0.00958251953125
1884314414437,0.8271967172622681,-9.738415718078613,0.8164227604866028,-0.015172322280704975,0.03034464456140995,0.007985432632267475
1884315651725,0.8068459630012512,-9.72165584564209,0.8212112188339233,-0.0157046839594841,0.03087700717151165,0.008517795242369175
1884316888975,0.7697358727455139,-9.732430458068848,0.8080430626869202,-0.0138414166867733,0.0330064557492733,0.004791259765625
1884318126262,0.7733271718025208,-9.708487510681152,0.8080430626869202,-0.0090501569211483,0.0306108258664608,0.0007985432748682797
1884319363512,0.7984662652015686,-9.746795654296875,0.8367735147476196,-0.00958251953125,0.02741665206849575,0.0042588976211845875
1884320600787,0.8164227604866028,-9.703699111938477,0.811634361743927,-0.010114881210029125,0.02794901467859745,0.0037265352439135313
1884321838050,0.8152256608009338,-9.701305389404297,0.8475474119186401,-0.00984870083630085,0.0306108258664608,-0.0031941730994731188
1884323075312,0.8415619134902954,-9.745597839355469,0.7864952683448792,-0.0039927163161337376,0.0311431884765625,-0.003460354171693325
1884324312575,0.8044517636299133,-9.728838920593262,0.7733271718025208,-0.0018632676219567657,0.0276828333735466,-0.0013309054775163531
1884325549862,0.7936778664588928,-9.75278091430664,0.8152256608009338,-0.0053236219100654125,0.0268842913210392,-0.0013309054775163531
1884326787125,0.8403648138046265,-9.727641105651855,0.8092401623725891,-0.00452507846057415,0.0295461006462574,-0.00958251953125
1884328024387,0.8583213090896606,-9.746795654296875,0.8104372620582581,-0.0005323622026480734,0.0247548408806324,-0.005057440605014563
1884329261662,0.8439561128616333,-9.72285270690918,0.8188169598579407,-0.0005323622026480734,0.02608574740588665,-0.0029279920272529125
1884330498925,0.8331822156906128,-9.724050521850586,0.7481880187988281,0.0005323622026480734,0.023956298828125,-0.00692070834338665
1884331736187,0.9085995554924011,-9.734824180603027,0.8080430626869202,0.0005323622026480734,0.02315775491297245,-0.005589802749454975
1884332973462,0.8343793153762817,-9.707290649414062,0.7924807667732239,-0.0007985432748682797,0.02262539230287075,-0.0114457868039608
1884334210737,0.8762778043746948,-9.716867446899414,0.7577648162841797,0.005057440605014563,0.02555338479578495,-0.012776692397892475
1884335447987,0.8547300100326538,-9.733627319335938,0.7793126702308655,0.0053236219100654125,0.02502102218568325,-0.00931633822619915
1884336685262,0.8307880163192749,-9.734824180603027,0.7637503743171692,0.003460354171693325,0.0210283063352108,-0.012776692397892475
1884337922525,0.8008604645729065,-9.712079048156738,0.7996633648872375,0.007453070487827063,0.02608574740588665,-0.0167694091796875
1884339159800,0.8571242094039917,-9.749189376831055,0.8631097078323364,0.0090501569211483,0.0223592109978199,-0.01783413253724575
1884340397075,0.8702923059463501,-9.725247383117676,0.7829039692878723,0.0071868896484375,0.02022976242005825,-0.01703559048473835
1884341634325,0.8379706144332886,-9.737218856811523,0.7625532746315002,0.0090501569211483,0.0215606689453125,-0.02022976242005825
1884342871600,0.8248025178909302,-9.75278091430664,0.7864952683448792,0.00931633822619915,0.02262539230287075,-0.01836649514734745
1884344108875,0.8403648138046265,-9.739612579345703,0.7864952683448792,0.01117960549890995,0.0220930315554142,-0.01943122036755085
1884345346125,0.8236054182052612,-9.744400978088379,0.767341673374176,0.006122165359556675,0.0167694091796875,-0.02076212503015995
1884346583400,0.8451532125473022,-9.710882186889648,0.7781155705451965,0.00692070834338665,0.01889885775744915,-0.0276828333735466
1884347820675,0.8487445116043091,-9.7791166305542,0.7709329724311829,0.005589802749454975,0.01943122036755085,-0.02315775491297245
1884349057950,0.8188169598579407,-9.759963035583496,0.7912836670875549,0.01171196810901165,0.01703559048473835,-0.0204959437251091
1884350295212,0.8188169598579407,-9.746795654296875,0.8080430626869202,0.012510511092841625,0.0181003138422966,-0.0215606689453125
1884351532487,0.8690952062606812,-9.783905029296875,0.7781155705451965,0.01171196810901165,0.015438503585755825,-0.0295461006462574
1884352769737,0.8786720037460327,-9.792284965515137,0.7841010689735413,0.01410759799182415,0.0119781494140625,-0.0311431884765625
1884354007000,0.8056488633155823,-9.747992515563965,0.7721300721168518,0.012510511092841625,0.0114457868039608,-0.0306108258664608
1884355244275,0.8355764150619507,-9.783905029296875,0.7613561749458313,0.01117960549890995,0.0138414166867733,-0.0276828333735466
1884356481550,0.871489405632019,-9.781511306762695,0.7745242714881897,0.013042873702943325,0.01410759799182415,-0.02794901467859745
1884357718812,0.8678981065750122,-9.817423820495605,0.7960720658302307,0.012776692397892475,0.015438503585755825,-0.02741665206849575
1884358956087,0.8595184087753296,-9.768342971801758,0.7924807667732239,0.0138414166867733,0.0167694091796875,-0.0295461006462574
1884360193362,0.8463503122329712,-9.801861763000488,0.7697358727455139,0.013309055007994175,0.012510511092841625,-0.03087700717151165
1884361430637,0.812831461429596,-9.770737648010254,0.788889467716217,0.014906140975654125,0.01117960549890995,-0.0292799212038517
1884362667887,0.871489405632019,-9.817423820495605,0.828393816947937,0.01597086526453495,0.014373779296875,-0.0324740931391716
1884363905162,0.8834604620933533,-9.829395294189453,0.8152256608009338,0.01597086526453495,0.010114881210029125,-0.0271504707634449
1884365142437,0.8583213090896606,-9.789891242980957,0.7709329724311829,0.014373779296875,0.008517795242369175,-0.0311431884765625
1884366379687,0.8595184087753296,-9.77791976928711,0.7625532746315002,0.013309055007994175,0.00984870083630085,-0.0319417305290699
1884367616962,0.871489405632019,-9.794679641723633,0.7721300721168518,0.0162370465695858,0.010114881210029125,-0.0348697230219841
1884368854212,0.9014169573783875,-9.817423820495605,0.7613561749458313,0.0167694091796875,0.0114457868039608,-0.0359344482421875
1884370091487,0.872686505317688,-9.837775230407715,0.7841010689735413,0.01410759799182415,0.008251613937318325,-0.0316755510866642
1884371328762,0.8834604620933533,-9.770737648010254,0.7829039692878723,0.0162370465695858,0.00958251953125,-0.03034464456140995
1884372566012,0.8188169598579407,-9.819818496704102,0.7841010689735413,0.01756795309484005,0.006122165359556675,-0.0292799212038517
1884373803312,0.8331822156906128,-9.821015357971191,0.7577648162841797,0.0191650390625,0.0066545275039970875,-0.0300784632563591
1884375040575,0.8906430602073669,-9.835380554199219,0.7637503743171692,0.0157046839594841,0.0071868896484375,-0.0319417305290699
1884376277850,0.8942343592643738,-9.774328231811523,0.7757213711738586,0.01783413253724575,0.0077192517928779125,-0.0351359061896801
1884377515087,0.8391677141189575,-9.824606895446777,0.7972691655158997,0.01650322787463665,0.004791259765625,-0.038330078125
1884378752362,0.8583213090896606,-9.816226959228516,0.8068459630012512,0.010381062515079975,0.0071868896484375,-0.0319417305290699
1884379989637,0.8271967172622681,-9.795876502990723,0.7565677165985107,0.013309055007994175,0.0077192517928779125,-0.02981228195130825
1884381226912,0.8655039072036743,-9.799468040466309,0.7541735172271729,0.012776692397892475,0.00692070834338665,-0.0362006276845932
1884382464162,0.8750807046890259,-9.78869342803955,0.768538773059845,0.01650322787463665,0.008251613937318325,-0.033538818359375
1884383701437,0.8858546614646912,-9.782708168029785,0.812831461429596,0.0119781494140625,0.0063883461989462376,-0.033538818359375
1884384938725,0.8391677141189575,-9.791088104248047,0.7661445736885071,0.01224433071911335,0.005855984054505825,-0.0372653529047966
1884386175975,0.8619126081466675,-9.800664901733398,0.7410054206848145,0.01889885775744915,0.0053236219100654125,-0.0354020856320858
1884387413262,0.8918401598930359,-9.786299705505371,0.7613561749458313,0.01703559048473835,0.00452507846057415,-0.0346035435795784
1884388650512,0.8595184087753296,-9.807847023010254,0.7625532746315002,0.015172322280704975,0.003460354171693325,-0.03034464456140995
1884389887787,0.8583213090896606,-9.801861763000488,0.7793126702308655,0.015438503585755825,0.0053236219100654125,-0.0356682650744915
1884391125050,0.8571242094039917,-9.823410034179688,0.7841010689735413,0.0138414166867733,0.0023956298828125,-0.0369991734623909
1884392362300,0.912190854549408,-9.783905029296875,0.7481880187988281,0.01171196810901165,0.0023956298828125,-0.0314093679189682
1884393599587,0.8655039072036743,-9.803058624267578,0.7565677165985107,0.0191650390625,0.008517795242369175,-0.03087700717151165
1884394836850,0.8774749040603638,-9.819818496704102,0.7613561749458313,0.0186326764523983,0.005589802749454975,-0.0364668108522892
1884396074125,0.9026140570640564,-9.804256439208984,0.7230489253997803,0.015172322280704975,0.00452507846057415,-0.038063894957304
1884397311387,0.8738836050033569,-9.797073364257812,0.7565677165985107,0.0167694091796875,0.0053236219100654125,-0.0343373604118824
1884398548675,0.8307880163192749,-9.767146110534668,0.751779317855835,0.01597086526453495,0.0053236219100654125,-0.033272635191679
1884399785937,0.8559271097183228,-9.798270225524902,0.7984662652015686,0.01650322787463665,0.0063883461989462376,-0.0300784632563591
1884401023187,0.872686505317688,-9.770737648010254,0.7960720658302307,0.01703559048473835,0.008783976547420025,-0.038063894957304
1884402260462,0.8786720037460327,-9.787496566772461,0.788889467716217,0.02022976242005825,0.0066545275039970875,-0.0340711809694767
1884403497725,0.8523358106613159,-9.756372451782227,0.7637503743171692,0.0204959437251091,0.003460354171693325,-0.033272635191679
1884404735000,0.888248860836029,-9.771934509277344,0.7733271718025208,0.01943122036755085,0.005057440605014563,-0.0348697230219841
1884405972262,0.8678981065750122,-9.77672290802002,0.7864952683448792,0.0204959437251091,0.0063883461989462376,-0.0324740931391716
1884407209537,0.8870517611503601,-9.793481826782227,0.8020575642585754,0.0191650390625,0.006122165359556675,-0.0306108258664608
1884408446812,0.8822633624076843,-9.799468040466309,0.7553706169128418,0.0191650390625,0.0039927163161337376,-0.02901373989880085
1884409684087,0.8822633624076843,-9.789891242980957,0.7769184708595276,0.01650322787463665,0.008251613937318325,-0.0324740931391716
1884410921350,0.9157821536064148,-9.815030097961426,0.7661445736885071,0.0210283063352108,0.008251613937318325,-0.0316755510866642
1884412158575,0.8954314589500427,-9.81143856048584,0.7864952683448792,0.0220930315554142,0.0037265352439135313,-0.0322079136967659
1884413395875,0.8858546614646912,-9.756372451782227,0.7769184708595276,0.01756795309484005,0.008251613937318325,-0.0306108258664608
1884414633137,0.8858546614646912,-9.747992515563965,0.8020575642585754,0.02076212503015995,0.0053236219100654125,-0.0319417305290699
1884415870425,0.8702923059463501,-9.805453300476074,0.8032546639442444,0.0210283063352108,0.008517795242369175,-0.0292799212038517
1884417107675,0.8810662031173706,-9.767146110534668,0.8068459630012512,0.0215606689453125,0.006122165359556675,-0.0271504707634449
1884418344950,0.871489405632019,-9.797073364257812,0.8248025178909302,0.02555338479578495,0.0015970865497365594,-0.033272635191679
1884419582212,0.8427590131759644,-9.7791166305542,0.7984662652015686,0.0258195661008358,-0.0005323622026480734,-0.0330064557492733
1884420819500,0.8487445116043091,-9.743204116821289,0.7793126702308655,0.0247548408806324,0.005855984054505825,-0.0220930315554142
1884422056750,0.8607155084609985,-9.702502250671387,0.7948749661445618,0.02369011752307415,0.0066545275039970875,-0.0196974016726017
1884423294012,0.8786720037460327,-9.749189376831055,0.8140285611152649,0.02422248013317585,0.004791259765625,-0.02315775491297245
1884424531275,0.8403648138046265,-9.747992515563965,0.7709329724311829,0.0292799212038517,0.0053236219100654125,-0.0210283063352108
1884425768562,0.851138710975647,-9.720458984375,0.7984662652015686,0.0375315360724926,0.00958251953125,-0.01171196810901165
1884427005825,0.8104372620582581,-9.782708168029785,0.768538773059845,0.03034464456140995,0.008783976547420025,-0.012776692397892475
1884428243100,0.8176198601722717,-9.763554573059082,0.7565677165985107,0.0271504707634449,0.007453070487827063,-0.013042873702943325
1884429480362,0.811634361743927,-9.783905029296875,0.7254431247711182,0.02901373989880085,0.00931633822619915,-0.010647243820130825
1884430717637,0.8415619134902954,-9.773131370544434,0.7350199222564697,0.0343373604118824,0.00452507846057415,-0.010381062515079975
1884431954900,0.8367735147476196,-9.834183692932129,0.7469909191131592,0.03034464456140995,0.007985432632267475,-0.003460354171693325
1884433192162,0.8259996175765991,-9.854534149169922,0.7146692276000977,0.0300784632563591,0.010381062515079975,0.0
1884434429425,0.8583213090896606,-9.829395294189453,0.729034423828125,0.0324740931391716,0.008251613937318325,-0.0042588976211845875
1884435666712,0.8475474119186401,-9.8784761428833,0.7206547260284424,0.0300784632563591,0.0071868896484375,0.0037265352439135313
1884436903962,0.8343793153762817,-9.865307807922363,0.727837324142456,0.0223592109978199,0.010381062515079975,0.00452507846057415
1884438141237,0.8655039072036743,-9.885659217834473,0.8068459630012512,0.02848137728869915,0.0119781494140625,0.0031941730994731188
1884439378525,0.8403648138046265,-9.885659217834473,0.7721300721168518,0.02794901467859745,0.010913425125181675,0.0015970865497365594
1884440615775,0.8559271097183228,-9.909601211547852,0.7924807667732239,0.0292799212038517,0.008783976547420025,0.0053236219100654125
1884441853037,0.8547300100326538,-9.925163269042969,0.751779317855835,0.0276828333735466,0.010913425125181675,0.00931633822619915
1884443090300,0.8200140595436096,-9.93354320526123,0.7398083209991455,0.0215606689453125,0.010647243820130825,0.00958251953125
1884444327575,0.8020575642585754,-9.919178009033203,0.7553706169128418,0.0244886614382267,0.00931633822619915,0.01463996060192585
1884445564862,0.7793126702308655,-9.959878921508789,0.7386112213134766,0.02129448764026165,0.01703559048473835,0.00984870083630085
1884446802125,0.7565677165985107,-9.965864181518555,0.7170634269714355,0.01889885775744915,0.01756795309484005,0.008517795242369175
1884448039387,0.7493851184844971,-9.939528465270996,0.7445967197418213,0.01703559048473835,0.0157046839594841,0.010381062515079975
1884449276675,0.7481880187988281,-9.981427192687988,0.7876923680305481,0.0157046839594841,0.0162370465695858,0.010913425125181675
1884450513925,0.729034423828125,-10.008960723876953,0.7182605266571045,0.01171196810901165,0.01943122036755085,0.00692070834338665
1884451751187,0.7493851184844971,-9.971850395202637,0.7134721279144287,0.013309055007994175,0.02502102218568325,0.0119781494140625
1884452988462,0.7254431247711182,-9.996989250183105,0.7182605266571045,0.01117960549890995,0.0234239362180233,0.012776692397892475
1884454225712,0.706289529800415,-10.004172325134277,0.7206547260284424,0.00984870083630085,0.0220930315554142,0.010913425125181675
1884455463000,0.7146692276000977,-9.98980712890625,0.6931213736534119,0.005589802749454975,0.0263519287109375,0.013309055007994175
1884456700262,0.6727706789970398,-9.99339771270752,0.6847416758537292,0.0063883461989462376,0.0252872034907341,0.0173017717897892
1884457937512,0.7266402244567871,-10.037691116333008,0.7158663272857666,0.010913425125181675,0.02369011752307415,0.0157046839594841
1884459174800,0.7182605266571045,-10.029311180114746,0.7362170219421387,0.010114881210029125,0.0282151959836483,0.0210283063352108
1884460412062,0.7721300721168518,-9.995792388916016,0.7218518257141113,0.0037265352439135313,0.033272635191679,0.02369011752307415
1884461649337,0.767341673374176,-10.002974510192871,0.7410054206848145,0.0031941730994731188,0.0300784632563591,0.0276828333735466
1884462886587,0.8092401623725891,-9.961075782775879,0.751779317855835,0.004791259765625,0.0327402763068676,0.03034464456140995
1884464123887,0.8008604645729065,-9.938331604003906,0.7577648162841797,0.0031941730994731188,0.0354020856320858,0.03087700717151165
1884465361137,0.8008604645729065,-9.962273597717285,0.7386112213134766,0.0007985432748682797,0.0324740931391716,0.0327402763068676
1884466598400,0.8547300100326538,-9.928754806518555,0.7757213711738586,-0.003460354171693325,0.0314093679189682,0.0327402763068676
1884467835675,0.790086567401886,-9.923966407775879,0.7589619159698486,-0.0002661811013240367,0.0388624407351017,0.0343373604118824
1884469072937,0.8583213090896606,-9.962273597717285,0.7781155705451965,0.0002661811013240367,0.0388624407351017,0.038063894957304
1884470310212,0.849941611289978,-9.913191795349121,0.7876923680305481,-0.003460354171693325,0.033538818359375,0.0385962575674057
1884471547487,0.8068459630012512,-9.927556991577148,0.7745242714881897,-0.00452507846057415,0.0375315360724926,0.033538818359375
1884472784762,0.8200140595436096,-9.892841339111328,0.7972691655158997,0.0,0.0391286201775074,0.0369991734623909
1884474022000,0.8547300100326538,-9.916783332824707,0.7709329724311829,-0.0013309054775163531,0.0340711809694767,0.0377977155148983
1884475259287,0.7996633648872375,-9.917980194091797,0.7601590752601624,-0.0042588976211845875,0.0351359061896801,0.0348697230219841
1884476496550,0.8188169598579407,-9.891644477844238,0.7841010689735413,-0.008251613937318325,0.042855154722929,0.0404595248401165
1884477733825,0.8032546639442444,-9.920374870300293,0.7661445736885071,-0.0090501569211483,0.0404595248401165,0.0356682650744915
1884478971100,0.8020575642585754,-9.898826599121094,0.811634361743927,-0.00958251953125,0.0354020856320858,0.0346035435795784
1884480208350,0.829590916633606,-9.892841339111328,0.7829039692878723,-0.0066545275039970875,0.0391286201775074,0.03087700717151165
1884481445625,0.8607155084609985,-9.923966407775879,0.7733271718025208,-0.01463996060192585,0.043121337890625,0.03087700717151165
1884482682900,0.8248025178909302,-9.919178009033203,0.751779317855835,-0.010381062515079975,0.0441860631108284,0.0300784632563591
1884483920175,0.8403648138046265,-9.90361499786377,0.7637503743171692,-0.010647243820130825,0.0420566126704216,0.02874755859375
1884485157437,0.8523358106613159,-9.907206535339355,0.7350199222564697,-0.015438503585755825,0.0433875173330307,0.0311431884765625
1884486394675,0.8427590131759644,-9.90361499786377,0.7661445736885071,-0.013309055007994175,0.0396609827876091,0.02794901467859745
1884487631962,0.8559271097183228,-9.921571731567383,0.7984662652015686,-0.0119781494140625,0.0396609827876091,0.02901373989880085
1884488869237,0.8667010068893433,-9.895236015319824,0.8068459630012512,-0.00958251953125,0.0425889752805233,0.02741665206849575
1884490106500,0.8475474119186401,-9.884461402893066,0.8403648138046265,-0.010647243820130825,0.0396609827876091,0.02502102218568325
1884491343775,0.8379706144332886,-9.90361499786377,0.8271967172622681,-0.01410759799182415,0.0471140518784523,0.0204959437251091
1884492581037,0.849941611289978,-9.920374870300293,0.812831461429596,-0.012510511092841625,0.0433875173330307,0.0181003138422966
1884493818312,0.8415619134902954,-9.931148529052734,0.8068459630012512,-0.010114881210029125,0.042855154722929,0.01889885775744915
1884495055587,0.9062053561210632,-9.891644477844238,0.8032546639442444,-0.005855984054505825,0.0407257080078125,0.02422248013317585
1884496292875,0.8798691034317017,-9.871294021606445,0.7577648162841797,-0.006122165359556675,0.0425889752805233,0.02608574740588665
1884497530112,0.8978256583213806,-9.921571731567383,0.8259996175765991,-0.010114881210029125,0.0385962575674057,0.01836649514734745
1884498767387,0.9062053561210632,-9.906009674072266,0.7960720658302307,-0.0066545275039970875,0.0409918874502182,0.015172322280704975
1884500004650,0.9265560507774353,-9.859322547912598,0.8080430626869202,-0.00692070834338665,0.0452507846057415,0.01756795309484005
1884501241937,0.9026140570640564,-9.850942611694336,0.8535329103469849,-0.0077192517928779125,0.0412580706179142,0.014906140975654125
1884502479200,0.9145850539207458,-9.859322547912598,0.8643068075180054,-0.00931633822619915,0.0385962575674057,0.012776692397892475
1884503716450,0.9253589510917664,-9.805453300476074,0.8810662031173706,-0.0090501569211483,0.0369991734623909,0.01410759799182415
1884504953712,0.9516952037811279,-9.789891242980957,0.8355764150619507,-0.0063883461989462376,0.0407257080078125,0.015172322280704975
1884506190987,0.9469068050384521,-9.785102844238281,0.8092401623725891,-0.004791259765625,0.038330078125,0.014373779296875
1884507428262,0.9457097053527832,-9.80904483795166,0.8152256608009338,-0.0042588976211845875,0.02901373989880085,0.01650322787463665
1884508665537,0.9181763529777527,-9.785102844238281,0.8571242094039917,-0.0031941730994731188,0.0324740931391716,0.015172322280704975
1884509902812,0.9552865028381348,-9.792284965515137,0.8463503122329712,-0.0007985432748682797,0.03034464456140995,0.013309055007994175
1884511140062,0.9780313968658447,-9.75158405303955,0.8319851160049438,-0.0018632676219567657,0.0348697230219841,0.00931633822619915
1884512377337,0.9457097053527832,-9.77791976928711,0.8188169598579407,-0.0010647244052961469,0.0295461006462574,0.0063883461989462376
1884513614600,0.9624691009521484,-9.764751434326172,0.8212112188339233,0.0005323622026480734,0.02848137728869915,0.00984870083630085
1884514851875,0.970848798751831,-9.795876502990723,0.8259996175765991,0.0005323622026480734,0.02741665206849575,0.007985432632267475
1884516089150,0.9433155059814453,-9.761160850524902,0.811634361743927,0.0031941730994731188,0.02848137728869915,0.005057440605014563
1884517326425,0.910993754863739,-9.782708168029785,0.8619126081466675,0.0037265352439135313,0.02848137728869915,0.005589802749454975
1884518563687,0.9229647517204285,-9.7420072555542,0.8044517636299133,0.007453070487827063,0.0252872034907341,0.0071868896484375
1884519800950,0.9074024558067322,-9.767146110534668,0.8259996175765991,0.005589802749454975,0.02315775491297245,0.0077192517928779125
1884521038225,0.9253589510917664,-9.773131370544434,0.7996633648872375,0.006122165359556675,0.02555338479578495,-0.0010647244052961469
1884522275487,0.9481039047241211,-9.734824180603027,0.8200140595436096,0.00958251953125,0.02262539230287075,0.007453070487827063
1884523512750,0.9157821536064148,-9.807847023010254,0.812831461429596,0.013309055007994175,0.015172322280704975,0.007985432632267475
1884524750025,0.9445126056671143,-9.801861763000488,0.828393816947937,0.007453070487827063,0.0162370465695858,0.0007985432748682797
1884525987275,0.9409212470054626,-9.77791976928711,0.8248025178909302,0.00931633822619915,0.0167694091796875,-0.0042588976211845875
1884527224550,0.9145850539207458,-9.818621635437012,0.8307880163192749,0.008517795242369175,0.01463996060192585,0.0023956298828125
1884528461812,0.9516952037811279,-9.832986831665039,0.8032546639442444,0.0066545275039970875,0.014373779296875,0.0021294488105922937
1884529699100,0.9457097053527832,-9.816226959228516,0.8343793153762817,0.0090501569211483,0.012510511092841625,0.0010647244052961469
1884530936362,0.9373299479484558,-9.813833236694336,0.7996633648872375,0.010114881210029125,0.0119781494140625,-0.0010647244052961469
1884532173625,0.9397241473197937,-9.780314445495605,0.8379706144332886,0.0090501569211483,0.01171196810901165,-0.0026618109550327063
1884533410900,0.9600749015808105,-9.827000617980957,0.7972691655158997,0.00984870083630085,0.004791259765625,0.0
1884534648162,0.9552865028381348,-9.801861763000488,0.7948749661445618,0.0114457868039608,0.00984870083630085,0.0023956298828125
1884535885437,0.9241618514060974,-9.793481826782227,0.8355764150619507,0.01224433071911335,0.0063883461989462376,-0.0029279920272529125
1884537122700,0.9313444495201111,-9.801861763000488,0.8379706144332886,0.010647243820130825,0.0031941730994731188,-0.0053236219100654125
1884538359975,0.9540894031524658,-9.745597839355469,0.8271967172622681,0.008783976547420025,0.0037265352439135313,-0.007453070487827063
1884539597250,0.9852139949798584,-9.75397777557373,0.8319851160049438,0.0053236219100654125,0.0018632676219567657,-0.006122165359556675
1884540834512,0.9433155059814453,-9.780314445495605,0.767341673374176,0.010913425125181675,0.0039927163161337376,-0.0021294488105922937
1884542071787,0.9409212470054626,-9.745597839355469,0.790086567401886,0.0119781494140625,-0.0010647244052961469,-0.0063883461989462376
1884543309050,0.9181763529777527,-9.746795654296875,0.7924807667732239,0.01224433071911335,-0.0071868896484375,-0.0053236219100654125
1884544546325,0.9421183466911316,-9.75278091430664,0.8032546639442444,0.0167694091796875,-0.008251613937318325,-0.00452507846057415
1884545783587,0.9720458984375,-9.750386238098145,0.811634361743927,0.012510511092841625,-0.0037265352439135313,-0.007453070487827063
1884547020837,0.9373299479484558,-9.78869342803955,0.8020575642585754,0.008251613937318325,-0.008783976547420025,-0.005057440605014563
1884548258125,0.9457097053527832,-9.761160850524902,0.7876923680305481,0.00692070834338665,-0.01117960549890995,-0.0039927163161337376
1884549495387,0.912190854549408,-9.75397777557373,0.7817068696022034,0.00931633822619915,-0.012776692397892475,-0.007985432632267475
1884550732662,0.9193734526634216,-9.732430458068848,0.7625532746315002,0.00984870083630085,-0.012510511092841625,-0.010647243820130825
1884551969950,0.9516952037811279,-9.764751434326172,0.7912836670875549,0.00931633822619915,-0.0119781494140625,-0.005589802749454975
1884553207200,0.9026140570640564,-9.7420072555542,0.8008604645729065,0.00931633822619915,-0.0157046839594841,-0.00692070834338665
1884554444475,0.8978256583213806,-9.768342971801758,0.7924807667732239,0.0066545275039970875,-0.0196974016726017,-0.007985432632267475
1884555681750,0.9157821536064148,-9.770737648010254,0.7637503743171692,0.00958251953125,-0.02129448764026165,-0.006122165359556675
1884556918987,0.8810662031173706,-9.758766174316406,0.768538773059845,0.00958251953125,-0.0162370465695858,-0.007985432632267475
1884558156250,0.8930372595787048,-9.78869342803955,0.7781155705451965,0.01171196810901165,-0.0191650390625,-0.01171196810901165
1884559393537,0.8786720037460327,-9.786299705505371,0.7445967197418213,0.01224433071911335,-0.023956298828125,-0.01117960549890995
1884560630800,0.9205705523490906,-9.84376049041748,0.7601590752601624,0.00452507846057415,-0.02315775491297245,-0.00984870083630085
1884561868087,0.8798691034317017,-9.806650161743164,0.750582218170166,0.0031941730994731188,-0.0223592109978199,-0.007453070487827063
1884563105337,0.8786720037460327,-9.873687744140625,0.7745242714881897,0.007985432632267475,-0.02315775491297245,-0.008251613937318325
1884564342625,0.9014169573783875,-9.838972091674805,0.7781155705451965,0.0090501569211483,-0.02502102218568325,-0.012776692397892475
1884565579900,0.8619126081466675,-9.859322547912598,0.788889467716217,0.007453070487827063,-0.0220930315554142,-0.00984870083630085
1884566817162,0.8774749040603638,-9.840168952941895,0.7457938194274902,0.008783976547420025,-0.0258195661008358,-0.0090501569211483
1884568054425,0.872686505317688,-9.852140426635742,0.7769184708595276,0.008783976547420025,-0.0292799212038517,-0.010647243820130825
1884569291700,0.8559271097183228,-9.855731010437012,0.7589619159698486,0.006122165359556675,-0.0377977155148983,-0.012510511092841625
1884570528962,0.871489405632019,-9.872490882873535,0.7410054206848145,0.0037265352439135313,-0.0338049978017807,-0.014373779296875
1884571766237,0.9002198576927185,-9.895236015319824,0.7733271718025208,0.0023956298828125,-0.0292799212038517,-0.014906140975654125
1884573003512,0.8619126081466675,-9.910798072814941,0.7649474740028381,0.0037265352439135313,-0.0362006276845932,-0.0119781494140625
1884574240775,0.851138710975647,-9.86650562286377,0.7697358727455139,0.0029279920272529125,-0.0346035435795784,-0.0162370465695858
1884575478050,0.8224083185195923,-9.856928825378418,0.7326257228851318,0.0007985432748682797,-0.0306108258664608,-0.0077192517928779125
1884576715312,0.8307880163192749,-9.823410034179688,0.7553706169128418,0.0002661811013240367,-0.0330064557492733,-0.0077192517928779125
1884577952562,0.8678981065750122,-9.848548889160156,0.7613561749458313,-0.0007985432748682797,-0.033272635191679,-0.0090501569211483
1884579189825,0.8379706144332886,-9.818621635437012,0.7805097699165344,-0.0007985432748682797,-0.0369991734623909,-0.010647243820130825
1884580427087,0.9085995554924011,-9.870096206665039,0.7829039692878723,0.0002661811013240367,-0.0369991734623909,-0.014373779296875
1884581664375,0.8547300100326538,-9.804256439208984,0.7553706169128418,-0.0018632676219567657,-0.03087700717151165,-0.01171196810901165
1884582901637,0.812831461429596,-9.821015357971191,0.7433996200561523,-0.0031941730994731188,-0.0306108258664608,-0.015172322280704975
1884584138912,0.8655039072036743,-9.795876502990723,0.7541735172271729,-0.008251613937318325,-0.0354020856320858,-0.01836649514734745
1884585376175,0.8355764150619507,-9.81263542175293,0.7864952683448792,-0.0066545275039970875,-0.0457831472158432,-0.01836649514734745
1884586613450,0.8595184087753296,-9.828198432922363,0.7457938194274902,-0.007985432632267475,-0.0396609827876091,-0.01463996060192585
1884587850725,0.872686505317688,-9.783905029296875,0.7350199222564697,-0.005589802749454975,-0.0351359061896801,-0.0173017717897892
1884589088000,0.8439561128616333,-9.807847023010254,0.729034423828125,-0.005855984054505825,-0.0348697230219841,-0.0196974016726017
1884590325262,0.8702923059463501,-9.793481826782227,0.7876923680305481,-0.0071868896484375,-0.0364668108522892,-0.023956298828125
1884591562525,0.9026140570640564,-9.816226959228516,0.7613561749458313,-0.005589802749454975,-0.0407257080078125,-0.0196974016726017
1884592799800,0.8619126081466675,-9.815030097961426,0.7601590752601624,-0.0039927163161337376,-0.038330078125,-0.01996358297765255
1884594037062,0.8571242094039917,-9.81263542175293,0.7565677165985107,-0.005057440605014563,-0.0385962575674057,-0.0167694091796875
1884595274337,0.8403648138046265,-9.773131370544434,0.7565677165985107,-0.0066545275039970875,-0.0423227921128273,-0.01703559048473835
1884596511600,0.8930372595787048,-9.75278091430664,0.7565677165985107,-0.007453070487827063,-0.0420566126704216,-0.02369011752307415
1884597748875,0.8607155084609985,-9.804256439208984,0.7745242714881897,-0.005057440605014563,-0.0455169677734375,-0.02182685025036335
1884598986150,0.8667010068893433,-9.750386238098145,0.7541735172271729,-0.00452507846057415,-0.0468478724360466,-0.01943122036755085
1884600223412,0.8319851160049438,-9.75158405303955,0.7589619159698486,-0.004791259765625,-0.0393948033452034,-0.02369011752307415
1884601460687,0.8355764150619507,-9.786299705505371,0.7852981686592102,-0.00452507846057415,-0.0385962575674057,-0.0244886614382267
1884602697962,0.8439561128616333,-9.740809440612793,0.7541735172271729,0.0015970865497365594,-0.0364668108522892,-0.0252872034907341
1884603935212,0.8343793153762817,-9.718064308166504,0.7661445736885071,0.0002661811013240367,-0.0391286201775074,-0.0252872034907341
1884605172475,0.8846575617790222,-9.756372451782227,0.7852981686592102,-0.005589802749454975,-0.0407257080078125,-0.02422248013317585
1884606409775,0.8619126081466675,-9.795876502990723,0.7781155705451965,-0.005589802749454975,-0.0439198799431324,-0.0244886614382267
1884607647025,0.8224083185195923,-9.750386238098145,0.7625532746315002,-0.0018632676219567657,-0.0415242500603199,-0.0268842913210392
1884608884287,0.8738836050033569,-9.805453300476074,0.7721300721168518,-0.0010647244052961469,-0.0362006276845932,-0.0247548408806324
1884610121562,0.8678981065750122,-9.817423820495605,0.7541735172271729,0.0010647244052961469,-0.0407257080078125,-0.0263519287109375
1884611358825,0.811634361743927,-9.830592155456543,0.7793126702308655,0.0015970865497365594,-0.0417904332280159,-0.0271504707634449
1884612596100,0.8176198601722717,-9.785102844238281,0.788889467716217,-0.0039927163161337376,-0.0364668108522892,-0.0220930315554142
1884613833387,0.8212112188339233,-9.745597839355469,0.7374141216278076,-0.0007985432748682797,-0.0377977155148983,-0.02502102218568325
1884615070637,0.8092401623725891,-9.781511306762695,0.7757213711738586,0.0018632676219567657,-0.0385962575674057,-0.0276828333735466
1884616307900,0.8092401623725891,-9.791088104248047,0.751779317855835,0.0015970865497365594,-0.0391286201775074,-0.02848137728869915
1884617545175,0.8343793153762817,-9.749189376831055,0.750582218170166,0.0042588976211845875,-0.0425889752805233,-0.0268842913210392
1884618782462,0.8032546639442444,-9.75517463684082,0.788889467716217,0.0021294488105922937,-0.0439198799431324,-0.0295461006462574
1884620019712,0.7864952683448792,-9.792284965515137,0.7493851184844971,0.0013309054775163531,-0.0412580706179142,-0.0300784632563591
1884621256975,0.8212112188339233,-9.767146110534668,0.7374141216278076,0.0021294488105922937,-0.0372653529047966,-0.0247548408806324
1884622494275,0.8391677141189575,-9.759963035583496,0.7553706169128418,0.0005323622026480734,-0.0423227921128273,-0.02369011752307415
1884623731525,0.8595184087753296,-9.700108528137207,0.7805097699165344,0.0037265352439135313,-0.038063894957304,-0.02315775491297245
1884624968800,0.8427590131759644,-9.6989107131958,0.8164227604866028,0.00452507846057415,-0.0404595248401165,-0.02315775491297245
1884626206075,0.8571242094039917,-9.71926212310791,0.7984662652015686,0.005855984054505825,-0.0375315360724926,-0.0252872034907341
1884627443337,0.8738836050033569,-9.683348655700684,0.7733271718025208,0.007985432632267475,-0.0372653529047966,-0.0268842913210392
1884628680600,0.8224083185195923,-9.715670585632324,0.7661445736885071,0.0071868896484375,-0.0385962575674057,-0.0234239362180233
1884629917862,0.8475474119186401,-9.700108528137207,0.7769184708595276,0.007985432632267475,-0.0346035435795784,-0.02741665206849575
1884631155150,0.8487445116043091,-9.667786598205566,0.788889467716217,0.007453070487827063,-0.0359344482421875,-0.0292799212038517
1884632392400,0.828393816947937,-9.673771858215332,0.7876923680305481,0.01117960549890995,-0.0346035435795784,-0.02076212503015995
1884633629675,0.8583213090896606,-9.691728591918945,0.7960720658302307,0.00984870083630085,-0.0407257080078125,-0.0234239362180233
1884634866962,0.8104372620582581,-9.696516990661621,0.7469909191131592,0.01171196810901165,-0.038330078125,-0.0234239362180233
1884636104212,0.8092401623725891,-9.672574996948242,0.7649474740028381,0.012510511092841625,-0.0375315360724926,-0.0252872034907341
1884637341462,0.8834604620933533,-9.679757118225098,0.7924807667732239,0.01650322787463665,-0.0415242500603199,-0.0191650390625
1884638578750,0.8080430626869202,-9.679757118225098,0.7805097699165344,0.01996358297765255,-0.0391286201775074,-0.01836649514734745
1884639816025,0.8080430626869202,-9.692925453186035,0.7829039692878723,0.02129448764026165,-0.0362006276845932,-0.0228915736079216
1884641053287,0.8224083185195923,-9.732430458068848,0.7350199222564697,0.0210283063352108,-0.0351359061896801,-0.02315775491297245
1884642290550,0.8044517636299133,-9.706093788146973,0.767341673374176,0.0210283063352108,-0.0393948033452034,-0.02182685025036335
1884643527825,0.8176198601722717,-9.702502250671387,0.7469909191131592,0.02262539230287075,-0.0447184219956398,-0.0186326764523983
1884644765075,0.8307880163192749,-9.744400978088379,0.7613561749458313,0.02422248013317585,-0.0340711809694767,-0.01889885775744915
1884646002350,0.8164227604866028,-9.708487510681152,0.7972691655158997,0.02369011752307415,-0.033272635191679,-0.0167694091796875
1884647239637,0.8427590131759644,-9.72285270690918,0.7769184708595276,0.02129448764026165,-0.0364668108522892,-0.0157046839594841
1884648476900,0.8858546614646912,-9.7420072555542,0.7876923680305481,0.023956298828125,-0.0364668108522892,-0.0204959437251091
1884649714175,0.7936778664588928,-9.774328231811523,0.829590916633606,0.02741665206849575,-0.0330064557492733,-0.0173017717897892
1884650951437,0.8164227604866028,-9.759963035583496,0.811634361743927,0.0314093679189682,-0.0401933453977108,-0.0186326764523983
1884652188700,0.8343793153762817,-9.750386238098145,0.7996633648872375,0.0263519287109375,-0.0340711809694767,-0.012510511092841625
1884653425975,0.8690952062606812,-9.774328231811523,0.768538773059845,0.02794901467859745,-0.0351359061896801,-0.014373779296875
1884654663237,0.8271967172622681,-9.803058624267578,0.7493851184844971,0.0300784632563591,-0.033538818359375,-0.015438503585755825
1884655900500,0.8870517611503601,-9.794679641723633,0.788889467716217,0.03087700717151165,-0.0327402763068676,-0.01650322787463665
1884657137762,0.8439561128616333,-9.768342971801758,0.8008604645729065,0.0234239362180233,-0.0351359061896801,-0.0186326764523983
1884658375050,0.8535329103469849,-9.782708168029785,0.7876923680305481,0.0258195661008358,-0.0369991734623909,-0.01996358297765255
1884659612312,0.8595184087753296,-9.800664901733398,0.8056488633155823,0.0322079136967659,-0.0348697230219841,-0.0157046839594841
1884660849612,0.8427590131759644,-9.80904483795166,0.811634361743927,0.033272635191679,-0.0311431884765625,-0.015172322280704975
1884662086850,0.8056488633155823,-9.783905029296875,0.8176198601722717,0.0364668108522892,-0.0306108258664608,-0.0173017717897892
1884663324125,0.8080430626869202,-9.791088104248047,0.7972691655158997,0.0300784632563591,-0.0346035435795784,-0.015438503585755825
1884664561387,0.8200140595436096,-9.75397777557373,0.788889467716217,0.0324740931391716,-0.0319417305290699,-0.02076212503015995
1884665798650,0.8451532125473022,-9.797073364257812,0.7649474740028381,0.0343373604118824,-0.0343373604118824,-0.0196974016726017
1884667035950,0.811634361743927,-9.815030097961426,0.7996633648872375,0.0330064557492733,-0.0356682650744915,-0.013309055007994175
1884668273212,0.8008604645729065,-9.791088104248047,0.7553706169128418,0.0388624407351017,-0.0364668108522892,-0.0167694091796875
1884669510475,0.8463503122329712,-9.837775230407715,0.7457938194274902,0.0388624407351017,-0.033538818359375,-0.0220930315554142
1884670747750,0.8248025178909302,-9.799468040466309,0.8008604645729065,0.0364668108522892,-0.0346035435795784,-0.02502102218568325
1884671985012,0.8547300100326538,-9.803058624267578,0.7864952683448792,0.0375315360724926,-0.0362006276845932,-0.0215606689453125
1884673222275,0.872686505317688,-9.787496566772461,0.7876923680305481,0.0343373604118824,-0.0314093679189682,-0.02369011752307415
1884674459537,0.8559271097183228,-9.805453300476074,0.8164227604866028,0.0322079136967659,-0.0306108258664608,-0.02555338479578495
1884675696825,0.849941611289978,-9.774328231811523,0.8068459630012512,0.033538818359375,-0.0300784632563591,-0.0300784632563591
1884676934075,0.8583213090896606,-9.7791166305542,0.7960720658302307,0.038063894957304,-0.02901373989880085,-0.02848137728869915
1884678171350,0.8607155084609985,-9.782708168029785,0.7972691655158997,0.033538818359375,-0.02901373989880085,-0.0234239362180233
1884679408612,0.8619126081466675,-9.818621635437012,0.7805097699165344,0.0375315360724926,-0.0338049978017807,-0.02502102218568325
1884680645887,0.8583213090896606,-9.768342971801758,0.7829039692878723,0.0348697230219841,-0.0346035435795784,-0.0263519287109375
1884681883162,0.8607155084609985,-9.78869342803955,0.8164227604866028,0.0362006276845932,-0.02555338479578495,-0.02981228195130825
1884683120437,0.8176198601722717,-9.791088104248047,0.7996633648872375,0.0354020856320858,-0.0234239362180233,-0.0314093679189682
1884684357687,0.8403648138046265,-9.770737648010254,0.7613561749458313,0.0367329902946949,-0.02794901467859745,-0.0327402763068676
1884685594950,0.8439561128616333,-9.785102844238281,0.8583213090896606,0.0396609827876091,-0.03034464456140995,-0.0306108258664608
1884686832212,0.851138710975647,-9.789891242980957,0.7829039692878723,0.0362006276845932,-0.0271504707634449,-0.02874755859375
1884688069487,0.851138710975647,-9.836577415466309,0.8164227604866028,0.0364668108522892,-0.0324740931391716,-0.0324740931391716
1884689306775,0.7852981686592102,-9.81024169921875,0.8271967172622681,0.0354020856320858,-0.03087700717151165,-0.0327402763068676
1884690544050,0.8391677141189575,-9.847352027893066,0.8104372620582581,0.0367329902946949,-0.02502102218568325,-0.0340711809694767
1884691781325,0.8439561128616333,-9.859322547912598,0.8140285611152649,0.0401933453977108,-0.0263519287109375,-0.0359344482421875
1884693018587,0.8307880163192749,-9.860519409179688,0.8176198601722717,0.0377977155148983,-0.02502102218568325,-0.0330064557492733
1884694255850,0.8523358106613159,-9.87967300415039,0.7996633648872375,0.038063894957304,-0.02794901467859745,-0.0369991734623909
1884695493112,0.8068459630012512,-9.838972091674805,0.7936778664588928,0.0372653529047966,-0.0271504707634449,-0.0362006276845932
1884696730387,0.871489405632019,-9.834183692932129,0.7637503743171692,0.033272635191679,-0.0210283063352108,-0.038063894957304
1884697967662,0.8547300100326538,-9.816226959228516,0.8152256608009338,0.0338049978017807,-0.0215606689453125,-0.0375315360724926
1884699204950,0.8487445116043091,-9.824606895446777,0.8140285611152649,0.0356682650744915,-0.01889885775744915,-0.0396609827876091
1884700442212,0.872686505317688,-9.834183692932129,0.8631097078323364,0.0346035435795784,-0.0244886614382267,-0.0415242500603199
1884701679462,0.8319851160049438,-9.849745750427246,0.8164227604866028,0.0324740931391716,-0.0252872034907341,-0.0415242500603199
1884702916737,0.8667010068893433,-9.874884605407715,0.8236054182052612,0.0415242500603199,-0.023956298828125,-0.0396609827876091
1884704154000,0.8702923059463501,-9.871294021606445,0.8367735147476196,0.0396609827876091,-0.0181003138422966,-0.0423227921128273
1884705391262,0.872686505317688,-9.832986831665039,0.7805097699165344,0.0359344482421875,-0.0223592109978199,-0.0436537005007267
1884706628550,0.8750807046890259,-9.837775230407715,0.8176198601722717,0.0393948033452034,-0.0263519287109375,-0.0412580706179142
1884707865800,0.8918401598930359,-9.827000617980957,0.788889467716217,0.0388624407351017,-0.023956298828125,-0.0404595248401165
1884709103075,0.871489405632019,-9.872490882873535,0.7793126702308655,0.0346035435795784,-0.0204959437251091,-0.0436537005007267
1884710340337,0.8631097078323364,-9.859322547912598,0.8367735147476196,0.0377977155148983,-0.01703559048473835,-0.0449846051633358
1884711577625,0.8918401598930359,-9.897629737854004,0.8092401623725891,0.0417904332280159,-0.0191650390625,-0.0441860631108284
1884712814900,0.8475474119186401,-9.895236015319824,0.8451532125473022,0.0415242500603199,-0.0223592109978199,-0.0444522425532341
1884714052162,0.8523358106613159,-9.885659217834473,0.7805097699165344,0.0385962575674057,-0.02502102218568325,-0.0455169677734375
1884715289425,0.888248860836029,-9.891644477844238,0.811634361743927,0.0375315360724926,-0.01756795309484005,-0.043121337890625
1884716526687,0.8667010068893433,-9.90122127532959,0.8176198601722717,0.0401933453977108,-0.02182685025036335,-0.0385962575674057
1884717763962,0.8559271097183228,-9.894038200378418,0.8056488633155823,0.038330078125,-0.023956298828125,-0.0455169677734375
1884719001250,0.8643068075180054,-9.87967300415039,0.8236054182052612,0.0359344482421875,-0.0215606689453125,-0.0529700368642807
1884720238487,0.8930372595787048,-9.910798072814941,0.8678981065750122,0.033272635191679,-0.0223592109978199,-0.0452507846057415
1884721475750,0.9038111567497253,-9.884461402893066,0.7852981686592102,0.0351359061896801,-0.023956298828125,-0.0423227921128273
1884722713037,0.9145850539207458,-9.913191795349121,0.8224083185195923,0.033272635191679,-0.02315775491297245,-0.0487111397087574
1884723950312,0.9349357485771179,-9.86889934539795,0.8487445116043091,0.0351359061896801,-0.0247548408806324,-0.0463155098259449
1884725187587,0.9241618514060974,-9.870096206665039,0.8152256608009338,0.0351359061896801,-0.02022976242005825,-0.0495096817612648
1884726424850,0.9421183466911316,-9.852140426635742,0.8224083185195923,0.0354020856320858,-0.0181003138422966,-0.04791259765625
1884727662137,0.9481039047241211,-9.865307807922363,0.7972691655158997,0.0343373604118824,-0.02076212503015995,-0.0471140518784523
1884728899387,0.9385270476341248,-9.855731010437012,0.7936778664588928,0.0340711809694767,-0.02262539230287075,-0.047646414488554
1884730136662,0.9145850539207458,-9.859322547912598,0.7745242714881897,0.0369991734623909,-0.02022976242005825,-0.0484449602663517
1884731373937,0.8966285586357117,-9.822212219238281,0.8307880163192749,0.0367329902946949,-0.0204959437251091,-0.0521714948117733
1884732611187,0.9217676520347595,-9.821015357971191,0.8355764150619507,0.0348697230219841,-0.01996358297765255,-0.0545671246945858
1884733848462,0.8942343592643738,-9.816226959228516,0.8523358106613159,0.0369991734623909,-0.023956298828125,-0.0487111397087574
1884735085750,0.9421183466911316,-9.805453300476074,0.8259996175765991,0.0372653529047966,-0.0247548408806324,-0.0511067695915699
1884736323000,0.9265560507774353,-9.817423820495605,0.8080430626869202,0.033538818359375,-0.02794901467859745,-0.0468478724360466
1884737560275,0.950498104095459,-9.829395294189453,0.8092401623725891,0.0327402763068676,-0.02794901467859745,-0.0532362200319767
1884738797537,0.9409212470054626,-9.828198432922363,0.8224083185195923,0.0356682650744915,-0.0252872034907341,-0.0532362200319767
1884740034812,0.933738648891449,-9.821015357971191,0.829590916633606,0.0372653529047966,-0.023956298828125,-0.0481787770986557
1884741272087,0.9397241473197937,-9.836577415466309,0.812831461429596,0.0338049978017807,-0.0252872034907341,-0.0543009415268898
1884742509362,0.9540894031524658,-9.823410034179688,0.8176198601722717,0.0401933453977108,-0.02608574740588665,-0.0540347620844841
1884743746612,0.9385270476341248,-9.831789016723633,0.8619126081466675,0.0396609827876091,-0.0282151959836483,-0.0489773228764534
1884744983875,0.9313444495201111,-9.823410034179688,0.8080430626869202,0.0354020856320858,-0.0220930315554142,-0.0495096817612648
1884746221137,0.9445126056671143,-9.829395294189453,0.8224083185195923,0.0436537005007267,-0.02502102218568325,-0.0505744069814682
1884747458425,0.9696516990661621,-9.819818496704102,0.8271967172622681,0.0417904332280159,-0.0268842913210392,-0.0521714948117733
1884748695700,0.9828197956085205,-9.870096206665039,0.8678981065750122,0.0393948033452034,-0.03034464456140995,-0.0532362200319767
1884749932975,0.9840168952941895,-9.847352027893066,0.8750807046890259,0.0425889752805233,-0.0322079136967659,-0.0529700368642807
1884751170237,0.9385270476341248,-9.81143856048584,0.8762778043746948,0.0433875173330307,-0.02981228195130825,-0.0500420443713665
1884752407512,0.9636662006378174,-9.849745750427246,0.8343793153762817,0.0364668108522892,-0.0282151959836483,-0.0495096817612648
1884753644762,0.9660604000091553,-9.840168952941895,0.828393816947937,0.0369991734623909,-0.0330064557492733,-0.0505744069814682
1884754882025,0.9576807022094727,-9.850942611694336,0.8331822156906128,0.0420566126704216,-0.033538818359375,-0.0492435023188591
1884756119312,0.9433155059814453,-9.837775230407715,0.8391677141189575,0.0449846051633358,-0.0319417305290699,-0.0495096817612648
1884757356575,0.9696516990661621,-9.871294021606445,0.8032546639442444,0.0415242500603199,-0.033538818359375,-0.0471140518784523
1884758593837,0.9876081943511963,-9.841365814208984,0.8176198601722717,0.042855154722929,-0.0292799212038517,-0.04791259765625
1884759831112,0.9409212470054626,-9.838972091674805,0.8786720037460327,0.0401933453977108,-0.0324740931391716,-0.0436537005007267
1884761068375,0.9756371974945068,-9.861717224121094,0.828393816947937,0.0412580706179142,-0.0372653529047966,-0.0457831472158432
1884762305662,0.9900023937225342,-9.834183692932129,0.8487445116043091,0.0447184219956398,-0.0356682650744915,-0.0417904332280159
1884763542925,1.01753568649292,-9.803058624267578,0.8619126081466675,0.0415242500603199,-0.0322079136967659,-0.0415242500603199
1884764780187,0.993593692779541,-9.852140426635742,0.8678981065750122,0.0425889752805233,-0.0338049978017807,-0.0425889752805233
1884766017475,0.9684545993804932,-9.830592155456543,0.8822633624076843,0.0415242500603199,-0.0364668108522892,-0.0433875173330307
1884767254737,0.9624691009521484,-9.884461402893066,0.8619126081466675,0.0420566126704216,-0.0362006276845932,-0.0367329902946949
1884768492000,0.9397241473197937,-9.84615421295166,0.8271967172622681,0.0388624407351017,-0.0351359061896801,-0.0369991734623909
1884769729287,0.9217676520347595,-9.836577415466309,0.8487445116043091,0.0375315360724926,-0.0367329902946949,-0.0359344482421875
1884770966537,0.9313444495201111,-9.847352027893066,0.7984662652015686,0.0372653529047966,-0.0359344482421875,-0.0369991734623909
1884772203800,0.94930100440979,-9.815030097961426,0.8271967172622681,0.0356682650744915,-0.0372653529047966,-0.0351359061896801
1884773441075,1.0007762908935547,-9.84256362915039,0.8367735147476196,0.0346035435795784,-0.0401933453977108,-0.0359344482421875
1884774678337,0.9600749015808105,-9.855731010437012,0.8487445116043091,0.038330078125,-0.0409918874502182,-0.0322079136967659
1884775915612,0.9217676520347595,-9.830592155456543,0.7625532746315002,0.0362006276845932,-0.0399271659553051,-0.0324740931391716
1884777152887,0.9828197956085205,-9.783905029296875,0.8032546639442444,0.0369991734623909,-0.0415242500603199,-0.0324740931391716
1884778390150,0.9840168952941895,-9.834183692932129,0.8056488633155823,0.0404595248401165,-0.0409918874502182,-0.0234239362180233
1884779627425,0.9864110946655273,-9.84256362915039,0.8379706144332886,0.0356682650744915,-0.0412580706179142,-0.0223592109978199
1884780864712,0.9983820915222168,-9.824606895446777,0.8331822156906128,0.0393948033452034,-0.0393948033452034,-0.0223592109978199
1884782101975,1.0103530883789062,-9.831789016723633,0.8391677141189575,0.0388624407351017,-0.042855154722929,-0.0244886614382267
1884783339250,0.9457097053527832,-9.871294021606445,0.8535329103469849,0.0391286201775074,-0.0471140518784523,-0.02182685025036335
1884784576512,0.9840168952941895,-9.835380554199219,0.8271967172622681,0.0369991734623909,-0.0508405901491642,-0.01943122036755085
1884785813762,0.9971849918365479,-9.919178009033203,0.8738836050033569,0.0340711809694767,-0.0481787770986557,-0.0220930315554142
1884787051037,0.9756371974945068,-9.889249801635742,0.8619126081466675,0.0356682650744915,-0.0457831472158432,-0.0186326764523983
1884788288312,0.9624691009521484,-9.891644477844238,0.8667010068893433,0.0409918874502182,-0.047646414488554,-0.01597086526453495
1884789525587,0.9660604000091553,-9.840168952941895,0.7924807667732239,0.0367329902946949,-0.04791259765625,-0.01943122036755085
1884790762862,0.9660604000091553,-9.8784761428833,0.8535329103469849,0.0343373604118824,-0.0487111397087574,-0.01836649514734745
1884792000125,0.9684545993804932,-9.889249801635742,0.8391677141189575,0.0327402763068676,-0.0521714948117733,-0.010114881210029125
1884793237375,0.9911994934082031,-9.889249801635742,0.8547300100326538,0.0311431884765625,-0.0489773228764534,-0.0114457868039608
1884794474650,0.9816226959228516,-9.8784761428833,0.8427590131759644,0.0340711809694767,-0.0548333041369915,-0.01117960549890995
1884795711925,1.0235211849212646,-9.858125686645508,0.8523358106613159,0.0316755510866642,-0.052703857421875,-0.00692070834338665
1884796949187,0.993593692779541,-9.90122127532959,0.8475474119186401,0.0327402763068676,-0.0519053116440773,-0.0090501569211483
1884798186462,0.9780313968658447,-9.93354320526123,0.8810662031173706,0.0306108258664608,-0.0537685826420784,-0.01171196810901165
1884799423725,1.0115501880645752,-9.86889934539795,0.849941611289978,0.02555338479578495,-0.0543009415268898,-0.01224433071911335
1884800661000,0.9684545993804932,-9.898826599121094,0.8439561128616333,0.02502102218568325,-0.0561642125248909,-0.0071868896484375
1884801898275,0.9672574996948242,-9.883264541625977,0.829590916633606,0.02022976242005825,-0.0548333041369915,-0.007453070487827063
1884803135550,0.9804255962371826,-9.859322547912598,0.8439561128616333,0.0191650390625,-0.0564303919672966,-0.0031941730994731188
1884804372800,1.0079588890075684,-9.871294021606445,0.8152256608009338,0.02129448764026165,-0.0593583844602108,-0.0002661811013240367
1884805610062,0.9684545993804932,-9.925163269042969,0.8152256608009338,0.02129448764026165,-0.0633511021733284,-0.0039927163161337376
1884806847362,0.9804255962371826,-9.90241813659668,0.849941611289978,0.01756795309484005,-0.0564303919672966,-0.0037265352439135313
1884808084612,0.9768342971801758,-9.919178009033203,0.8643068075180054,0.0223592109978199,-0.0614878311753273,0.0029279920272529125
1884809321900,0.9588778018951416,-9.873687744140625,0.8678981065750122,0.0167694091796875,-0.0606892891228199,-0.0007985432748682797
1884810559175,0.9840168952941895,-9.913191795349121,0.8068459630012512,0.0162370465695858,-0.0606892891228199,-0.0015970865497365594
1884811796425,0.9385270476341248,-9.871294021606445,0.8607155084609985,0.01783413253724575,-0.0580274797976017,-0.0002661811013240367
1884813033675,0.9600749015808105,-9.906009674072266,0.8259996175765991,0.010647243820130825,-0.0617540143430233,0.0031941730994731188
1884814270962,0.9792284965515137,-9.874884605407715,0.812831461429596,0.01597086526453495,-0.0662790909409523,0.0053236219100654125
1884815508250,0.9840168952941895,-9.882067680358887,0.849941611289978,0.01117960549890995,-0.0638834610581398,0.003460354171693325
1884816745500,1.0295066833496094,-9.841365814208984,0.8786720037460327,0.010913425125181675,-0.0617540143430233,0.00452507846057415
1884817982775,0.9588778018951416,-9.854534149169922,0.8750807046890259,0.01117960549890995,-0.0649481862783432,0.005057440605014563
1884819220037,0.9684545993804932,-9.877279281616211,0.8798691034317017,0.012510511092841625,-0.0689409002661705,0.007453070487827063
1884820457312,0.9840168952941895,-9.819818496704102,0.8990227580070496,0.01357523538172245,-0.0689409002661705,0.005589802749454975
1884821694575,1.0223240852355957,-9.874884605407715,0.8918401598930359,0.0077192517928779125,-0.0657467320561409,0.003460354171693325
1884822931837,0.9816226959228516,-9.829395294189453,0.8702923059463501,0.008251613937318325,-0.0721350759267807,0.0039927163161337376
1884824169112,0.9828197956085205,-9.836577415466309,0.8678981065750122,0.0066545275039970875,-0.0721350759267807,0.005589802749454975
1884825406375,0.9971849918365479,-9.854534149169922,0.8559271097183228,0.0039927163161337376,-0.0710703507065773,0.008517795242369175
1884826643650,1.0127472877502441,-9.798270225524902,0.8607155084609985,0.0005323622026480734,-0.0726674422621727,0.008517795242369175
1884827880925,0.9888052940368652,-9.823410034179688,0.9026140570640564,0.0042588976211845875,-0.0724012553691864,0.007453070487827063
1884829118200,0.9864110946655273,-9.827000617980957,0.8930372595787048,0.008783976547420025,-0.0739983469247818,0.008517795242369175
1884830355475,0.9612720012664795,-9.872490882873535,0.888248860836029,0.0037265352439135313,-0.071868896484375,0.010913425125181675
1884831592737,0.9600749015808105,-9.81263542175293,0.8822633624076843,0.0026618109550327063,-0.0753292515873909,0.0090501569211483
1884832830000,0.9816226959228516,-9.834183692932129,0.8942343592643738,0.007985432632267475,-0.0769263356924057,0.010913425125181675
1884834067262,0.9888052940368652,-9.80904483795166,0.8367735147476196,0.0023956298828125,-0.0734659805893898,0.00984870083630085
1884835304537,0.9780313968658447,-9.856928825378418,0.8571242094039917,0.0018632676219567657,-0.0734659805893898,0.008251613937318325
1884836541812,0.9540894031524658,-9.86650562286377,0.8355764150619507,0.0039927163161337376,-0.0779910609126091,0.0063883461989462376
1884837779050,0.9528923034667969,-9.84376049041748,0.8798691034317017,0.0042588976211845875,-0.0779910609126091,0.014373779296875
1884839016337,0.9433155059814453,-9.862914085388184,0.8631097078323364,0.0042588976211845875,-0.0782572403550148,0.01597086526453495
1884840253612,0.9097966551780701,-9.917980194091797,0.7972691655158997,0.0039927163161337376,-0.0758616104722023,0.013042873702943325
1884841490900,0.9133879542350769,-9.84256362915039,0.8798691034317017,0.005057440605014563,-0.0777248814702034,0.01463996060192585
1884842728162,0.9445126056671143,-9.852140426635742,0.8355764150619507,-0.0010647244052961469,-0.0795881450176239,0.01703559048473835
1884843965412,0.9457097053527832,-9.894038200378418,0.8762778043746948,-0.0013309054775163531,-0.0819837749004364,0.0204959437251091
1884845202712,0.9241618514060974,-9.910798072814941,0.871489405632019,-0.0039927163161337376,-0.0806528702378273,0.0196974016726017
1884846439950,0.9217676520347595,-9.886856079101562,0.8631097078323364,-0.0029279920272529125,-0.0806528702378273,0.0204959437251091
1884847677237,0.9205705523490906,-9.896432876586914,0.8487445116043091,-0.0031941730994731188,-0.0817175954580307,0.0157046839594841
1884848914512,0.9038111567497253,-9.93474006652832,0.8559271097183228,-0.0031941730994731188,-0.0835808664560318,0.01650322787463665
1884850151775,0.912190854549408,-9.90361499786377,0.8403648138046265,-0.00958251953125,-0.0835808664560318,0.0186326764523983
1884851389050,0.9181763529777527,-9.9000244140625,0.8607155084609985,-0.006122165359556675,-0.0843794047832489,0.0215606689453125
1884852626312,0.9528923034667969,-9.916783332824707,0.8786720037460327,-0.007453070487827063,-0.0843794047832489,0.02369011752307415
1884853863587,0.9193734526634216,-9.882067680358887,0.8463503122329712,-0.01410759799182415,-0.0851779505610466,0.02502102218568325
1884855100837,0.9624691009521484,-9.888052940368652,0.8846575617790222,-0.010114881210029125,-0.0851779505610466,0.02608574740588665
1884856338125,0.9552865028381348,-9.848548889160156,0.8702923059463501,-0.0114457868039608,-0.0843794047832489,0.02555338479578495
1884857575375,0.9564836025238037,-9.852140426635742,0.8858546614646912,-0.01171196810901165,-0.0867750346660614,0.0244886614382267
1884858812662,0.9062053561210632,-9.853337287902832,0.872686505317688,-0.01463996060192585,-0.0838470458984375,0.0282151959836483
1884860049925,0.9349357485771179,-9.84495735168457,0.8690952062606812,-0.0215606689453125,-0.0859764963388443,0.0258195661008358
1884861287200,0.9672574996948242,-9.81263542175293,0.910993754863739,-0.02129448764026165,-0.0851779505610466,0.0247548408806324
1884862524462,0.9301473498344421,-9.815030097961426,0.8942343592643738,-0.01463996060192585,-0.0846455842256546,0.0252872034907341
1884863761737,0.9373299479484558,-9.7791166305542,0.8918401598930359,-0.014906140975654125,-0.0899692103266716,0.02901373989880085
1884864999000,0.9205705523490906,-9.749189376831055,0.8798691034317017,-0.0162370465695858,-0.0923648402094841,0.0276828333735466
1884866236275,1.0055646896362305,-9.759963035583496,0.8583213090896606,-0.01224433071911335,-0.0883721262216568,0.0215606689453125
1884867473562,0.9552865028381348,-9.764751434326172,0.9097966551780701,-0.01650322787463665,-0.0875735804438591,0.02369011752307415
1884868710812,0.9085995554924011,-9.786299705505371,0.8643068075180054,-0.0162370465695858,-0.0886383056640625,0.02502102218568325
1884869948100,0.9169792532920837,-9.799468040466309,0.872686505317688,-0.0114457868039608,-0.0891706645488739,0.02608574740588665
1884871185337,0.9301473498344421,-9.836577415466309,0.829590916633606,-0.0119781494140625,-0.090501569211483,0.02422248013317585
1884872422600,0.9169792532920837,-9.849745750427246,0.8583213090896606,-0.01410759799182415,-0.0934295654296875,0.0234239362180233
1884873659887,0.9217676520347595,-9.84495735168457,0.8571242094039917,-0.015438503585755825,-0.0835808664560318,0.0215606689453125
1884874897162,0.9193734526634216,-9.84495735168457,0.8379706144332886,-0.01783413253724575,-0.0846455842256546,0.01943122036755085
1884876134437,0.8954314589500427,-9.897629737854004,0.8439561128616333,-0.00958251953125,-0.08624267578125,0.02741665206849575
1884877371712,0.9253589510917664,-9.922768592834473,0.8655039072036743,-0.013042873702943325,-0.0886383056640625,0.0234239362180233
1884878608975,0.9241618514060974,-9.864110946655273,0.849941611289978,-0.014373779296875,-0.0894368439912796,0.0196974016726017
1884879846237,0.9277531504631042,-9.871294021606445,0.8439561128616333,-0.010114881210029125,-0.0960913747549057,0.0247548408806324
1884881083525,0.9409212470054626,-9.885659217834473,0.8798691034317017,-0.0186326764523983,-0.0971560999751091,0.023956298828125
1884882320787,0.9612720012664795,-9.847352027893066,0.8535329103469849,-0.0181003138422966,-0.0958251953125,0.0234239362180233
1884883558037,0.9169792532920837,-9.830592155456543,0.8954314589500427,-0.0162370465695858,-0.0883721262216568,0.0173017717897892
1884884795325,0.9528923034667969,-9.84256362915039,0.8655039072036743,-0.0167694091796875,-0.0939619243144989,0.02076212503015995
1884886032587,0.9385270476341248,-9.829395294189453,0.9050082564353943,-0.01703559048473835,-0.0950266495347023,0.0210283063352108
1884887269850,0.9528923034667969,-9.84376049041748,0.888248860836029,-0.01889885775744915,-0.0915662944316864,0.0223592109978199
1884888507125,0.9648633003234863,-9.795876502990723,0.871489405632019,-0.0167694091796875,-0.0939619243144989,0.0220930315554142
1884889744400,0.9253589510917664,-9.759963035583496,0.8607155084609985,-0.012510511092841625,-0.0926310196518898,0.02076212503015995
1884890981675,0.8978256583213806,-9.78869342803955,0.9528923034667969,-0.014373779296875,-0.0907677561044693,0.0191650390625
1884892218937,0.9301473498344421,-9.77552604675293,0.8978256583213806,-0.02076212503015995,-0.0915662944316864,0.01410759799182415
1884893456200,0.9648633003234863,-9.77672290802002,0.8810662031173706,-0.01410759799182415,-0.0939619243144989,0.02022976242005825
1884894693475,0.9014169573783875,-9.736021041870117,0.9038111567497253,-0.015438503585755825,-0.0920986607670784,0.0191650390625
1884895930737,0.9457097053527832,-9.804256439208984,0.9038111567497253,-0.010114881210029125,-0.0926310196518898,0.01996358297765255
1884897168000,0.9241618514060974,-9.782708168029785,0.9133879542350769,-0.00931633822619915,-0.0947604700922966,0.01836649514734745
1884898405287,0.94930100440979,-9.77791976928711,0.8559271097183228,-0.0077192517928779125,-0.0939619243144989,0.01650322787463665
1884899642562,0.9361328482627869,-9.759963035583496,0.9014169573783875,-0.010114881210029125,-0.0950266495347023,0.0181003138422966
1884900879812,0.9361328482627869,-9.758766174316406,0.8643068075180054,-0.008517795242369175,-0.0920986607670784,0.0162370465695858
1884902117100,0.9229647517204285,-9.761160850524902,0.9145850539207458,-0.0063883461989462376,-0.0947604700922966,0.0204959437251091
1884903354375,0.9576807022094727,-9.773131370544434,0.8762778043746948,-0.0071868896484375,-0.0976884588599205,0.0167694091796875
1884904591650,0.9313444495201111,-9.77791976928711,0.849941611289978,-0.00958251953125,-0.090501569211483,0.01597086526453495
1884905828887,0.8750807046890259,-9.81024169921875,0.829590916633606,-0.007453070487827063,-0.0886383056640625,0.0138414166867733
1884907066162,0.9157821536064148,-9.818621635437012,0.8810662031173706,-0.0021294488105922937,-0.0998179093003273,0.01224433071911335
1884908303450,0.9277531504631042,-9.81143856048584,0.8523358106613159,-0.004791259765625,-0.0968899205327034,0.012776692397892475
1884909540700,0.9217676520347595,-9.841365814208984,0.8774749040603638,-0.0013309054775163531,-0.0950266495347023,0.010913425125181675
1884910777987,0.9193734526634216,-9.832986831665039,0.8607155084609985,-0.0026618109550327063,-0.1016811802983284,0.01171196810901165
1884912015250,0.9301473498344421,-9.853337287902832,0.8774749040603638,-0.003460354171693325,-0.0971560999751091,0.012776692397892475
1884913252512,0.9205705523490906,-9.825803756713867,0.8259996175765991,0.0005323622026480734,-0.0992855504155159,0.01117960549890995
1884914489775,0.8750807046890259,-9.854534149169922,0.8343793153762817,-0.003460354171693325,-0.1003502756357193,0.00452507846057415
1884915727062,0.9014169573783875,-9.850942611694336,0.8762778043746948,-0.0037265352439135313,-0.0998179093003273,0.0071868896484375
1884916964325,0.9229647517204285,-9.892841339111328,0.9014169573783875,-0.0037265352439135313,-0.0995517298579216,0.00984870083630085
1884918201625,0.9301473498344421,-9.861717224121094,0.8667010068893433,-0.003460354171693325,-0.1011488139629364,0.00692070834338665
1884919438875,0.9133879542350769,-9.853337287902832,0.8547300100326538,-0.0021294488105922937,-0.1027459055185318,0.0010647244052961469
1884920676125,0.8487445116043091,-9.821015357971191,0.8906430602073669,-0.0029279920272529125,-0.0995517298579216,0.0010647244052961469
1884921913425,0.9014169573783875,-9.86770248413086,0.8439561128616333,-0.005589802749454975,-0.0974222794175148,0.0063883461989462376
1884923150675,0.8918401598930359,-9.853337287902832,0.851138710975647,-0.0042588976211845875,-0.0982208251953125,0.00931633822619915
1884924387962,0.8990227580070496,-9.876082420349121,0.8559271097183228,-0.003460354171693325,-0.0950266495347023,0.0023956298828125
1884925625237,0.8966285586357117,-9.876082420349121,0.8571242094039917,-0.0023956298828125,-0.0944942906498909,0.0023956298828125
1884926862500,0.9050082564353943,-9.853337287902832,0.849941611289978,0.0005323622026480734,-0.0960913747549057,0.008251613937318325
1884928099750,0.8918401598930359,-9.872490882873535,0.8343793153762817,0.0013309054775163531,-0.0968899205327034,0.012510511092841625
1884929337037,0.8595184087753296,-9.913191795349121,0.8451532125473022,-0.0053236219100654125,-0.0966237336397171,0.00452507846057415
1884930574300,0.889445960521698,-9.873687744140625,0.7984662652015686,-0.0031941730994731188,-0.0936957448720932,0.003460354171693325
1884931811562,0.8810662031173706,-9.90361499786377,0.8032546639442444,-0.008517795242369175,-0.0987531840801239,0.0077192517928779125
1884933048825,0.9074024558067322,-9.927556991577148,0.888248860836029,-0.0090501569211483,-0.0963575541973114,0.0023956298828125
1884934286112,0.8643068075180054,-9.921571731567383,0.811634361743927,-0.0039927163161337376,-0.0918324738740921,0.005589802749454975
1884935523375,0.8750807046890259,-9.904812812805176,0.8439561128616333,-0.007453070487827063,-0.0982208251953125,0.0023956298828125
1884936760650,0.8631097078323364,-9.889249801635742,0.8547300100326538,-0.0077192517928779125,-0.0979546457529068,-0.0007985432748682797
1884937997912,0.851138710975647,-9.86770248413086,0.8702923059463501,-0.00692070834338665,-0.0960913747549057,0.0005323622026480734
1884939235212,0.8595184087753296,-9.907206535339355,0.8451532125473022,-0.006122165359556675,-0.0971560999751091,0.003460354171693325
1884940472462,0.8571242094039917,-9.906009674072266,0.8068459630012512,-0.008517795242369175,-0.0979546457529068,0.01171196810901165
1884941709737,0.8690952062606812,-9.955090522766113,0.8523358106613159,-0.0063883461989462376,-0.0995517298579216,0.0063883461989462376
1884942947000,0.8678981065750122,-9.93474006652832,0.8056488633155823,-0.0026618109550327063,-0.10540771484375,0.0071868896484375
1884944184262,0.8750807046890259,-9.981427192687988,0.8355764150619507,-0.00452507846057415,-0.0944942906498909,0.00452507846057415
1884945421537,0.872686505317688,-9.97065258026123,0.7781155705451965,-0.0077192517928779125,-0.0955590158700943,0.005589802749454975
1884946658812,0.8607155084609985,-9.950302124023438,0.7817068696022034,-0.01171196810901165,-0.0958251953125,0.0066545275039970875
1884947896075,0.8631097078323364,-9.977835655212402,0.8092401623725891,-0.01117960549890995,-0.0960913747549057,0.0071868896484375
1884949133350,0.8547300100326538,-10.018537521362305,0.7661445736885071,-0.010381062515079975,-0.0944942906498909,0.0119781494140625
1884950370612,0.8702923059463501,-9.985018730163574,0.7577648162841797,-0.0114457868039608,-0.0974222794175148,0.00984870083630085
1884951607900,0.8738836050033569,-10.016142845153809,0.7781155705451965,-0.0119781494140625,-0.0971560999751091,0.0071868896484375
1884952845162,0.8906430602073669,-9.975441932678223,0.7817068696022034,-0.0138414166867733,-0.0979546457529068,0.00958251953125
1884954082425,0.9085995554924011,-9.962273597717285,0.8068459630012512,-0.01889885775744915,-0.0958251953125,0.01410759799182415
1884955319700,0.9038111567497253,-9.953893661499023,0.7984662652015686,-0.0191650390625,-0.0913001149892807,0.014373779296875
1884956556975,0.8990227580070496,-9.99220085144043,0.7948749661445618,-0.02262539230287075,-0.0923648402094841,0.0119781494140625
1884957794250,0.8942343592643738,-9.93593692779541,0.7996633648872375,-0.0234239362180233,-0.0920986607670784,0.01224433071911335
1884959031500,0.8631097078323364,-9.884461402893066,0.8020575642585754,-0.02076212503015995,-0.0936957448720932,0.010647243820130825
1884960268800,0.9133879542350769,-9.922768592834473,0.8475474119186401,-0.0223592109978199,-0.0891706645488739,0.0138414166867733
1884961506062,0.8834604620933533,-9.922768592834473,0.8176198601722717,-0.0210283063352108,-0.0889044851064682,0.0173017717897892
1884962743325,0.8858546614646912,-9.872490882873535,0.7829039692878723,-0.023956298828125,-0.0950266495347023,0.0157046839594841
1884963980587,0.8678981065750122,-9.838972091674805,0.7817068696022034,-0.02848137728869915,-0.0968899205327034,0.0167694091796875
1884965217875,0.8559271097183228,-9.831789016723633,0.8140285611152649,-0.0268842913210392,-0.0955590158700943,0.0138414166867733
1884966455137,0.8798691034317017,-9.854534149169922,0.8307880163192749,-0.02502102218568325,-0.0936957448720932,0.0162370465695858
1884967692400,0.8571242094039917,-9.874884605407715,0.788889467716217,-0.0271504707634449,-0.0889044851064682,0.01597086526453495
1884968929675,0.8523358106613159,-9.859322547912598,0.8140285611152649,-0.0247548408806324,-0.0913001149892807,0.01597086526453495
1884970166937,0.9002198576927185,-9.854534149169922,0.8092401623725891,-0.0247548408806324,-0.0923648402094841,0.013309055007994175
1884971404212,0.8547300100326538,-9.888052940368652,0.811634361743927,-0.0295461006462574,-0.0950266495347023,0.015438503585755825
1884972641487,0.8870517611503601,-9.84495735168457,0.7948749661445618,-0.0311431884765625,-0.0966237336397171,0.0204959437251091
1884973878750,0.8547300100326538,-9.895236015319824,0.8152256608009338,-0.0258195661008358,-0.0928971990942955,0.0234239362180233
1884975116025,0.8523358106613159,-9.90241813659668,0.8008604645729065,-0.02608574740588665,-0.0934295654296875,0.01783413253724575
1884976353287,0.871489405632019,-9.84256362915039,0.7829039692878723,-0.0314093679189682,-0.0955590158700943,0.0173017717897892
1884977590550,0.8786720037460327,-9.904812812805176,0.7733271718025208,-0.0316755510866642,-0.0915662944316864,0.02422248013317585
1884978827837,0.8667010068893433,-9.872490882873535,0.7852981686592102,-0.0252872034907341,-0.0931633859872818,0.02741665206849575
1884980065100,0.8631097078323364,-9.849745750427246,0.7829039692878723,-0.0271504707634449,-0.0907677561044693,0.02741665206849575
1884981302375,0.8403648138046265,-9.907206535339355,0.7972691655158997,-0.0258195661008358,-0.0878397598862648,0.02555338479578495
1884982539650,0.9002198576927185,-9.876082420349121,0.7948749661445618,-0.03087700717151165,-0.0928971990942955,0.0316755510866642
1884983776912,0.8427590131759644,-9.861717224121094,0.8104372620582581,-0.03087700717151165,-0.0920986607670784,0.0295461006462574
1884985014187,0.8858546614646912,-9.850942611694336,0.828393816947937,-0.0319417305290699,-0.0923648402094841,0.0330064557492733
1884986251462,0.9014169573783875,-9.872490882873535,0.8080430626869202,-0.03034464456140995,-0.0931633859872818,0.02901373989880085
1884987488712,0.912190854549408,-9.84256362915039,0.7625532746315002,-0.0330064557492733,-0.0915662944316864,0.0311431884765625
1884988725987,0.9361328482627869,-9.794679641723633,0.8068459630012512,-0.0319417305290699,-0.0902353897690773,0.0330064557492733
1884989963275,0.9373299479484558,-9.822212219238281,0.8056488633155823,-0.0295461006462574,-0.0881059393286705,0.033272635191679
1884991200525,0.9050082564353943,-9.806650161743164,0.790086567401886,-0.0367329902946949,-0.0891706645488739,0.038330078125
1884992437800,0.9002198576927185,-9.827000617980957,0.8140285611152649,-0.0319417305290699,-0.0936957448720932,0.033272635191679
1884993675075,0.8858546614646912,-9.854534149169922,0.7852981686592102,-0.0314093679189682,-0.0926310196518898,0.0340711809694767
1884994912350,0.9145850539207458,-9.859322547912598,0.7984662652015686,-0.0343373604118824,-0.0939619243144989,0.0375315360724926
1884996149625,0.9002198576927185,-9.832986831665039,0.8092401623725891,-0.0375315360724926,-0.0915662944316864,0.0401933453977108
1884997386887,0.8702923059463501,-9.81024169921875,0.8343793153762817,-0.0324740931391716,-0.0865088552236557,0.0367329902946949
1884998624175,0.9038111567497253,-9.782708168029785,0.8523358106613159,-0.0300784632563591,-0.0870412141084671,0.0369991734623909
1884999861425,0.8738836050033569,-9.800664901733398,0.8487445116043091,-0.02794901467859745,-0.091033935546875,0.0433875173330307
1885001098700,0.8798691034317017,-9.72285270690918,0.8391677141189575,-0.02981228195130825,-0.0913001149892807,0.038330078125
1885002335950,0.889445960521698,-9.803058624267578,0.7876923680305481,-0.0295461006462574,-0.0883721262216568,0.0425889752805233
1885003573225,0.9002198576927185,-9.77672290802002,0.8188169598579407,-0.0340711809694767,-0.0926310196518898,0.0455169677734375
1885004810500,0.8786720037460327,-9.767146110534668,0.8164227604866028,-0.0330064557492733,-0.0926310196518898,0.0452507846057415
1885006047775,0.872686505317688,-9.737218856811523,0.8044517636299133,-0.02794901467859745,-0.0926310196518898,0.0425889752805233
1885007285050,0.9133879542350769,-9.75158405303955,0.7649474740028381,-0.0292799212038517,-0.0942281037569046,0.0465816929936409
1885008522325,0.9385270476341248,-9.733627319335938,0.8068459630012512,-0.0311431884765625,-0.0915662944316864,0.0484449602663517
1885009759587,0.888248860836029,-9.75397777557373,0.7769184708595276,-0.0311431884765625,-0.0889044851064682,0.0447184219956398
1885010996862,0.8870517611503601,-9.785102844238281,0.8176198601722717,-0.0295461006462574,-0.0915662944316864,0.0362006276845932
1885012234125,0.9145850539207458,-9.792284965515137,0.8068459630012512,-0.0322079136967659,-0.0891706645488739,0.0401933453977108
1885013471400,0.8822633624076843,-9.770737648010254,0.790086567401886,-0.0319417305290699,-0.0867750346660614,0.0500420443713665
1885014708675,0.8858546614646912,-9.781511306762695,0.7936778664588928,-0.02901373989880085,-0.0897030308842659,0.0508405901491642
1885015945937,0.8930372595787048,-9.786299705505371,0.7841010689735413,-0.0258195661008358,-0.0918324738740921,0.0489773228764534
1885017183225,0.9062053561210632,-9.740809440612793,0.7733271718025208,-0.0271504707634449,-0.0915662944316864,0.042855154722929
1885018420487,0.9169792532920837,-9.768342971801758,0.790086567401886,-0.0276828333735466,-0.0913001149892807,0.0492435023188591
1885019657737,0.9205705523490906,-9.834183692932129,0.788889467716217,-0.0282151959836483,-0.0944942906498909,0.0495096817612648
1885020895025,0.9085995554924011,-9.805453300476074,0.7912836670875549,-0.02981228195130825,-0.0976884588599205,0.0516391322016716
1885022132287,0.9385270476341248,-9.771934509277344,0.788889467716217,-0.01996358297765255,-0.0944942906498909,0.0532362200319767
1885023369575,0.8930372595787048,-9.829395294189453,0.829590916633606,-0.0228915736079216,-0.0974222794175148,0.0535023994743824
1885024606825,0.9133879542350769,-9.781511306762695,0.7924807667732239,-0.0314093679189682,-0.0939619243144989,0.0508405901491642
1885025844112,0.9002198576927185,-9.762357711791992,0.7960720658302307,-0.0276828333735466,-0.0984870046377182,0.047646414488554
1885027081375,0.9193734526634216,-9.780314445495605,0.829590916633606,-0.02502102218568325,-0.0960913747549057,0.0465816929936409
1885028318662,0.888248860836029,-9.787496566772461,0.7852981686592102,-0.0220930315554142,-0.0931633859872818,0.0487111397087574
1885029555912,0.8523358106613159,-9.78869342803955,0.7912836670875549,-0.0223592109978199,-0.0950266495347023,0.0503082275390625
1885030793175,0.8451532125473022,-9.789891242980957,0.8056488633155823,-0.0223592109978199,-0.100084088742733,0.04791259765625
1885032030462,0.8547300100326538,-9.81143856048584,0.8032546639442444,-0.01783413253724575,-0.100616455078125,0.0460493303835392
1885033267712,0.8870517611503601,-9.806650161743164,0.8259996175765991,-0.01996358297765255,-0.0947604700922966,0.0519053116440773
1885034504975,0.8595184087753296,-9.793481826782227,0.8092401623725891,-0.01703559048473835,-0.0944942906498909,0.0521714948117733
1885035742275,0.8523358106613159,-9.835380554199219,0.8559271097183228,-0.0173017717897892,-0.0939619243144989,0.0457831472158432
1885036979537,0.8678981065750122,-9.80904483795166,0.8236054182052612,-0.01889885775744915,-0.0963575541973114,0.04791259765625
1885038216825,0.8583213090896606,-9.815030097961426,0.7733271718025208,-0.01943122036755085,-0.0998179093003273,0.0465816929936409
1885039454062,0.8619126081466675,-9.81024169921875,0.7817068696022034,-0.01889885775744915,-0.0984870046377182,0.0463155098259449
1885040691350,0.8331822156906128,-9.821015357971191,0.8427590131759644,-0.01650322787463665,-0.0971560999751091,0.0484449602663517
1885041928612,0.8355764150619507,-9.840168952941895,0.8092401623725891,-0.015172322280704975,-0.0979546457529068,0.0492435023188591
1885043165887,0.8678981065750122,-9.9000244140625,0.7864952683448792,-0.0186326764523983,-0.0947604700922966,0.0396609827876091
1885044403150,0.8690952062606812,-9.855731010437012,0.7829039692878723,-0.01756795309484005,-0.0955590158700943,0.0404595248401165
1885045640412,0.8475474119186401,-9.858125686645508,0.7841010689735413,-0.02076212503015995,-0.0955590158700943,0.0465816929936409
1885046877687,0.8535329103469849,-9.898826599121094,0.8092401623725891,-0.01943122036755085,-0.0902353897690773,0.0471140518784523
1885048114950,0.829590916633606,-9.876082420349121,0.7864952683448792,-0.01357523538172245,-0.0963575541973114,0.043121337890625
1885049352250,0.8547300100326538,-9.880870819091797,0.8439561128616333,-0.0173017717897892,-0.0944942906498909,0.0415242500603199
1885050589500,0.8966285586357117,-9.90241813659668,0.8307880163192749,-0.0196974016726017,-0.0894368439912796,0.0412580706179142
1885051826762,0.8631097078323364,-9.880870819091797,0.8535329103469849,-0.0220930315554142,-0.0934295654296875,0.0415242500603199
1885053064050,0.8942343592643738,-9.906009674072266,0.8044517636299133,-0.01836649514734745,-0.0960913747549057,0.0436537005007267
1885054301312,0.9038111567497253,-9.909601211547852,0.7936778664588928,-0.0173017717897892,-0.1008826345205307,0.043121337890625
1885055538575,0.8391677141189575,-9.854534149169922,0.7948749661445618,-0.01836649514734745,-0.0899692103266716,0.0447184219956398
1885056775862,0.8463503122329712,-9.84256362915039,0.7553706169128418,-0.0210283063352108,-0.090501569211483,0.0409918874502182
1885058013112,0.8690952062606812,-9.838972091674805,0.7948749661445618,-0.01597086526453495,-0.0968899205327034,0.0447184219956398
1885059250387,0.8619126081466675,-9.834183692932129,0.8367735147476196,-0.01836649514734745,-0.0944942906498909,0.0452507846057415
1885060487675,0.8547300100326538,-9.835380554199219,0.8463503122329712,-0.01889885775744915,-0.0907677561044693,0.0404595248401165
1885061724937,0.8942343592643738,-9.849745750427246,0.8547300100326538,-0.013042873702943325,-0.0889044851064682,0.0436537005007267
1885062962200,0.828393816947937,-9.787496566772461,0.829590916633606,-0.01756795309484005,-0.0907677561044693,0.0417904332280159
1885064199487,0.9193734526634216,-9.828198432922363,0.811634361743927,-0.02129448764026165,-0.0913001149892807,0.0393948033452034
1885065436762,0.849941611289978,-9.829395294189453,0.790086567401886,-0.01650322787463665,-0.0934295654296875,0.038330078125
1885066674012,0.8643068075180054,-9.832986831665039,0.8535329103469849,-0.0220930315554142,-0.0928971990942955,0.0423227921128273
1885067911275,0.8690952062606812,-9.769539833068848,0.8152256608009338,-0.02076212503015995,-0.0928971990942955,0.0412580706179142
1885069148562,0.8810662031173706,-9.782708168029785,0.8391677141189575,-0.01783413253724575,-0.0942281037569046,0.0412580706179142
1885070385812,0.8655039072036743,-9.750386238098145,0.8415619134902954,-0.0196974016726017,-0.0902353897690773,0.0407257080078125
1885071623100,0.8619126081466675,-9.758766174316406,0.8032546639442444,-0.015438503585755825,-0.0950266495347023,0.0391286201775074
1885072860387,0.8631097078323364,-9.81143856048584,0.7972691655158997,-0.0157046839594841,-0.095292828977108,0.0407257080078125
1885074097650,0.8367735147476196,-9.765949249267578,0.812831461429596,-0.01783413253724575,-0.0918324738740921,0.038063894957304
1885075334912,0.8607155084609985,-9.747992515563965,0.812831461429596,-0.0138414166867733,-0.0913001149892807,0.038330078125
1885076572187,0.8355764150619507,-9.75397777557373,0.8176198601722717,-0.010913425125181675,-0.0936957448720932,0.0473802350461483
1885077809450,0.8678981065750122,-9.710882186889648,0.8188169598579407,-0.01836649514734745,-0.0923648402094841,0.0417904332280159
1885079046737,0.8619126081466675,-9.757569313049316,0.7829039692878723,-0.0181003138422966,-0.0878397598862648,0.0375315360724926
1885080284012,0.8415619134902954,-9.764751434326172,0.8104372620582581,-0.01597086526453495,-0.0915662944316864,0.0388624407351017
1885081521262,0.8678981065750122,-9.767146110534668,0.828393816947937,-0.01943122036755085,-0.0936957448720932,0.0415242500603199
1885082758550,0.8176198601722717,-9.768342971801758,0.828393816947937,-0.012776692397892475,-0.0936957448720932,0.0391286201775074
1885083995800,0.8080430626869202,-9.77552604675293,0.7936778664588928,-0.014906140975654125,-0.0934295654296875,0.0388624407351017
1885085233087,0.811634361743927,-9.762357711791992,0.8056488633155823,-0.015438503585755825,-0.0920986607670784,0.0343373604118824
1885086470362,0.8846575617790222,-9.821015357971191,0.7817068696022034,-0.01171196810901165,-0.0867750346660614,0.0369991734623909
1885087707625,0.8631097078323364,-9.807847023010254,0.7781155705451965,-0.012510511092841625,-0.0878397598862648,0.0404595248401165
1885088944887,0.8164227604866028,-9.77791976928711,0.7565677165985107,-0.01410759799182415,-0.090501569211483,0.0385962575674057
1885090182150,0.8427590131759644,-9.798270225524902,0.7984662652015686,-0.01463996060192585,-0.0894368439912796,0.0412580706179142
1885091419425,0.8571242094039917,-9.78869342803955,0.8212112188339233,-0.01650322787463665,-0.0883721262216568,0.0412580706179142
1885092656687,0.8271967172622681,-9.789891242980957,0.7960720658302307,-0.014906140975654125,-0.0851779505610466,0.0330064557492733
1885093893975,0.8259996175765991,-9.828198432922363,0.8104372620582581,-0.015172322280704975,-0.085710309445858,0.0372653529047966
1885095131250,0.8224083185195923,-9.821015357971191,0.7841010689735413,-0.01597086526453495,-0.0851779505610466,0.0362006276845932
1885096368512,0.8439561128616333,-9.852140426635742,0.812831461429596,-0.015438503585755825,-0.0883721262216568,0.0385962575674057
1885097605775,0.8547300100326538,-9.806650161743164,0.7972691655158997,-0.013309055007994175,-0.0867750346660614,0.0393948033452034
1885098843050,0.888248860836029,-9.852140426635742,0.7984662652015686,-0.01756795309484005,-0.0886383056640625,0.0324740931391716
1885100080325,0.871489405632019,-9.781511306762695,0.7960720658302307,-0.013309055007994175,-0.08624267578125,0.0359344482421875
1885101317600,0.8379706144332886,-9.827000617980957,0.7984662652015686,-0.01117960549890995,-0.0867750346660614,0.0346035435795784
1885102554850,0.8535329103469849,-9.819818496704102,0.8068459630012512,-0.01171196810901165,-0.0902353897690773,0.033272635191679
1885103792137,0.8750807046890259,-9.836577415466309,0.7697358727455139,-0.0119781494140625,-0.0870412141084671,0.0311431884765625
1885105029400,0.8738836050033569,-9.84615421295166,0.7374141216278076,-0.013042873702943325,-0.085710309445858,0.02981228195130825
1885106266675,0.8200140595436096,-9.840168952941895,0.7733271718025208,-0.014906140975654125,-0.0830485001206398,0.0348697230219841
1885107503950,0.8870517611503601,-9.800664901733398,0.790086567401886,-0.0119781494140625,-0.08624267578125,0.033538818359375
1885108741212,0.8319851160049438,-9.872490882873535,0.8559271097183228,-0.00958251953125,-0.0841132253408432,0.0346035435795784
1885109978487,0.828393816947937,-9.847352027893066,0.7936778664588928,-0.005855984054505825,-0.0875735804438591,0.0385962575674057
1885111215762,0.8702923059463501,-9.805453300476074,0.8008604645729065,-0.01117960549890995,-0.085710309445858,0.0351359061896801
1885112453012,0.8571242094039917,-9.840168952941895,0.7948749661445618,-0.012776692397892475,-0.0833146795630455,0.02874755859375
1885113690300,0.8236054182052612,-9.819818496704102,0.8200140595436096,-0.00931633822619915,-0.0846455842256546,0.0306108258664608
1885114927575,0.7852981686592102,-9.819818496704102,0.8224083185195923,-0.010114881210029125,-0.0891706645488739,0.0324740931391716
1885116164837,0.8092401623725891,-9.792284965515137,0.8212112188339233,-0.0119781494140625,-0.08624267578125,0.0330064557492733
1885117402100,0.8678981065750122,-9.823410034179688,0.8044517636299133,-0.010381062515079975,-0.0830485001206398,0.0340711809694767
1885118639375,0.8475474119186401,-9.789891242980957,0.788889467716217,-0.007985432632267475,-0.081451416015625,0.033272635191679
1885119876650,0.8331822156906128,-9.798270225524902,0.8080430626869202,-0.013042873702943325,-0.0822499617934227,0.0322079136967659
1885121113912,0.8690952062606812,-9.791088104248047,0.8259996175765991,-0.010913425125181675,-0.0851779505610466,0.0292799212038517
1885122351187,0.8200140595436096,-9.805453300476074,0.8104372620582581,-0.0042588976211845875,-0.085710309445858,0.02874755859375
1885123588450,0.8607155084609985,-9.816226959228516,0.7733271718025208,-0.006122165359556675,-0.0859764963388443,0.0316755510866642
1885124825737,0.8583213090896606,-9.770737648010254,0.8104372620582581,-0.0042588976211845875,-0.0817175954580307,0.0314093679189682
1885126063000,0.8439561128616333,-9.746795654296875,0.7876923680305481,-0.004791259765625,-0.0771925151348114,0.0300784632563591
1885127300287,0.8535329103469849,-9.770737648010254,0.8188169598579407,-0.0021294488105922937,-0.0833146795630455,0.023956298828125
1885128537550,0.8008604645729065,-9.77672290802002,0.8092401623725891,-0.0018632676219567657,-0.0798543319106102,0.0258195661008358
1885129774812,0.812831461429596,-9.773131370544434,0.7529764175415039,-0.0021294488105922937,-0.0771925151348114,0.0215606689453125
1885131012100,0.8212112188339233,-9.743204116821289,0.7721300721168518,-0.0023956298828125,-0.0806528702378273,0.023956298828125
1885132249350,0.7996633648872375,-9.78869342803955,0.7398083209991455,-0.0018632676219567657,-0.0825161412358284,0.0300784632563591
1885133486625,0.8068459630012512,-9.764751434326172,0.7721300721168518,-0.0026618109550327063,-0.0785234197974205,0.0268842913210392
1885134723875,0.8523358106613159,-9.763554573059082,0.8080430626869202,0.0018632676219567657,-0.0779910609126091,0.0268842913210392
1885135961150,0.7984662652015686,-9.763554573059082,0.7781155705451965,0.0021294488105922937,-0.0806528702378273,0.0191650390625
1885137198437,0.8188169598579407,-9.726444244384766,0.8176198601722717,0.0071868896484375,-0.0859764963388443,0.0215606689453125
1885138435712,0.8571242094039917,-9.750386238098145,0.7912836670875549,0.005057440605014563,-0.0787896066904068,0.02502102218568325
1885139672975,0.8176198601722717,-9.739612579345703,0.811634361743927,0.00452507846057415,-0.0777248814702034,0.02608574740588665
1885140910250,0.8690952062606812,-9.75158405303955,0.7757213711738586,0.008517795242369175,-0.0739983469247818,0.02608574740588665
1885142147537,0.8236054182052612,-9.757569313049316,0.7912836670875549,0.0010647244052961469,-0.0763939768075943,0.02076212503015995
1885143384775,0.8667010068893433,-9.750386238098145,0.7876923680305481,0.0066545275039970875,-0.0763939768075943,0.0228915736079216
1885144622062,0.8008604645729065,-9.750386238098145,0.8188169598579407,0.012510511092841625,-0.0734659805893898,0.02661811001598835
1885145859325,0.8164227604866028,-9.7420072555542,0.8259996175765991,0.0090501569211483,-0.0681423619389534,0.02369011752307415
1885147096600,0.7924807667732239,-9.765949249267578,0.8271967172622681,0.00984870083630085,-0.071336530148983,0.0173017717897892
1885148333875,0.8188169598579407,-9.7791166305542,0.7936778664588928,0.014373779296875,-0.0750630721449852,0.01756795309484005
1885149571137,0.8415619134902954,-9.75158405303955,0.7912836670875549,0.0162370465695858,-0.0742645263671875,0.0215606689453125
1885150808425,0.8367735147476196,-9.771934509277344,0.8008604645729065,0.01463996060192585,-0.07666015625,0.02315775491297245
1885152045675,0.8104372620582581,-9.771934509277344,0.8271967172622681,0.01224433071911335,-0.0755954310297966,0.0220930315554142
1885153282950,0.7829039692878723,-9.756372451782227,0.8367735147476196,0.015172322280704975,-0.0731998011469841,0.0162370465695858
1885154520225,0.8212112188339233,-9.783905029296875,0.8044517636299133,0.0162370465695858,-0.071868896484375,0.02022976242005825
1885155757512,0.8080430626869202,-9.762357711791992,0.7697358727455139,0.0119781494140625,-0.0721350759267807,0.02022976242005825
1885156994762,0.812831461429596,-9.773131370544434,0.8056488633155823,0.013042873702943325,-0.0681423619389534,0.01756795309484005
1885158232012,0.8236054182052612,-9.789891242980957,0.7924807667732239,0.01703559048473835,-0.0700056254863739,0.0244886614382267
1885159469325,0.7817068696022034,-9.770737648010254,0.7757213711738586,0.0173017717897892,-0.0697394460439682,0.0196974016726017
1885160706575,0.8176198601722717,-9.821015357971191,0.7769184708595276,0.01836649514734745,-0.0673438161611557,0.0167694091796875
1885161943850,0.8164227604866028,-9.849745750427246,0.7745242714881897,0.0157046839594841,-0.0678761824965477,0.0244886614382267
1885163181112,0.8032546639442444,-9.84256362915039,0.7948749661445618,0.0167694091796875,-0.0662790909409523,0.02369011752307415
1885164418400,0.8259996175765991,-9.840168952941895,0.7912836670875549,0.02182685025036335,-0.0681423619389534,0.023956298828125
1885165655662,0.8224083185195923,-9.892841339111328,0.768538773059845,0.0191650390625,-0.0644158273935318,0.02555338479578495
1885166892937,0.8080430626869202,-9.884461402893066,0.8415619134902954,0.01836649514734745,-0.0654805526137352,0.0271504707634449
1885168130200,0.8762778043746948,-9.872490882873535,0.7912836670875549,0.01703559048473835,-0.0684085413813591,0.02608574740588665
1885169367487,0.8200140595436096,-9.864110946655273,0.7817068696022034,0.0157046839594841,-0.066545270383358,0.0295461006462574
1885170604737,0.8271967172622681,-9.93593692779541,0.7841010689735413,0.0114457868039608,-0.0625525563955307,0.02848137728869915
1885171842012,0.8822633624076843,-9.983820915222168,0.8248025178909302,0.010913425125181675,-0.062286376953125,0.03034464456140995
1885173079287,0.8774749040603638,-9.96825885772705,0.7996633648872375,0.013042873702943325,-0.0686747208237648,0.02981228195130825
1885174316562,0.8523358106613159,-9.96945571899414,0.7326257228851318,0.008251613937318325,-0.0660129114985466,0.0346035435795784
1885175553850,0.8643068075180054,-10.02571964263916,0.7793126702308655,0.00931633822619915,-0.0654805526137352,0.0401933453977108
1885176791112,0.8906430602073669,-10.010157585144043,0.8188169598579407,0.007985432632267475,-0.0657467320561409,0.0354020856320858
1885178028375,0.8678981065750122,-10.054450035095215,0.7924807667732239,0.0042588976211845875,-0.0628187358379364,0.0393948033452034
1885179265650,0.8367735147476196,-10.056844711303711,0.7589619159698486,0.0042588976211845875,-0.0646820068359375,0.0425889752805233
1885180502925,0.8415619134902954,-10.075998306274414,0.7565677165985107,0.003460354171693325,-0.062020193785429,0.0439198799431324
1885181740187,0.8810662031173706,-10.11430549621582,0.7637503743171692,-0.0013309054775163531,-0.0657467320561409,0.0444522425532341
1885182977462,0.8583213090896606,-10.105925559997559,0.7745242714881897,-0.00452507846057415,-0.0633511021733284,0.0457831472158432
1885184214737,0.8810662031173706,-10.107122421264648,0.750582218170166,-0.0066545275039970875,-0.0660129114985466,0.0457831472158432
1885185452000,0.8607155084609985,-10.144232749938965,0.7206547260284424,-0.012510511092841625,-0.062286376953125,0.0495096817612648
1885186689262,0.8774749040603638,-10.158597946166992,0.767341673374176,-0.0138414166867733,-0.0636172816157341,0.0545671246945858
1885187926525,0.8858546614646912,-10.111910820007324,0.7422025203704834,-0.0186326764523983,-0.0564303919672966,0.0532362200319767
1885189163812,0.8846575617790222,-10.141838073730469,0.7781155705451965,-0.02129448764026165,-0.0556318499147892,0.052703857421875
1885190401062,0.8762778043746948,-10.139444351196289,0.7350199222564697,-0.0247548408806324,-0.062020193785429,0.0614878311753273
1885191638337,0.912190854549408,-10.129867553710938,0.7577648162841797,-0.02661811001598835,-0.062020193785429,0.0606892891228199
1885192875612,0.8930372595787048,-10.170568466186523,0.7457938194274902,-0.03034464456140995,-0.0654805526137352,0.0628187358379364
1885194112887,0.9433155059814453,-10.157401084899902,0.7745242714881897,-0.0314093679189682,-0.0633511021733284,0.0716027170419693
1885195350137,0.9074024558067322,-10.11550235748291,0.8188169598579407,-0.0343373604118824,-0.0638834610581398,0.0684085413813591
1885196587450,0.9385270476341248,-10.085575103759766,0.7841010689735413,-0.0372653529047966,-0.06707763671875,0.0724012553691864
1885197824687,0.9241618514060974,-10.071209907531738,0.768538773059845,-0.0385962575674057,-0.0686747208237648,0.0753292515873909
1885199061962,0.9361328482627869,-10.092757225036621,0.7661445736885071,-0.0356682650744915,-0.0660129114985466,0.0747968852519989
1885200299262,0.9085995554924011,-10.079588890075684,0.7864952683448792,-0.0420566126704216,-0.0660129114985466,0.0825161412358284
1885201536537,0.8786720037460327,-10.062829971313477,0.8343793153762817,-0.0444522425532341,-0.071336530148983,0.0806528702378273
1885202773787,0.8643068075180054,-10.091560363769531,0.8032546639442444,-0.0484449602663517,-0.071336530148983,0.0867750346660614
1885204011062,0.8702923059463501,-10.06043529510498,0.8008604645729065,-0.0513729527592659,-0.0697394460439682,0.091033935546875
1885205248325,0.9074024558067322,-10.043676376342773,0.7912836670875549,-0.047646414488554,-0.0708041712641716,0.0936957448720932
1885206485600,0.8583213090896606,-10.072406768798828,0.7457938194274902,-0.0511067695915699,-0.0708041712641716,0.0950266495347023
1885207722875,0.8750807046890259,-10.04726791381836,0.7912836670875549,-0.0550994873046875,-0.0654805526137352,0.0920986607670784
1885208960162,0.8906430602073669,-10.064026832580566,0.8224083185195923,-0.0577612966299057,-0.0673438161611557,0.0947604700922966
1885210197425,0.9289502501487732,-10.073603630065918,0.7936778664588928,-0.0577612966299057,-0.0686747208237648,0.100084088742733
1885211434687,0.8702923059463501,-10.054450035095215,0.7697358727455139,-0.0596245639026165,-0.0662790909409523,0.1032782644033432
1885212671962,0.8762778043746948,-10.050858497619629,0.7757213711738586,-0.0588260218501091,-0.0678761824965477,0.1038106232881546
1885213909250,0.8978256583213806,-10.062829971313477,0.7589619159698486,-0.0628187358379364,-0.0734659805893898,0.1075371652841568
1885215146500,0.849941611289978,-10.034099578857422,0.7637503743171692,-0.0585598424077034,-0.0721350759267807,0.1064724400639534
1885216383750,0.8487445116043091,-10.028114318847656,0.7541735172271729,-0.0644158273935318,-0.0681423619389534,0.1141916885972023
1885217621062,0.8858546614646912,-10.001777648925781,0.828393816947937,-0.0633511021733284,-0.0716027170419693,0.1221771240234375
1885218858312,0.9481039047241211,-10.017339706420898,0.7733271718025208,-0.0646820068359375,-0.0702718123793602,0.1208462193608284
1885220095575,0.9481039047241211,-9.995792388916016,0.7613561749458313,-0.0702718123793602,-0.0705379918217659,0.1157887727022171
1885221332850,0.9026140570640564,-10.035296440124512,0.7757213711738586,-0.0700056254863739,-0.0785234197974205,0.1179182231426239
1885222570137,0.9409212470054626,-10.007762908935547,0.7410054206848145,-0.0673438161611557,-0.0739983469247818,0.1211123988032341
1885223807400,0.9085995554924011,-10.014945983886719,0.788889467716217,-0.0724012553691864,-0.071336530148983,0.1173858642578125
1885225044675,0.9373299479484558,-10.020931243896484,0.8020575642585754,-0.076127789914608,-0.0702718123793602,0.1237742081284523
1885226281925,0.9672574996948242,-10.002974510192871,0.8104372620582581,-0.0710703507065773,-0.076127789914608,0.1296301931142807
1885227519212,0.9253589510917664,-10.008960723876953,0.8152256608009338,-0.0750630721449852,-0.0734659805893898,0.1229756623506546
1885228756487,0.9217676520347595,-10.001777648925781,0.7948749661445618,-0.0769263356924057,-0.0795881450176239,0.1251051127910614
1885229993775,0.9169792532920837,-9.995792388916016,0.828393816947937,-0.0755954310297966,-0.0825161412358284,0.128299281001091
1885231231025,0.889445960521698,-10.013749122619629,0.7924807667732239,-0.0779910609126091,-0.0763939768075943,0.1261698454618454
1885232468312,0.8942343592643738,-10.006566047668457,0.8176198601722717,-0.0825161412358284,-0.0790557861328125,0.1275007426738739
1885233705575,0.8798691034317017,-9.994595527648926,0.7721300721168518,-0.0851779505610466,-0.07666015625,0.1298963725566864
1885234942837,0.9014169573783875,-9.973047256469727,0.7386112213134766,-0.0830485001206398,-0.0724012553691864,0.1338890939950943
1885236180112,0.9085995554924011,-9.985018730163574,0.7733271718025208,-0.0825161412358284,-0.0737321600317955,0.1344214528799057
1885237417387,0.9014169573783875,-9.988609313964844,0.8032546639442444,-0.0819837749004364,-0.081451416015625,0.1349538117647171
1885238654662,0.8786720037460327,-9.975441932678223,0.7960720658302307,-0.0825161412358284,-0.0771925151348114,0.1376156210899353
1885239891925,0.8942343592643738,-9.99339771270752,0.7852981686592102,-0.0833146795630455,-0.0819837749004364,0.1400112509727478
1885241129200,0.8798691034317017,-10.006566047668457,0.7793126702308655,-0.0827823206782341,-0.0825161412358284,0.1432054340839386
1885242366475,0.8834604620933533,-9.963470458984375,0.7924807667732239,-0.0886383056640625,-0.081451416015625,0.1408098042011261
1885243603750,0.9050082564353943,-9.976638793945312,0.7457938194274902,-0.091033935546875,-0.081451416015625,0.1416083425283432
1885244841000,0.9181763529777527,-9.96825885772705,0.751779317855835,-0.08624267578125,-0.0811852365732193,0.1453348845243454
1885246078287,0.8427590131759644,-9.971850395202637,0.7445967197418213,-0.0913001149892807,-0.0774587020277977,0.1453348845243454
1885247315562,0.8631097078323364,-9.944316864013672,0.767341673374176,-0.091033935546875,-0.0822499617934227,0.1421407014131546
1885248552812,0.8547300100326538,-9.985018730163574,0.7565677165985107,-0.0944942906498909,-0.0841132253408432,0.1453348845243454
1885249790100,0.9074024558067322,-9.916783332824707,0.7637503743171692,-0.0958251953125,-0.0811852365732193,0.1538526713848114
1885251027362,0.851138710975647,-9.9586820602417,0.7661445736885071,-0.0939619243144989,-0.0811852365732193,0.1541188508272171
1885252264650,0.8487445116043091,-9.93474006652832,0.7422025203704834,-0.0987531840801239,-0.0811852365732193,0.1501261442899704
1885253501912,0.910993754863739,-9.913191795349121,0.7852981686592102,-0.0984870046377182,-0.0867750346660614,0.1519894003868103
1885254739187,0.8547300100326538,-9.921571731567383,0.750582218170166,-0.0939619243144989,-0.0849117711186409,0.1533203125
1885255976462,0.8810662031173706,-9.945513725280762,0.7469909191131592,-0.0942281037569046,-0.0875735804438591,0.1557159423828125
1885257213725,0.8367735147476196,-9.914389610290527,0.7242460250854492,-0.0976884588599205,-0.085710309445858,0.1575792133808136
1885258450987,0.8667010068893433,-9.910798072814941,0.7529764175415039,-0.095292828977108,-0.0838470458984375,0.1602410227060318
1885259688275,0.8307880163192749,-9.90122127532959,0.7481880187988281,-0.0971560999751091,-0.0899692103266716,0.1602410227060318
1885260925525,0.8559271097183228,-9.920374870300293,0.7386112213134766,-0.1011488139629364,-0.08624267578125,0.1621042937040329
1885262162800,0.8176198601722717,-9.894038200378418,0.6883329749107361,-0.1008826345205307,-0.0891706645488739,0.1655646413564682
1885263400075,0.8200140595436096,-9.874884605407715,0.7613561749458313,-0.0990193635225296,-0.090501569211483,0.166629359126091
1885264637350,0.8271967172622681,-9.897629737854004,0.7481880187988281,-0.0971560999751091,-0.0894368439912796,0.1668955385684967
1885265874625,0.8044517636299133,-9.890447616577148,0.6979097723960876,-0.0979546457529068,-0.08624267578125,0.1687588095664978
1885267111900,0.811634361743927,-9.828198432922363,0.707486629486084,-0.100616455078125,-0.0894368439912796,0.1695573627948761
1885268349175,0.8176198601722717,-9.834183692932129,0.7254431247711182,-0.1032782644033432,-0.0926310196518898,0.166629359126091
1885269586437,0.8367735147476196,-9.831789016723633,0.730231523513794,-0.1003502756357193,-0.0926310196518898,0.1684926301240921
1885270823725,0.7709329724311829,-9.837775230407715,0.7565677165985107,-0.1003502756357193,-0.0936957448720932,0.1692911684513092
1885272060975,0.790086567401886,-9.801861763000488,0.6919242739677429,-0.0955590158700943,-0.0928971990942955,0.1746148020029068
1885273298237,0.7912836670875549,-9.807847023010254,0.6931213736534119,-0.0982208251953125,-0.0899692103266716,0.171420618891716
1885274535525,0.7805097699165344,-9.77791976928711,0.7374141216278076,-0.1024797186255455,-0.0881059393286705,0.1719529926776886
1885275772800,0.7721300721168518,-9.77791976928711,0.7374141216278076,-0.1067386195063591,-0.0870412141084671,0.1703559011220932
1885277010062,0.7769184708595276,-9.769539833068848,0.7374141216278076,-0.1040768101811409,-0.0918324738740921,0.171420618891716
1885278247337,0.7972691655158997,-9.750386238098145,0.7122750282287598,-0.100616455078125,-0.0944942906498909,0.1756795197725296
1885279484600,0.7912836670875549,-9.771934509277344,0.7230489253997803,-0.1030120849609375,-0.0934295654296875,0.1764780580997467
1885280721875,0.751779317855835,-9.799468040466309,0.7350199222564697,-0.10540771484375,-0.0926310196518898,0.1695573627948761
1885281959150,0.7805097699165344,-9.761160850524902,0.7206547260284424,-0.0974222794175148,-0.0963575541973114,0.1684926301240921
1885283196437,0.7697358727455139,-9.758766174316406,0.7350199222564697,-0.0995517298579216,-0.0926310196518898,0.1711544394493103
1885284433700,0.7721300721168518,-9.736021041870117,0.7374141216278076,-0.0971560999751091,-0.0915662944316864,0.167694091796875
1885285670962,0.811634361743927,-9.763554573059082,0.7266402244567871,-0.0963575541973114,-0.0966237336397171,0.1700897216796875
1885286908237,0.7876923680305481,-9.738415718078613,0.727837324142456,-0.1008826345205307,-0.0944942906498909,0.1754133403301239
1885288145500,0.7912836670875549,-9.747992515563965,0.7170634269714355,-0.1003502756357193,-0.0971560999751091,0.1684926301240921
1885289382787,0.7457938194274902,-9.768342971801758,0.7182605266571045,-0.0907677561044693,-0.0923648402094841,0.1639675498008728
1885290620050,0.729034423828125,-9.758766174316406,0.7003040313720703,-0.091033935546875,-0.0955590158700943,0.167694091796875
1885291857300,0.751779317855835,-9.791088104248047,0.7541735172271729,-0.0928971990942955,-0.0955590158700943,0.1687588095664978
1885293094587,0.767341673374176,-9.774328231811523,0.768538773059845,-0.0883721262216568,-0.095292828977108,0.1642337292432785
1885294331850,0.751779317855835,-9.762357711791992,0.7194576263427734,-0.091033935546875,-0.0982208251953125,0.1610395610332489
1885295569137,0.7697358727455139,-9.780314445495605,0.7266402244567871,-0.0995517298579216,-0.0934295654296875,0.1621042937040329
1885296806400,0.7661445736885071,-9.791088104248047,0.7362170219421387,-0.0984870046377182,-0.0894368439912796,0.1557159423828125
1885298043675,0.7721300721168518,-9.785102844238281,0.7314286231994629,-0.0936957448720932,-0.0931633859872818,0.1554497629404068
1885299280950,0.7793126702308655,-9.75397777557373,0.7374141216278076,-0.0950266495347023,-0.0979546457529068,0.1615719199180603
1885300518237,0.767341673374176,-9.765949249267578,0.7110779285430908,-0.090501569211483,-0.0942281037569046,0.1578453928232193
1885301755500,0.7697358727455139,-9.712079048156738,0.6967126727104187,-0.0870412141084671,-0.0958251953125,0.1511908620595932
1885302992750,0.7170634269714355,-9.75397777557373,0.7170634269714355,-0.0889044851064682,-0.0976884588599205,0.152255579829216
1885304230037,0.7553706169128418,-9.750386238098145,0.7194576263427734,-0.0899692103266716,-0.095292828977108,0.1469319611787796
1885305467300,0.7374141216278076,-9.738415718078613,0.689530074596405,-0.0894368439912796,-0.0926310196518898,0.1479966938495636
1885306704562,0.7194576263427734,-9.746795654296875,0.6811503767967224,-0.0915662944316864,-0.0920986607670784,0.1450686901807785
1885307941837,0.7350199222564697,-9.700108528137207,0.7098808288574219,-0.0902353897690773,-0.095292828977108,0.147464320063591
1885309179125,0.7158663272857666,-9.740809440612793,0.6859387755393982,-0.0902353897690773,-0.0915662944316864,0.1442701518535614
1885310416387,0.7398083209991455,-9.690531730651855,0.6847416758537292,-0.0899692103266716,-0.0913001149892807,0.129364013671875
1885311653662,0.706289529800415,-9.715670585632324,0.7254431247711182,-0.0875735804438591,-0.0974222794175148,0.1333567351102829
1885312890937,0.6655880808830261,-9.655815124511719,0.6859387755393982,-0.08624267578125,-0.0947604700922966,0.1325581818819046
1885314128212,0.6548141837120056,-9.66539192199707,0.6991068720817566,-0.0841132253408432,-0.0923648402094841,0.1272345632314682
1885315365500,0.690727174282074,-9.654618263244629,0.6847416758537292,-0.0859764963388443,-0.0913001149892807,0.1275007426738739
1885316602750,0.7493851184844971,-9.611522674560547,0.6823474764823914,-0.0806528702378273,-0.090501569211483,0.1232418492436409
1885317840025,0.6859387755393982,-9.627084732055664,0.7122750282287598,-0.0795881450176239,-0.0854441300034523,0.1165873184800148
1885319077287,0.6787561774253845,-9.640253067016602,0.7003040313720703,-0.0795881450176239,-0.0923648402094841,0.1176520437002182
1885320314575,0.6931213736534119,-9.655815124511719,0.6787561774253845,-0.0734659805893898,-0.0934295654296875,0.1195153146982193
1885321551837,0.7242460250854492,-9.567230224609375,0.6787561774253845,-0.0705379918217659,-0.0838470458984375,0.104875348508358
1885322789100,0.6883329749107361,-9.59715747833252,0.6967126727104187,-0.0678761824965477,-0.0833146795630455,0.1024797186255455
1885324026375,0.6823474764823914,-9.606734275817871,0.7122750282287598,-0.0644158273935318,-0.090501569211483,0.1070047989487648
1885325263637,0.7122750282287598,-9.59596061706543,0.6859387755393982,-0.0678761824965477,-0.0923648402094841,0.1051415354013443
1885326500925,0.7589619159698486,-9.599552154541016,0.730231523513794,-0.0662790909409523,-0.0865088552236557,0.0982208251953125
1885327738200,0.730231523513794,-9.582792282104492,0.7134721279144287,-0.0649481862783432,-0.0870412141084671,0.0915662944316864
1885328975475,0.7206547260284424,-9.568427085876465,0.6931213736534119,-0.0633511021733284,-0.0870412141084671,0.0873074010014534
1885330212737,0.7398083209991455,-9.588777542114258,0.6955155730247498,-0.0585598424077034,-0.0920986607670784,0.0915662944316864
1885331450000,0.6787561774253845,-9.512163162231445,0.6979097723960876,-0.0558980293571949,-0.0889044851064682,0.08624267578125
1885332687275,0.707486629486084,-9.56124496459961,0.707486629486084,-0.0521714948117733,-0.0878397598862648,0.0873074010014534
1885333924550,0.6751648783683777,-9.548076629638672,0.6847416758537292,-0.0508405901491642,-0.085710309445858,0.0891706645488739
1885335161825,0.707486629486084,-9.545681953430176,0.6919242739677429,-0.0455169677734375,-0.0777248814702034,0.0846455842256546
1885336399100,0.6631938815116882,-9.543288230895996,0.6931213736534119,-0.0457831472158432,-0.081451416015625,0.0753292515873909
1885337636375,0.6416460871696472,-9.515754699707031,0.6596025824546814,-0.0412580706179142,-0.0830485001206398,0.0697394460439682
1885338873625,0.6524199843406677,-9.490615844726562,0.6524199843406677,-0.0351359061896801,-0.0793219655752182,0.0636172816157341
1885340110925,0.6404489874839783,-9.533711433410645,0.669179379940033,-0.0354020856320858,-0.0798543319106102,0.0628187358379364
1885341348175,0.6356605291366577,-9.488221168518066,0.7086837291717529,-0.0359344482421875,-0.0803866907954216,0.0633511021733284
1885342585450,0.6548141837120056,-9.496601104736328,0.6835445761680603,-0.0300784632563591,-0.0790557861328125,0.062286376953125
1885343822725,0.6141127347946167,-9.498995780944824,0.6524199843406677,-0.0228915736079216,-0.0742645263671875,0.0535023994743824
1885345059987,0.6320692300796509,-9.477447509765625,0.6643909811973572,-0.014906140975654125,-0.0747968852519989,0.0500420443713665
1885346297262,0.6368576288223267,-9.494207382202148,0.7003040313720703,-0.01783413253724575,-0.0769263356924057,0.0452507846057415
1885347534525,0.6739677786827087,-9.465476036071777,0.669179379940033,-0.014373779296875,-0.0777248814702034,0.0465816929936409
1885348771800,0.6715735793113708,-9.470264434814453,0.6428431868553162,-0.007985432632267475,-0.080919049680233,0.0471140518784523
1885350009075,0.606930136680603,-9.48343276977539,0.6967126727104187,-0.0063883461989462376,-0.07666015625,0.0412580706179142
1885351246350,0.6584054827690125,-9.47265911102295,0.628477931022644,0.0013309054775163531,-0.0684085413813591,0.0356682650744915
1885352483625,0.6021417379379272,-9.493009567260742,0.6308721303939819,0.0039927163161337376,-0.0628187358379364,0.0364668108522892
1885353720900,0.5877765417098999,-9.452308654785156,0.690727174282074,0.008783976547420025,-0.0630849227309227,0.02901373989880085
1885354958162,0.6093243360519409,-9.477447509765625,0.7098808288574219,0.0138414166867733,-0.0694732666015625,0.0247548408806324
1885356195437,0.52552729845047,-9.478644371032715,0.6560112833976746,0.01943122036755085,-0.0678761824965477,0.02608574740588665
1885357432725,0.5614402890205383,-9.455899238586426,0.6308721303939819,0.0162370465695858,-0.06707763671875,0.0204959437251091
1885358669987,0.5961562395095825,-9.479841232299805,0.6596025824546814,0.0223592109978199,-0.0652143657207489,0.01996358297765255
1885359907250,0.6057330369949341,-9.497797966003418,0.6536170840263367,0.03034464456140995,-0.0681423619389534,0.013309055007994175
1885361144525,0.5578489899635315,-9.530119895935059,0.6763619780540466,0.0322079136967659,-0.0686747208237648,0.010114881210029125
1885362381787,0.5638344883918762,-9.558850288391113,0.5985504388809204,0.0348697230219841,-0.062286376953125,0.008783976547420025
1885363619050,0.5877765417098999,-9.579200744628906,0.5662286877632141,0.0391286201775074,-0.0617540143430233,0.00958251953125
1885364856325,0.568622887134552,-9.567230224609375,0.5985504388809204,0.0404595248401165,-0.0588260218501091,0.010381062515079975
1885366093625,0.5051765441894531,-9.643844604492188,0.6093243360519409,0.0423227921128273,-0.0556318499147892,0.0021294488105922937
1885367330887,0.5327098965644836,-9.633070945739746,0.5638344883918762,0.0407257080078125,-0.0606892891228199,0.006122165359556675
1885368568150,0.4908113479614258,-9.703699111938477,0.5506663918495178,0.0417904332280159,-0.0577612966299057,0.008251613937318325
1885369805437,0.46088382601737976,-9.6989107131958,0.5674257874488831,0.0495096817612648,-0.0569627545773983,0.008783976547420025
1885371042687,0.49559974670410156,-9.747992515563965,0.5913678407669067,0.052437674254179,-0.0590922012925148,0.0013309054775163531
1885372279962,0.46567222476005554,-9.767146110534668,0.5793968439102173,0.0556318499147892,-0.0545671246945858,-0.0010647244052961469
1885373517237,0.4728548526763916,-9.813833236694336,0.5386953949928284,0.0500420443713665,-0.0558980293571949,0.005589802749454975
1885374754525,0.48243165016174316,-9.801861763000488,0.5159504413604736,0.052703857421875,-0.0540347620844841,0.0077192517928779125
1885375991762,0.4991910457611084,-9.81143856048584,0.5482721924781799,0.0553656667470932,-0.0519053116440773,0.005855984054505825
1885377229062,0.47405195236206055,-9.865307807922363,0.5339069962501526,0.0516391322016716,-0.0487111397087574,0.0063883461989462376
1885378466325,0.4644751250743866,-9.860519409179688,0.524330198764801,0.0556318499147892,-0.0489773228764534,0.00958251953125
1885379703587,0.48602294921875,-9.916783332824707,0.47405195236206055,0.0580274797976017,-0.0481787770986557,0.0066545275039970875
1885380940850,0.48961424827575684,-9.87967300415039,0.48961424827575684,0.0495096817612648,-0.0393948033452034,0.0071868896484375
1885382178137,0.47644615173339844,-9.947908401489258,0.48602294921875,0.0535023994743824,-0.0399271659553051,0.00692070834338665
1885383415412,0.5363011956214905,-9.93474006652832,0.4405331015586853,0.057228934019804,-0.0369991734623909,0.0066545275039970875
1885384652687,0.507570743560791,-9.90361499786377,0.5315127968788147,0.0511067695915699,-0.0367329902946949,0.00931633822619915
1885385889950,0.5303156971931458,-9.93354320526123,0.5003881454467773,0.0492435023188591,-0.038330078125,0.008783976547420025
1885387127237,0.5494692921638489,-9.950302124023438,0.5279214978218079,0.0545671246945858,-0.0393948033452034,0.01171196810901165
1885388364500,0.5171476006507874,-9.907206535339355,0.5111620426177979,0.0500420443713665,-0.0399271659553051,0.012776692397892475
1885389601762,0.5374982953071594,-9.8784761428833,0.547075092792511,0.0447184219956398,-0.0388624407351017,0.012510511092841625
1885390839062,0.5315127968788147,-9.90361499786377,0.49799394607543945,0.0447184219956398,-0.0367329902946949,0.015172322280704975
1885392076312,0.5327098965644836,-9.86889934539795,0.50876784324646,0.0444522425532341,-0.0348697230219841,0.01889885775744915
1885393313587,0.5554547905921936,-9.862914085388184,0.5614402890205383,0.0441860631108284,-0.033538818359375,0.0181003138422966
1885394550862,0.5722141861915588,-9.852140426635742,0.52552729845047,0.0404595248401165,-0.0330064557492733,0.0191650390625
1885395788125,0.5973533391952515,-9.848548889160156,0.5099649429321289,0.0385962575674057,-0.0292799212038517,0.0181003138422966
1885397025412,0.586579442024231,-9.859322547912598,0.545877993106842,0.0436537005007267,-0.0271504707634449,0.0263519287109375
1885398262675,0.5997475385665894,-9.892841339111328,0.5147533416748047,0.0433875173330307,-0.0324740931391716,0.0244886614382267
1885399499937,0.5829881429672241,-9.965864181518555,0.5195418000221252,0.0423227921128273,-0.0322079136967659,0.0223592109978199
1885400737212,0.5829881429672241,-9.998186111450195,0.5015852451324463,0.038330078125,-0.033272635191679,0.0292799212038517
1885401974475,0.6129156351089478,-10.074800491333008,0.4273650050163269,0.0362006276845932,-0.0327402763068676,0.0258195661008358
1885403211750,0.6105214357376099,-10.074800491333008,0.4405331015586853,0.0407257080078125,-0.0319417305290699,0.02901373989880085
1885404449050,0.646434485912323,-10.163386344909668,0.5111620426177979,0.0369991734623909,-0.0319417305290699,0.0340711809694767
1885405686312,0.667982280254364,-10.210073471069336,0.4920084476470947,0.0356682650744915,-0.0322079136967659,0.0306108258664608
1885406923575,0.690727174282074,-10.159794807434082,0.5614402890205383,0.0311431884765625,-0.0311431884765625,0.02848137728869915
1885408160837,0.727837324142456,-10.168174743652344,0.6512228846549988,0.0316755510866642,-0.02741665206849575,0.0276828333735466
1885409398112,0.7122750282287598,-10.14782428741455,0.6655880808830261,0.0295461006462574,-0.02661811001598835,0.0322079136967659
1885410635375,0.7086837291717529,-10.0580415725708,0.6572083830833435,0.02182685025036335,-0.02608574740588665,0.0343373604118824
1885411872662,0.7086837291717529,-10.007762908935547,0.706289529800415,0.01224433071911335,-0.033272635191679,0.0364668108522892
1885413109937,0.6428431868553162,-9.96825885772705,0.7721300721168518,0.0071868896484375,-0.0295461006462574,0.0385962575674057
1885414347212,0.5937620401382446,-9.904812812805176,0.6536170840263367,0.007453070487827063,-0.0324740931391716,0.0409918874502182
1885415584475,0.5901707410812378,-9.797073364257812,0.6560112833976746,0.004791259765625,-0.0338049978017807,0.0436537005007267
1885416821750,0.5494692921638489,-9.77672290802002,0.7122750282287598,0.006122165359556675,-0.0276828333735466,0.0532362200319767
1885418059037,0.5147533416748047,-9.758766174316406,0.6811503767967224,0.006122165359556675,-0.02874755859375,0.0566965714097023
1885419296287,0.5267243981361389,-9.750386238098145,0.6212953329086304,0.0077192517928779125,-0.0306108258664608,0.062020193785429
1885420533562,0.456095427274704,-9.726444244384766,0.6009446382522583,0.0015970865497365594,-0.0244886614382267,0.0636172816157341
1885421770850,0.395043283700943,-9.720458984375,0.669179379940033,-0.0018632676219567657,-0.02741665206849575,0.0673438161611557
1885423008100,0.4429273307323456,-9.750386238098145,0.6105214357376099,0.003460354171693325,-0.0263519287109375,0.0763939768075943
1885424245375,0.42856210470199585,-9.780314445495605,0.5303156971931458,0.0063883461989462376,-0.02182685025036335,0.0798543319106102
1885425482662,0.4572925269603729,-9.854534149169922,0.5315127968788147,0.004791259765625,-0.0223592109978199,0.0819837749004364
1885426719912,0.4213795065879822,-9.926360130310059,0.5315127968788147,0.007985432632267475,-0.0220930315554142,0.0870412141084671
1885427957187,0.456095427274704,-9.965864181518555,0.47405195236206055,0.0063883461989462376,-0.02182685025036335,0.0889044851064682
1885429194462,0.5039794445037842,-10.02571964263916,0.5183447003364563,0.008783976547420025,-0.01463996060192585,0.0843794047832489
1885430431750,0.4776432514190674,-10.135852813720703,0.5171476006507874,0.010913425125181675,-0.01463996060192585,0.0873074010014534
1885431669025,0.6093243360519409,-10.137049674987793,0.47165775299072266,0.007453070487827063,-0.00931633822619915,0.0889044851064682
1885432906300,0.6655880808830261,-10.226832389831543,0.5925649404525757,0.00984870083630085,-0.01117960549890995,0.0849117711186409
1885434143550,0.6236895322799683,-10.268731117248535,0.6212953329086304,0.005589802749454975,-0.0114457868039608,0.0854441300034523
1885435380825,0.6799532771110535,-10.220847129821777,0.6787561774253845,0.0010647244052961469,-0.00984870083630085,0.0793219655752182
1885436618112,0.7553706169128418,-10.234015464782715,0.6775590777397156,-0.0005323622026480734,-0.008517795242369175,0.0833146795630455
1885437855387,0.7577648162841797,-10.253169059753418,0.7589619159698486,-0.0002661811013240367,-0.010381062515079975,0.081451416015625
1885439092650,0.7386112213134766,-10.182539939880371,0.727837324142456,-0.0066545275039970875,-0.01410759799182415,0.0763939768075943
1885440329900,0.7529764175415039,-10.17416000366211,0.729034423828125,-0.01171196810901165,-0.013309055007994175,0.0782572403550148
1885441567187,0.7374141216278076,-10.11430549621582,0.6931213736534119,-0.014373779296875,-0.01836649514734745,0.0801205113530159
1885442804450,0.7481880187988281,-10.08318042755127,0.6871358752250671,-0.0167694091796875,-0.012510511092841625,0.081451416015625
1885444041750,0.7661445736885071,-10.068815231323242,0.6727706789970398,-0.0167694091796875,-0.010381062515079975,0.080919049680233
1885445279000,0.7469909191131592,-10.107122421264648,0.6859387755393982,-0.0196974016726017,-0.01224433071911335,0.0883721262216568
1885446516275,0.7589619159698486,-10.044873237609863,0.7326257228851318,-0.0271504707634449,-0.015172322280704975,0.0907677561044693
1885447753550,0.7829039692878723,-10.037691116333008,0.6631938815116882,-0.02848137728869915,-0.01224433071911335,0.0934295654296875
1885448990812,0.7218518257141113,-10.086771965026855,0.6763619780540466,-0.0306108258664608,-0.012776692397892475,0.0971560999751091
1885450228075,0.7242460250854492,-10.066421508789062,0.6703764796257019,-0.0306108258664608,-0.01357523538172245,0.0963575541973114
1885451465362,0.7098808288574219,-10.101137161254883,0.6584054827690125,-0.0322079136967659,-0.01357523538172245,0.1030120849609375
1885452702650,0.7433996200561523,-10.098742485046387,0.5901707410812378,-0.0354020856320858,-0.01703559048473835,0.1046091690659523
1885453939912,0.7194576263427734,-10.103530883789062,0.6619967818260193,-0.0396609827876091,-0.01783413253724575,0.1064724400639534
1885455177187,0.7709329724311829,-10.107122421264648,0.6835445761680603,-0.0425889752805233,-0.01836649514734745,0.1107313334941864
1885456414437,0.829590916633606,-10.140641212463379,0.6536170840263367,-0.0481787770986557,-0.014906140975654125,0.1131269633769989
1885457651725,0.7841010689735413,-10.127472877502441,0.690727174282074,-0.0497758649289608,-0.01463996060192585,0.1123284250497818
1885458889000,0.8200140595436096,-10.078392028808594,0.6811503767967224,-0.0492435023188591,-0.02022976242005825,0.109666608273983
1885460126262,0.9002198576927185,-10.105925559997559,0.6955155730247498,-0.0537685826420784,-0.0173017717897892,0.1128607839345932
1885461363537,0.9085995554924011,-10.04846477508545,0.7386112213134766,-0.0548333041369915,-0.01357523538172245,0.1104651540517807
1885462600812,0.8750807046890259,-10.05923843383789,0.7134721279144287,-0.0593583844602108,-0.0167694091796875,0.1117960587143898
1885463838075,0.8427590131759644,-10.017339706420898,0.7194576263427734,-0.0662790909409523,-0.0228915736079216,0.114457868039608
1885465075362,0.8391677141189575,-10.028114318847656,0.788889467716217,-0.0633511021733284,-0.0276828333735466,0.1128607839345932
1885466312637,0.8164227604866028,-9.931148529052734,0.767341673374176,-0.0684085413813591,-0.0271504707634449,0.1152564138174057
1885467549887,0.8104372620582581,-9.93354320526123,0.7577648162841797,-0.0708041712641716,-0.02502102218568325,0.1184505894780159
1885468787162,0.8068459630012512,-9.925163269042969,0.7565677165985107,-0.0686747208237648,-0.02874755859375,0.119781494140625
1885470024450,0.7601590752601624,-9.837775230407715,0.707486629486084,-0.0729336217045784,-0.0322079136967659,0.1216447576880455
1885471261700,0.7733271718025208,-9.870096206665039,0.7350199222564697,-0.0686747208237648,-0.0343373604118824,0.1243065744638443
1885472498987,0.7697358727455139,-9.767146110534668,0.7589619159698486,-0.0692070871591568,-0.0300784632563591,0.1208462193608284
1885473736262,0.7374141216278076,-9.759963035583496,0.7661445736885071,-0.0689409002661705,-0.0322079136967659,0.1208462193608284
1885474973537,0.729034423828125,-9.7420072555542,0.7493851184844971,-0.0750630721449852,-0.0311431884765625,0.128299281001091
1885476210825,0.6943184733390808,-9.702502250671387,0.7757213711738586,-0.0697394460439682,-0.0322079136967659,0.1317596435546875
1885477448087,0.6787561774253845,-9.710882186889648,0.7805097699165344,-0.0734659805893898,-0.0338049978017807,0.1325581818819046
1885478685350,0.6500257849693298,-9.726444244384766,0.8307880163192749,-0.0731998011469841,-0.0346035435795784,0.1280331015586853
1885479922625,0.5674257874488831,-9.636661529541016,0.7793126702308655,-0.071868896484375,-0.0364668108522892,0.137881800532341
1885481159912,0.5650315880775452,-9.6618013381958,0.8056488633155823,-0.0729336217045784,-0.0338049978017807,0.1346876323223114
1885482397162,0.5003881454467773,-9.643844604492188,0.7924807667732239,-0.0716027170419693,-0.0362006276845932,0.1349538117647171
1885483634425,0.5171476006507874,-9.57201862335205,0.788889467716217,-0.0697394460439682,-0.0338049978017807,0.1440039724111557
1885484871712,0.4812345504760742,-9.569623947143555,0.7829039692878723,-0.0673438161611557,-0.02661811001598835,0.148529052734375
1885486108975,0.41060560941696167,-9.514557838439941,0.7170634269714355,-0.0628187358379364,-0.0327402763068676,0.1530541330575943
1885487346250,0.43095630407333374,-9.606734275817871,0.7326257228851318,-0.0617540143430233,-0.0316755510866642,0.1535864919424057
1885488583525,0.4297592043876648,-9.607931137084961,0.7050924301147461,-0.0633511021733284,-0.02502102218568325,0.1578453928232193
1885489820812,0.4489128291606903,-9.600749015808105,0.7110779285430908,-0.0606892891228199,-0.0244886614382267,0.1634351909160614
1885491058062,0.4465186297893524,-9.648633003234863,0.6524199843406677,-0.0582936592400074,-0.0247548408806324,0.1682264506816864
1885492295337,0.395043283700943,-9.612719535827637,0.6248866319656372,-0.0540347620844841,-0.0258195661008358,0.1740824282169342
1885493532612,0.45489832758903503,-9.709685325622559,0.7050924301147461,-0.0529700368642807,-0.01756795309484005,0.1756795197725296
1885494769887,0.42018240690231323,-9.783905029296875,0.6260837316513062,-0.0550994873046875,-0.014906140975654125,0.1764780580997467
1885496007162,0.4345476031303406,-9.795876502990723,0.6919242739677429,-0.0561642125248909,-0.014906140975654125,0.1767442524433136
1885497244425,0.43095630407333374,-9.856928825378418,0.6979097723960876,-0.0489773228764534,-0.00984870083630085,0.1799384206533432
1885498481725,0.43095630407333374,-9.870096206665039,0.6667851805686951,-0.0553656667470932,-0.0090501569211483,0.181003138422966
1885499718975,0.4704606235027313,-9.897629737854004,0.6560112833976746,-0.0558980293571949,-0.0114457868039608,0.1826002299785614
1885500956262,0.46327802538871765,-9.913191795349121,0.7170634269714355,-0.0553656667470932,-0.0077192517928779125,0.1847296804189682
1885502193500,0.5015852451324463,-9.917980194091797,0.6835445761680603,-0.0540347620844841,-0.0053236219100654125,0.1863267719745636
1885503430787,0.5482721924781799,-9.941922187805176,0.6224924325942993,-0.0521714948117733,-0.013309055007994175,0.1847296804189682
1885504668062,0.5746083855628967,-9.943120002746582,0.669179379940033,-0.0593583844602108,-0.007985432632267475,0.1831325888633728
1885505905337,0.5506663918495178,-9.931148529052734,0.6153098344802856,-0.0606892891228199,0.0026618109550327063,0.1847296804189682
1885507142625,0.5506663918495178,-9.96825885772705,0.6703764796257019,-0.0566965714097023,-0.0031941730994731188,0.1871253103017807
1885508379887,0.6153098344802856,-9.96825885772705,0.6991068720817566,-0.0574951171875,-0.0013309054775163531,0.1865929514169693
1885509617150,0.5279214978218079,-9.947908401489258,0.7410054206848145,-0.062286376953125,-0.0005323622026480734,0.1849958598613739
1885510854425,0.5602431893348694,-9.929951667785645,0.7122750282287598,-0.0654805526137352,-0.0029279920272529125,0.1844635009765625
1885512091687,0.5602431893348694,-9.896432876586914,0.7242460250854492,-0.0668114572763443,-0.0031941730994731188,0.1836649477481842
1885513328975,0.6021417379379272,-9.892841339111328,0.7218518257141113,-0.0668114572763443,0.0023956298828125,0.18206787109375
1885514566250,0.5829881429672241,-9.909601211547852,0.7529764175415039,-0.0678761824965477,0.005589802749454975,0.1828664094209671
1885515803500,0.5590460896492004,-9.949105262756348,0.7529764175415039,-0.0676099956035614,0.0039927163161337376,0.1767442524433136
1885517040787,0.5710170865058899,-9.815030097961426,0.7529764175415039,-0.0673438161611557,0.0029279920272529125,0.1751471608877182
1885518278062,0.6141127347946167,-9.813833236694336,0.7661445736885071,-0.0625525563955307,0.0090501569211483,0.1796722412109375
1885519515337,0.5829881429672241,-9.756372451782227,0.7661445736885071,-0.0652143657207489,0.0138414166867733,0.1722191721200943
1885520752587,0.6045359373092651,-9.713275909423828,0.8427590131759644,-0.0628187358379364,0.01117960549890995,0.1706220805644989
1885521989887,0.6332663297653198,-9.672574996948242,0.8475474119186401,-0.0606892891228199,0.0119781494140625,0.1698235422372818
1885523227162,0.6572083830833435,-9.63067626953125,0.8068459630012512,-0.062020193785429,0.0173017717897892,0.1613057404756546
1885524464437,0.6548141837120056,-9.560047149658203,0.8619126081466675,-0.0588260218501091,0.01836649514734745,0.1575792133808136
1885525701700,0.6344634294509888,-9.508572578430176,0.872686505317688,-0.0532362200319767,0.015438503585755825,0.1527879536151886
1885526938987,0.6141127347946167,-9.534908294677734,0.8427590131759644,-0.0513729527592659,0.0162370465695858,0.1477305144071579
1885528176250,0.5554547905921936,-9.50737476348877,0.8104372620582581,-0.0495096817612648,0.01703559048473835,0.142673060297966
1885529413550,0.5494692921638489,-9.489418983459473,0.8068459630012512,-0.0455169677734375,0.01756795309484005,0.1413421630859375
1885530650787,0.5770025849342346,-9.50617790222168,0.7613561749458313,-0.0449846051633358,0.0186326764523983,0.1344214528799057
1885531888062,0.5027823448181152,-9.524134635925293,0.6955155730247498,-0.0375315360724926,0.02076212503015995,0.1298963725566864
1885533125337,0.44771572947502136,-9.639056205749512,0.7158663272857666,-0.0351359061896801,0.02182685025036335,0.1261698454618454
1885534362600,0.45250412821769714,-9.72165584564209,0.689530074596405,-0.0367329902946949,0.02262539230287075,0.1205800324678421
1885535599900,0.4357447028160095,-9.7791166305542,0.6799532771110535,-0.0311431884765625,0.02315775491297245,0.1229756623506546
1885536837150,0.4441244304180145,-9.836577415466309,0.6368576288223267,-0.0292799212038517,0.0223592109978199,0.1221771240234375
1885538074425,0.41778820753097534,-9.911994934082031,0.5566518902778625,-0.02848137728869915,0.0282151959836483,0.1136593297123909
1885539311700,0.3818751871585846,-9.949105262756348,0.629675030708313,-0.0300784632563591,0.0327402763068676,0.1141916885972023
1885540548975,0.39624038338661194,-9.99220085144043,0.608127236366272,-0.02901373989880085,0.0356682650744915,0.110198974609375
1885541786237,0.40701428055763245,-10.050858497619629,0.5781997442245483,-0.02848137728869915,0.0356682650744915,0.110198974609375
1885543023512,0.3974374830722809,-10.095151901245117,0.6177040338516235,-0.0322079136967659,0.0319417305290699,0.1094004288315773
1885544260787,0.39863458275794983,-10.104728698730469,0.6392518877983093,-0.0364668108522892,0.0327402763068676,0.1109975129365921
1885545498037,0.41778820753097534,-10.128670692443848,0.608127236366272,-0.0367329902946949,0.0375315360724926,0.1133931428194046
1885546735337,0.42616790533065796,-10.145429611206055,0.6500257849693298,-0.0319417305290699,0.0396609827876091,0.1109975129365921
1885547972587,0.45250412821769714,-10.1382474899292,0.669179379940033,-0.0393948033452034,0.038063894957304,0.1070047989487648
1885549209887,0.41778820753097534,-10.075998306274414,0.646434485912323,-0.0401933453977108,0.043121337890625,0.1046091690659523
1885550447162,0.3794809579849243,-10.061633110046387,0.7194576263427734,-0.0433875173330307,0.038330078125,0.1091342493891716
1885551684412,0.46567222476005554,-10.019734382629395,0.6883329749107361,-0.0484449602663517,0.0391286201775074,0.1086018830537796
1885552921700,0.5398924946784973,-10.001777648925781,0.6955155730247498,-0.04791259765625,0.0401933453977108,0.1107313334941864
1885554158950,0.45489832758903503,-9.941922187805176,0.6955155730247498,-0.0463155098259449,0.0407257080078125,0.1155225932598114
1885555396237,0.47165775299072266,-9.886856079101562,0.689530074596405,-0.0511067695915699,0.0455169677734375,0.119781494140625
1885556633512,0.4189853072166443,-9.847352027893066,0.6727706789970398,-0.0505744069814682,0.0401933453977108,0.1155225932598114
1885557870787,0.4381389021873474,-9.821015357971191,0.6811503767967224,-0.052437674254179,0.0463155098259449,0.1181844025850296
1885559108050,0.42856210470199585,-9.770737648010254,0.7158663272857666,-0.0444522425532341,0.0441860631108284,0.1221771240234375
1885560345337,0.424970805644989,-9.767146110534668,0.6643909811973572,-0.0465816929936409,0.0447184219956398,0.1165873184800148
1885561582600,0.36152446269989014,-9.684545516967773,0.6607996821403503,-0.0497758649289608,0.0492435023188591,0.1165873184800148
1885562819875,0.3363853394985199,-9.757569313049316,0.6368576288223267,-0.0455169677734375,0.0537685826420784,0.1131269633769989
1885564057125,0.365115761756897,-9.756372451782227,0.6260837316513062,-0.0455169677734375,0.0535023994743824,0.1120622381567955
1885565294425,0.32680854201316833,-9.691728591918945,0.6536170840263367,-0.0425889752805233,0.0535023994743824,0.114457868039608
1885566531687,0.3148375153541565,-9.672574996948242,0.6416460871696472,-0.0393948033452034,0.0503082275390625,0.1115298792719841
1885567768950,0.30047231912612915,-9.709685325622559,0.6021417379379272,-0.0375315360724926,0.0495096817612648,0.1072709783911705
1885569006250,0.24779987335205078,-9.670180320739746,0.6488286852836609,-0.0354020856320858,0.0516391322016716,0.1022135391831398
1885570243512,0.29209262132644653,-9.692925453186035,0.6057330369949341,-0.0314093679189682,0.0569627545773983,0.1067386195063591
1885571480775,0.2908955216407776,-9.72165584564209,0.6009446382522583,-0.0356682650744915,0.0590922012925148,0.1022135391831398
1885572718050,0.2908955216407776,-9.708487510681152,0.5614402890205383,-0.033538818359375,0.0569627545773983,0.0998179093003273
1885573955312,0.3447650372982025,-9.75278091430664,0.5602431893348694,-0.0295461006462574,0.0612216517329216,0.1014149934053421
1885575192587,0.3232172429561615,-9.813833236694336,0.5650315880775452,-0.0268842913210392,0.0641496405005455,0.095292828977108
1885576429862,0.3280056416988373,-9.761160850524902,0.5590460896492004,-0.03034464456140995,0.0628187358379364,0.0920986607670784
1885577667137,0.38067808747291565,-9.791088104248047,0.5530605912208557,-0.03034464456140995,0.0654805526137352,0.0926310196518898
1885578904437,0.4273650050163269,-9.84495735168457,0.569819986820221,-0.0263519287109375,0.0678761824965477,0.0923648402094841
1885580141687,0.4429273307323456,-9.795876502990723,0.545877993106842,-0.0228915736079216,0.0700056254863739,0.0865088552236557
1885581378950,0.4908113479614258,-9.894038200378418,0.6368576288223267,-0.02608574740588665,0.0678761824965477,0.0849117711186409
1885582616237,0.44173023104667664,-9.938331604003906,0.6847416758537292,-0.0268842913210392,0.0660129114985466,0.0843794047832489
1885583853525,0.5231330990791321,-9.841365814208984,0.6344634294509888,-0.0276828333735466,0.0673438161611557,0.0819837749004364
1885585090787,0.5291185975074768,-9.886856079101562,0.6631938815116882,-0.0271504707634449,0.0724012553691864,0.0763939768075943
1885586328050,0.46567222476005554,-9.923966407775879,0.689530074596405,-0.02981228195130825,0.0724012553691864,0.0716027170419693
1885587565325,0.4704606235027313,-9.883264541625977,0.6883329749107361,-0.02555338479578495,0.0724012553691864,0.0708041712641716
1885588802587,0.49799394607543945,-9.909601211547852,0.6991068720817566,-0.02315775491297245,0.0731998011469841,0.0662790909409523
1885590039875,0.4668693244457245,-9.926360130310059,0.7170634269714355,-0.0276828333735466,0.0716027170419693,0.0705379918217659
1885591277150,0.42377370595932007,-9.862914085388184,0.7182605266571045,-0.0268842913210392,0.0708041712641716,0.0697394460439682
1885592514412,0.46088382601737976,-9.876082420349121,0.6715735793113708,-0.02502102218568325,0.0758616104722023,0.0612216517329216
1885593751687,0.4465186297893524,-9.910798072814941,0.7122750282287598,-0.02129448764026165,0.0755954310297966,0.0644158273935318
1885594988962,0.46088382601737976,-9.865307807922363,0.6332663297653198,-0.023956298828125,0.0716027170419693,0.0652143657207489
1885596226237,0.456095427274704,-9.896432876586914,0.606930136680603,-0.0271504707634449,0.0747968852519989,0.0574951171875
1885597463500,0.3998316824436188,-9.904812812805176,0.6643909811973572,-0.0319417305290699,0.0769263356924057,0.0564303919672966
1885598700787,0.47884035110473633,-9.864110946655273,0.6165069341659546,-0.02794901467859745,0.0716027170419693,0.0614878311753273
1885599938075,0.47884035110473633,-9.943120002746582,0.5817910432815552,-0.02608574740588665,0.0731998011469841,0.0609554722905159
1885601175337,0.4884171485900879,-9.943120002746582,0.6392518877983093,-0.0282151959836483,0.0795881450176239,0.0566965714097023
1885602412587,0.5566518902778625,-9.90122127532959,0.606930136680603,-0.0292799212038517,0.0779910609126091,0.057228934019804
1885603649862,0.5494692921638489,-9.973047256469727,0.5973533391952515,-0.033538818359375,0.0774587020277977,0.0569627545773983
1885604887137,0.545877993106842,-9.983820915222168,0.645237386226654,-0.0314093679189682,0.080919049680233,0.0492435023188591
1885606124412,0.569819986820221,-9.946710586547852,0.6536170840263367,-0.0268842913210392,0.07666015625,0.042855154722929
1885607361675,0.6667851805686951,-9.95748519897461,0.6428431868553162,-0.02981228195130825,0.0790557861328125,0.0455169677734375
1885608598962,0.5829881429672241,-9.998186111450195,0.6500257849693298,-0.03087700717151165,0.085710309445858,0.0465816929936409
1885609836225,0.6488286852836609,-9.95748519897461,0.7326257228851318,-0.0324740931391716,0.0825161412358284,0.0396609827876091
1885611073525,0.6799532771110535,-9.963470458984375,0.706289529800415,-0.03034464456140995,0.0758616104722023,0.0409918874502182
1885612310775,0.6871358752250671,-10.008960723876953,0.6811503767967224,-0.0338049978017807,0.0833146795630455,0.033538818359375
1885613548037,0.6045359373092651,-9.964667320251465,0.7445967197418213,-0.0385962575674057,0.0846455842256546,0.033538818359375
1885614785325,0.6404489874839783,-9.884461402893066,0.7038953304290771,-0.0356682650744915,0.0734659805893898,0.0292799212038517
1885616022600,0.6979097723960876,-9.880870819091797,0.6847416758537292,-0.0385962575674057,0.0734659805893898,0.0324740931391716
1885617259875,0.5913678407669067,-9.861717224121094,0.7541735172271729,-0.0399271659553051,0.0755954310297966,0.0276828333735466
1885618497137,0.6260837316513062,-9.774328231811523,0.7697358727455139,-0.0367329902946949,0.0758616104722023,0.0271504707634449
1885619734400,0.669179379940033,-9.785102844238281,0.645237386226654,-0.0343373604118824,0.0716027170419693,0.0282151959836483
1885620971700,0.5638344883918762,-9.835380554199219,0.7254431247711182,-0.0372653529047966,0.0755954310297966,0.02981228195130825
1885622208950,0.48482584953308105,-9.75517463684082,0.7817068696022034,-0.0388624407351017,0.0758616104722023,0.02262539230287075
1885623446250,0.6057330369949341,-9.702502250671387,0.7230489253997803,-0.0324740931391716,0.0681423619389534,0.02661811001598835
1885624683512,0.5315127968788147,-9.713275909423828,0.7242460250854492,-0.0330064557492733,0.0702718123793602,0.03034464456140995
1885625920787,0.4620809257030487,-9.649829864501953,0.7781155705451965,-0.0356682650744915,0.0747968852519989,0.02661811001598835
1885627158062,0.49799394607543945,-9.600749015808105,0.7912836670875549,-0.0340711809694767,0.0747968852519989,0.0300784632563591
1885628395325,0.5758054852485657,-9.615114212036133,0.7529764175415039,-0.0322079136967659,0.0724012553691864,0.0351359061896801
1885629632600,0.4812345504760742,-9.615114212036133,0.8248025178909302,-0.03034464456140995,0.0739983469247818,0.0322079136967659
1885630869875,0.4752490520477295,-9.576807022094727,0.788889467716217,-0.0268842913210392,0.0702718123793602,0.02901373989880085
1885632107137,0.50876784324646,-9.606734275817871,0.7086837291717529,-0.02262539230287075,0.0745307058095932,0.02741665206849575
1885633344412,0.5051765441894531,-9.591172218322754,0.7026982307434082,-0.0204959437251091,0.0729336217045784,0.0319417305290699
1885634581700,0.46567222476005554,-9.581595420837402,0.7457938194274902,-0.02315775491297245,0.0787896066904068,0.033272635191679
1885635818962,0.5410895943641663,-9.579200744628906,0.6859387755393982,-0.0138414166867733,0.0774587020277977,0.02901373989880085
1885637056225,0.5662286877632141,-9.599552154541016,0.6093243360519409,-0.00931633822619915,0.07666015625,0.0314093679189682
1885638293512,0.4704606235027313,-9.59835433959961,0.7218518257141113,-0.0090501569211483,0.0787896066904068,0.0300784632563591
1885639530787,0.46088382601737976,-9.599552154541016,0.7589619159698486,-0.0077192517928779125,0.0825161412358284,0.02848137728869915
1885640768050,0.4991910457611084,-9.610325813293457,0.6380547285079956,-0.0039927163161337376,0.0779910609126091,0.0300784632563591
1885642005325,0.5063736438751221,-9.624691009521484,0.6823474764823914,0.0,0.0771925151348114,0.0314093679189682
1885643242587,0.47405195236206055,-9.62828254699707,0.6775590777397156,0.0013309054775163531,0.0769263356924057,0.02848137728869915
1885644479875,0.48602294921875,-9.674968719482422,0.6655880808830261,0.008251613937318325,0.0758616104722023,0.02794901467859745
1885645717125,0.47165775299072266,-9.692925453186035,0.6308721303939819,0.00958251953125,0.0769263356924057,0.0311431884765625
1885646954412,0.5147533416748047,-9.676166534423828,0.6847416758537292,0.00984870083630085,0.07666015625,0.0300784632563591
1885648191687,0.5039794445037842,-9.694122314453125,0.6667851805686951,0.01463996060192585,0.0726674422621727,0.02794901467859745
1885649428950,0.4812345504760742,-9.734824180603027,0.6224924325942993,0.01410759799182415,0.0731998011469841,0.0295461006462574
1885650666225,0.4800374507904053,-9.764751434326172,0.6380547285079956,0.01597086526453495,0.0817175954580307,0.0319417305290699
1885651903512,0.47644615173339844,-9.758766174316406,0.6332663297653198,0.01756795309484005,0.07666015625,0.02981228195130825
1885653140775,0.45848962664604187,-9.787496566772461,0.669179379940033,0.0181003138422966,0.0777248814702034,0.02874755859375
1885654378050,0.5039794445037842,-9.771934509277344,0.6380547285079956,0.01756795309484005,0.0801205113530159,0.0306108258664608
1885655615312,0.48961424827575684,-9.744400978088379,0.6727706789970398,0.0210283063352108,0.0771925151348114,0.0228915736079216
1885656852600,0.49320554733276367,-9.763554573059082,0.6320692300796509,0.0196974016726017,0.0763939768075943,0.0330064557492733
1885658089875,0.5171476006507874,-9.75278091430664,0.6009446382522583,0.013042873702943325,0.0771925151348114,0.0324740931391716
1885659327137,0.5063736438751221,-9.7420072555542,0.5901707410812378,0.01463996060192585,0.0779910609126091,0.0268842913210392
1885660564412,0.4752490520477295,-9.77552604675293,0.6236895322799683,0.0114457868039608,0.07666015625,0.02661811001598835
1885661801687,0.4812345504760742,-9.75397777557373,0.569819986820221,0.01463996060192585,0.0755954310297966,0.02981228195130825
1885663038962,0.4572925269603729,-9.767146110534668,0.5542576909065247,0.01783413253724575,0.0724012553691864,0.0268842913210392
1885664276250,0.46806642413139343,-9.801861763000488,0.5374982953071594,0.015172322280704975,0.0777248814702034,0.0252872034907341
1885665513500,0.4704606235027313,-9.771934509277344,0.4812345504760742,0.013309055007994175,0.0782572403550148,0.02608574740588665
1885666750787,0.41539400815963745,-9.797073364257812,0.5662286877632141,0.0114457868039608,0.0731998011469841,0.0263519287109375
1885667988050,0.40462008118629456,-9.819818496704102,0.5410895943641663,0.0114457868039608,0.0710703507065773,0.023956298828125
1885669225337,0.3878606855869293,-9.818621635437012,0.5398924946784973,0.0090501569211483,0.0726674422621727,0.0263519287109375
1885670462587,0.37828385829925537,-9.78869342803955,0.4920084476470947,0.010647243820130825,0.071336530148983,0.0234239362180233
1885671699862,0.3998316824436188,-9.7791166305542,0.5195418000221252,0.01410759799182415,0.0697394460439682,0.0258195661008358
1885672937137,0.3555389642715454,-9.77791976928711,0.4944026470184326,0.013042873702943325,0.0668114572763443,0.02555338479578495
1885674174437,0.3758896589279175,-9.758766174316406,0.45489832758903503,0.0090501569211483,0.0702718123793602,0.02315775491297245
1885675411687,0.2753331959247589,-9.769539833068848,0.40462008118629456,0.008251613937318325,0.0686747208237648,0.02555338479578495
1885676648975,0.2621650993824005,-9.806650161743164,0.4213795065879822,0.008783976547420025,0.0708041712641716,0.0252872034907341
1885677886237,0.21188685297966003,-9.783905029296875,0.3447650372982025,0.00958251953125,0.071336530148983,0.0263519287109375
1885679123500,0.23582887649536133,-9.838972091674805,0.3663128614425659,0.007985432632267475,0.0755954310297966,0.02874755859375
1885680360775,0.23343466222286224,-9.854534149169922,0.33518823981285095,0.0077192517928779125,0.0724012553691864,0.033538818359375
1885681598062,0.2885012924671173,-9.885659217834473,0.3208230435848236,0.010647243820130825,0.071868896484375,0.033538818359375
1885682835325,0.24899697303771973,-9.922768592834473,0.365115761756897,0.012510511092841625,0.0777248814702034,0.0292799212038517
1885684072600,0.3148375153541565,-9.941922187805176,0.34356793761253357,0.01171196810901165,0.0750630721449852,0.0271504707634449
1885685309862,0.333991140127182,-9.983820915222168,0.34835633635520935,0.010913425125181675,0.0747968852519989,0.0282151959836483
1885686547150,0.3818751871585846,-9.980230331420898,0.4692635238170624,0.013042873702943325,0.0763939768075943,0.0228915736079216
1885687784425,0.4513070285320282,-9.987412452697754,0.5386953949928284,0.01783413253724575,0.0795881450176239,0.02182685025036335
1885689021687,0.5734112858772278,-9.955090522766113,0.4944026470184326,0.02076212503015995,0.0774587020277977,0.02129448764026165
1885690258962,0.6332663297653198,-9.904812812805176,0.5710170865058899,0.0196974016726017,0.0745307058095932,0.0173017717897892
1885691496237,0.8056488633155823,-9.862914085388184,0.6823474764823914,0.02422248013317585,0.0739983469247818,0.01463996060192585
1885692733525,0.872686505317688,-9.761160850524902,0.6596025824546814,0.0223592109978199,0.0782572403550148,0.008783976547420025
1885693970787,0.8990227580070496,-9.731232643127441,0.6943184733390808,0.01756795309484005,0.0769263356924057,0.008783976547420025
1885695208062,0.9397241473197937,-9.66299819946289,0.7709329724311829,0.0223592109978199,0.0700056254863739,0.0002661811013240367
1885696445337,0.9792284965515137,-9.617507934570312,0.7709329724311829,0.0228915736079216,0.0676099956035614,-0.0015970865497365594
1885697682625,0.9624691009521484,-9.611522674560547,0.7829039692878723,0.02422248013317585,0.0676099956035614,-0.008517795242369175
1885698919875,0.889445960521698,-9.550470352172852,0.8379706144332886,0.0271504707634449,0.0612216517329216,-0.01756795309484005
1885700157150,0.8978256583213806,-9.500192642211914,0.8044517636299133,0.02848137728869915,0.0566965714097023,-0.01889885775744915
1885701394450,0.8104372620582581,-9.427168846130371,0.8152256608009338,0.0263519287109375,0.0495096817612648,-0.01889885775744915
1885702631712,0.7661445736885071,-9.402029991149902,0.7733271718025208,0.03087700717151165,0.0481787770986557,-0.0252872034907341
1885703868987,0.6847416758537292,-9.379284858703613,0.7769184708595276,0.0359344482421875,0.0495096817612648,-0.02661811001598835
1885705106250,0.6248866319656372,-9.35893440246582,0.7781155705451965,0.0399271659553051,0.0457831472158432,-0.0306108258664608
1885706343500,0.5662286877632141,-9.340977668762207,0.7122750282287598,0.0439198799431324,0.0391286201775074,-0.0322079136967659
1885707580787,0.5602431893348694,-9.343372344970703,0.727837324142456,0.0500420443713665,0.0391286201775074,-0.02981228195130825
1885708818062,0.545877993106842,-9.32421875,0.730231523513794,0.057228934019804,0.0415242500603199,-0.0319417305290699
1885710055325,0.4776432514190674,-9.319430351257324,0.667982280254364,0.0601569265127182,0.0412580706179142,-0.0369991734623909
1885711292600,0.4944026470184326,-9.391256332397461,0.730231523513794,0.062020193785429,0.0385962575674057,-0.0311431884765625
1885712529887,0.5063736438751221,-9.409213066101074,0.7110779285430908,0.0700056254863739,0.0324740931391716,-0.0319417305290699
1885713767162,0.49559974670410156,-9.44752025604248,0.7864952683448792,0.0763939768075943,0.0359344482421875,-0.033538818359375
1885715004437,0.5135562419891357,-9.446322441101074,0.7972691655158997,0.0833146795630455,0.0372653529047966,-0.0340711809694767
1885716241712,0.4908113479614258,-9.467870712280273,0.7912836670875549,0.081451416015625,0.0364668108522892,-0.0340711809694767
1885717478975,0.46567222476005554,-9.550470352172852,0.7362170219421387,0.07666015625,0.0364668108522892,-0.0356682650744915
1885718716250,0.48722004890441895,-9.59476375579834,0.8451532125473022,0.0825161412358284,0.0359344482421875,-0.0377977155148983
1885719953525,0.456095427274704,-9.583989143371582,0.7996633648872375,0.0865088552236557,0.0404595248401165,-0.0396609827876091
1885721190787,0.4884171485900879,-9.607931137084961,0.7829039692878723,0.0878397598862648,0.0359344482421875,-0.0409918874502182
1885722428075,0.4537012279033661,-9.65222454071045,0.8092401623725891,0.0878397598862648,0.0351359061896801,-0.0359344482421875
1885723665350,0.4728548526763916,-9.694122314453125,0.7769184708595276,0.085710309445858,0.0401933453977108,-0.0346035435795784
1885724902612,0.48722004890441895,-9.744400978088379,0.8104372620582581,0.0849117711186409,0.038330078125,-0.0327402763068676
1885726139887,0.48482584953308105,-9.77672290802002,0.7733271718025208,0.0886383056640625,0.0441860631108284,-0.0319417305290699
1885727377162,0.5303156971931458,-9.734824180603027,0.7529764175415039,0.0886383056640625,0.0468478724360466,-0.0314093679189682
1885728614412,0.5398924946784973,-9.78869342803955,0.7852981686592102,0.0875735804438591,0.0444522425532341,-0.02794901467859745
1885729851700,0.507570743560791,-9.858125686645508,0.7829039692878723,0.0843794047832489,0.0409918874502182,-0.0271504707634449
1885731088975,0.5123591423034668,-9.855731010437012,0.751779317855835,0.0851779505610466,0.0404595248401165,-0.02981228195130825
1885732326250,0.569819986820221,-9.93474006652832,0.7110779285430908,0.0867750346660614,0.038063894957304,-0.0276828333735466
1885733563512,0.5578489899635315,-9.898826599121094,0.7170634269714355,0.0801205113530159,0.0417904332280159,-0.02315775491297245
1885734800800,0.5398924946784973,-9.913191795349121,0.6883329749107361,0.0841132253408432,0.0436537005007267,-0.0228915736079216
1885736038075,0.5578489899635315,-9.938331604003906,0.7050924301147461,0.0819837749004364,0.0417904332280159,-0.023956298828125
1885737275350,0.5997475385665894,-9.961075782775879,0.7218518257141113,0.0745307058095932,0.0401933453977108,-0.02741665206849575
1885738512625,0.5602431893348694,-9.913191795349121,0.727837324142456,0.0739983469247818,0.0417904332280159,-0.02741665206849575
1885739749887,0.5422866940498352,-9.977835655212402,0.7146692276000977,0.0705379918217659,0.038330078125,-0.0271504707634449
1885740987175,0.5590460896492004,-9.910798072814941,0.7146692276000977,0.0753292515873909,0.0375315360724926,-0.02981228195130825
1885742224450,0.5494692921638489,-9.959878921508789,0.7050924301147461,0.0737321600317955,0.0364668108522892,-0.0276828333735466
1885743461725,0.5530605912208557,-9.945513725280762,0.6811503767967224,0.0657467320561409,0.0364668108522892,-0.03087700717151165
1885744698987,0.545877993106842,-9.928754806518555,0.6631938815116882,0.0604231096804142,0.0348697230219841,-0.0306108258664608
1885745936262,0.47644615173339844,-9.953893661499023,0.6332663297653198,0.0662790909409523,0.0385962575674057,-0.03087700717151165
1885747173562,0.5183447003364563,-9.945513725280762,0.6703764796257019,0.0684085413813591,0.0354020856320858,-0.0314093679189682
1885748410800,0.5291185975074768,-9.9371337890625,0.6105214357376099,0.0617540143430233,0.0375315360724926,-0.0343373604118824
1885749648087,0.5003881454467773,-9.945513725280762,0.6212953329086304,0.0638834610581398,0.0385962575674057,-0.0343373604118824
1885750885362,0.5099649429321289,-9.940725326538086,0.6428431868553162,0.0641496405005455,0.0295461006462574,-0.0356682650744915
1885752122625,0.4920084476470947,-9.945513725280762,0.6859387755393982,0.057228934019804,0.0263519287109375,-0.033538818359375
1885753359900,0.4884171485900879,-9.976638793945312,0.6572083830833435,0.0590922012925148,0.02608574740588665,-0.0351359061896801
1885754597175,0.5015852451324463,-9.949105262756348,0.667982280254364,0.0585598424077034,0.02874755859375,-0.0343373604118824
1885755834462,0.5339069962501526,-9.926360130310059,0.6823474764823914,0.0553656667470932,0.0300784632563591,-0.0391286201775074
1885757071725,0.5482721924781799,-9.914389610290527,0.7553706169128418,0.0543009415268898,0.02741665206849575,-0.0362006276845932
1885758309000,0.5841852426528931,-9.909601211547852,0.7613561749458313,0.0519053116440773,0.0314093679189682,-0.0346035435795784
1885759546300,0.6009446382522583,-9.803058624267578,0.7841010689735413,0.0556318499147892,0.0282151959836483,-0.0322079136967659
1885760783550,0.5997475385665894,-9.815030097961426,0.7362170219421387,0.0519053116440773,0.02422248013317585,-0.0367329902946949
1885762020812,0.5925649404525757,-9.799468040466309,0.7745242714881897,0.0513729527592659,0.0234239362180233,-0.0367329902946949
1885763258100,0.5171476006507874,-9.786299705505371,0.7613561749458313,0.0532362200319767,0.0173017717897892,-0.0338049978017807
1885764495362,0.5506663918495178,-9.773131370544434,0.7649474740028381,0.0516391322016716,0.01703559048473835,-0.0356682650744915
1885765732625,0.4836287498474121,-9.732430458068848,0.7350199222564697,0.0497758649289608,0.02022976242005825,-0.0375315360724926
1885766969912,0.4321534037590027,-9.769539833068848,0.729034423828125,0.0564303919672966,0.02182685025036335,-0.0401933453977108
1885768207187,0.4728548526763916,-9.77672290802002,0.6871358752250671,0.0585598424077034,0.01943122036755085,-0.0348697230219841
1885769444462,0.4812345504760742,-9.736021041870117,0.7003040313720703,0.0543009415268898,0.01943122036755085,-0.0354020856320858
1885770681750,0.43335050344467163,-9.77672290802002,0.6009446382522583,0.0521714948117733,0.01783413253724575,-0.0346035435795784
1885771918987,0.4058171808719635,-9.848548889160156,0.5506663918495178,0.0543009415268898,0.02182685025036335,-0.0393948033452034
1885773156287,0.4405331015586853,-9.870096206665039,0.5003881454467773,0.0577612966299057,0.01836649514734745,-0.0340711809694767
1885774393562,0.43933600187301636,-9.897629737854004,0.507570743560791,0.0548333041369915,0.0157046839594841,-0.0351359061896801
1885775630825,0.46567222476005554,-9.897629737854004,0.4884171485900879,0.0590922012925148,0.015438503585755825,-0.038063894957304
1885776868087,0.4620809257030487,-9.910798072814941,0.49559974670410156,0.0548333041369915,0.01783413253724575,-0.0415242500603199
1885778105375,0.456095427274704,-9.951498985290527,0.5614402890205383,0.0516391322016716,0.023956298828125,-0.0433875173330307
1885779342650,0.507570743560791,-9.928754806518555,0.5614402890205383,0.0588260218501091,0.01463996060192585,-0.043121337890625
1885780579925,0.5626373887062073,-9.829395294189453,0.6380547285079956,0.0612216517329216,0.00984870083630085,-0.0471140518784523
1885781817187,0.568622887134552,-9.764751434326172,0.7003040313720703,0.0606892891228199,0.013042873702943325,-0.0492435023188591
1885783054475,0.608127236366272,-9.68574333190918,0.7841010689735413,0.0598907470703125,0.0090501569211483,-0.0492435023188591
1885784291725,0.7410054206848145,-9.619902610778809,0.7553706169128418,0.0630849227309227,0.0039927163161337376,-0.052703857421875
1885785529000,0.8032546639442444,-9.551668167114258,0.7326257228851318,0.0660129114985466,0.00984870083630085,-0.057228934019804
1885786766275,0.7218518257141113,-9.494207382202148,0.8631097078323364,0.06707763671875,0.010913425125181675,-0.0617540143430233
1885788003562,0.7529764175415039,-9.479841232299805,0.8774749040603638,0.0689409002661705,0.0071868896484375,-0.0662790909409523
1885789240825,0.8068459630012512,-9.41639518737793,0.7876923680305481,0.071868896484375,0.0010647244052961469,-0.0681423619389534
1885790478125,0.7769184708595276,-9.423578262329102,0.7637503743171692,0.0787896066904068,0.0005323622026480734,-0.0753292515873909
1885791715362,0.690727174282074,-9.463082313537598,0.7984662652015686,0.0854441300034523,0.0007985432748682797,-0.0787896066904068
1885792952650,0.6799532771110535,-9.489418983459473,0.6991068720817566,0.0854441300034523,-0.008251613937318325,-0.0801205113530159
1885794189937,0.6428431868553162,-9.589975357055664,0.5770025849342346,0.0926310196518898,-0.0039927163161337376,-0.0849117711186409
1885795427187,0.5614402890205383,-9.745597839355469,0.6045359373092651,0.0974222794175148,-0.0013309054775163531,-0.0931633859872818
1885796664475,0.4165911078453064,-9.923966407775879,0.5207388997077942,0.0944942906498909,-0.010381062515079975,-0.0891706645488739
1885797901762,0.3016694188117981,-10.146626472473145,0.3758896589279175,0.0979546457529068,-0.010114881210029125,-0.0865088552236557
1885799139025,0.14844051003456116,-10.293869972229004,0.42377370595932007,0.095292828977108,-0.0031941730994731188,-0.0944942906498909
1885800376287,0.10295067727565765,-10.393229484558105,0.3758896589279175,0.0867750346660614,-0.0063883461989462376,-0.0870412141084671
1885801613575,0.0035913025494664907,-10.459070205688477,0.35673606395721436,0.0867750346660614,-0.01117960549890995,-0.0867750346660614
1885802850850,0.07182604819536209,-10.432733535766602,0.3974374830722809,0.0825161412358284,-0.00958251953125,-0.0926310196518898
1885804088125,0.14844051003456116,-10.363302230834961,0.4944026470184326,0.0745307058095932,-0.0021294488105922937,-0.0841132253408432
1885805325400,0.25019407272338867,-10.26394271850586,0.5422866940498352,0.071868896484375,-0.004791259765625,-0.0716027170419693
1885806562662,0.3363853394985199,-10.168174743652344,0.6380547285079956,0.0636172816157341,0.0015970865497365594,-0.0705379918217659
1885807799950,0.456095427274704,-10.001777648925781,0.7326257228851318,0.057228934019804,0.0013309054775163531,-0.062020193785429
1885809037200,0.6224924325942993,-9.86770248413086,0.8355764150619507,0.0566965714097023,0.0029279920272529125,-0.052703857421875
1885810274475,0.6955155730247498,-9.81263542175293,0.8846575617790222,0.0537685826420784,0.010114881210029125,-0.04791259765625
1885811511762,0.7529764175415039,-9.731232643127441,0.9193734526634216,0.0585598424077034,0.012510511092841625,-0.0460493303835392
1885812749037,0.8080430626869202,-9.593565940856934,1.016338586807251,0.0556318499147892,0.007985432632267475,-0.0457831472158432
1885813986325,0.8307880163192749,-9.53969669342041,0.9840168952941895,0.0604231096804142,0.01410759799182415,-0.0487111397087574
1885815223600,0.8008604645729065,-9.554061889648438,0.9684545993804932,0.0654805526137352,0.007985432632267475,-0.0532362200319767
1885816460850,0.7577648162841797,-9.536105155944824,0.8690952062606812,0.0702718123793602,0.004791259765625,-0.0495096817612648
1885817698137,0.706289529800415,-9.575610160827637,0.8535329103469849,0.0668114572763443,0.0071868896484375,-0.0548333041369915
1885818935412,0.6224924325942993,-9.654618263244629,0.7781155705451965,0.0686747208237648,-0.0002661811013240367,-0.0577612966299057
1885820172675,0.5985504388809204,-9.68933391571045,0.7206547260284424,0.0779910609126091,-0.0015970865497365594,-0.0617540143430233
1885821409950,0.46327802538871765,-9.78869342803955,0.6596025824546814,0.0833146795630455,0.0002661811013240367,-0.0684085413813591
1885822647212,0.4920084476470947,-9.853337287902832,0.5793968439102173,0.081451416015625,0.0,-0.0705379918217659
1885823884512,0.42018240690231323,-9.93474006652832,0.5327098965644836,0.08624267578125,-0.0015970865497365594,-0.0747968852519989
1885825121762,0.395043283700943,-10.0580415725708,0.5351040959358215,0.081451416015625,-0.0029279920272529125,-0.0729336217045784
1885826359025,0.3711012601852417,-10.073603630065918,0.5398924946784973,0.07666015625,0.0039927163161337376,-0.0724012553691864
1885827596312,0.39145198464393616,-10.087968826293945,0.5638344883918762,0.0737321600317955,0.0029279920272529125,-0.0737321600317955
1885828833587,0.39863458275794983,-10.156203269958496,0.6141127347946167,0.0708041712641716,0.0018632676219567657,-0.071868896484375
1885830070850,0.4141969084739685,-10.187328338623047,0.6021417379379272,0.0646820068359375,0.00692070834338665,-0.0803866907954216
1885831308125,0.4776432514190674,-10.113107681274414,0.6871358752250671,0.066545270383358,0.004791259765625,-0.0708041712641716
1885832545412,0.5111620426177979,-10.181343078613281,0.7230489253997803,0.0689409002661705,0.0002661811013240367,-0.06707763671875
1885833782687,0.5650315880775452,-10.20648193359375,0.790086567401886,0.0684085413813591,0.006122165359556675,-0.0700056254863739
1885835019937,0.6212953329086304,-10.166977882385254,0.7841010689735413,0.062020193785429,0.00984870083630085,-0.0689409002661705
1885836257212,0.6356605291366577,-10.128670692443848,0.8176198601722717,0.0630849227309227,0.007453070487827063,-0.0588260218501091
1885837494512,0.6883329749107361,-10.137049674987793,0.8259996175765991,0.0609554722905159,0.0018632676219567657,-0.0596245639026165
1885838731775,0.7577648162841797,-10.092757225036621,0.8595184087753296,0.0561642125248909,0.006122165359556675,-0.0548333041369915
1885839969062,0.751779317855835,-10.052056312561035,0.8379706144332886,0.0540347620844841,0.004791259765625,-0.0550994873046875
1885841206325,0.7338228225708008,-10.05923843383789,0.8918401598930359,0.0471140518784523,0.008517795242369175,-0.0535023994743824
1885842443600,0.7445967197418213,-10.050858497619629,0.8930372595787048,0.0513729527592659,0.010114881210029125,-0.0532362200319767
1885843680862,0.7338228225708008,-10.043676376342773,0.8607155084609985,0.0495096817612648,0.01171196810901165,-0.04791259765625
1885844918125,0.7158663272857666,-10.02452278137207,0.8870517611503601,0.0452507846057415,0.006122165359556675,-0.0468478724360466
1885846155425,0.6883329749107361,-10.016142845153809,0.8248025178909302,0.0404595248401165,0.005855984054505825,-0.0455169677734375
1885847392675,0.6919242739677429,-10.061633110046387,0.8631097078323364,0.0364668108522892,0.0018632676219567657,-0.0423227921128273
1885848629950,0.6643909811973572,-10.038887977600098,0.8379706144332886,0.0367329902946949,0.0018632676219567657,-0.0359344482421875
1885849867237,0.6607996821403503,-10.042479515075684,0.8056488633155823,0.0377977155148983,0.008783976547420025,-0.0362006276845932
1885851104500,0.6224924325942993,-10.050858497619629,0.7589619159698486,0.0324740931391716,0.008783976547420025,-0.0396609827876091
1885852341787,0.5590460896492004,-9.999383926391602,0.7422025203704834,0.0322079136967659,0.004791259765625,-0.0375315360724926
1885853579062,0.547075092792511,-9.982624053955078,0.7793126702308655,0.02848137728869915,0.0037265352439135313,-0.0314093679189682
1885854816350,0.5758054852485657,-9.971850395202637,0.7637503743171692,0.02848137728869915,0.00692070834338665,-0.0282151959836483
1885856053600,0.5758054852485657,-9.994595527648926,0.7110779285430908,0.0268842913210392,0.00958251953125,-0.0282151959836483
1885857290875,0.5614402890205383,-9.976638793945312,0.6619967818260193,0.0247548408806324,0.0037265352439135313,-0.0330064557492733
1885858528150,0.5614402890205383,-10.035296440124512,0.7146692276000977,0.0263519287109375,0.006122165359556675,-0.0247548408806324
1885859765425,0.5590460896492004,-10.013749122619629,0.7541735172271729,0.02502102218568325,0.0090501569211483,-0.0244886614382267
1885861002700,0.5722141861915588,-9.986215591430664,0.7206547260284424,0.02422248013317585,0.0071868896484375,-0.02848137728869915
1885862239975,0.6248866319656372,-10.029311180114746,0.7230489253997803,0.02741665206849575,0.008517795242369175,-0.02848137728869915
1885863477225,0.6572083830833435,-9.980230331420898,0.7577648162841797,0.01783413253724575,0.015438503585755825,-0.02502102218568325
1885864714512,0.6189011335372925,-9.994595527648926,0.7589619159698486,0.0223592109978199,0.0138414166867733,-0.02076212503015995
1885865951800,0.6416460871696472,-9.96825885772705,0.7841010689735413,0.0247548408806324,0.0114457868039608,-0.0186326764523983
1885867189087,0.646434485912323,-9.952696800231934,0.8008604645729065,0.02182685025036335,0.008783976547420025,-0.0196974016726017
1885868426325,0.6619967818260193,-9.925163269042969,0.8248025178909302,0.0215606689453125,0.0114457868039608,-0.0167694091796875
1885869663625,0.6967126727104187,-9.883264541625977,0.8068459630012512,0.0210283063352108,0.012776692397892475,-0.015172322280704975
1885870900900,0.6703764796257019,-9.86650562286377,0.7912836670875549,0.01463996060192585,0.01650322787463665,-0.01836649514734745
1885872138162,0.7110779285430908,-9.897629737854004,0.8236054182052612,0.014373779296875,0.012776692397892475,-0.0210283063352108
1885873375450,0.645237386226654,-9.840168952941895,0.8319851160049438,0.01463996060192585,0.01410759799182415,-0.012776692397892475
1885874612712,0.6548141837120056,-9.872490882873535,0.8259996175765991,0.00984870083630085,0.0181003138422966,-0.006122165359556675
1885875849987,0.6715735793113708,-9.838972091674805,0.7912836670875549,0.0167694091796875,0.01703559048473835,-0.0157046839594841
1885877087262,0.667982280254364,-9.799468040466309,0.8403648138046265,0.0157046839594841,0.013309055007994175,-0.0114457868039608
1885878324537,0.6392518877983093,-9.801861763000488,0.8403648138046265,0.0138414166867733,0.0157046839594841,-0.012776692397892475
1885879561812,0.6631938815116882,-9.770737648010254,0.812831461429596,0.02076212503015995,0.01357523538172245,-0.01463996060192585
1885880799087,0.6200982332229614,-9.743204116821289,0.8188169598579407,0.0210283063352108,0.01463996060192585,-0.01410759799182415
1885882036362,0.6189011335372925,-9.726444244384766,0.8176198601722717,0.0204959437251091,0.0162370465695858,-0.0119781494140625
1885883273625,0.5937620401382446,-9.734824180603027,0.7948749661445618,0.0181003138422966,0.0167694091796875,-0.013042873702943325
1885884510900,0.5734112858772278,-9.718064308166504,0.8355764150619507,0.01889885775744915,0.014373779296875,-0.0114457868039608
1885885748187,0.6631938815116882,-9.696516990661621,0.7709329724311829,0.02502102218568325,0.00984870083630085,-0.013309055007994175
1885886985450,0.6177040338516235,-9.718064308166504,0.7613561749458313,0.02076212503015995,0.0223592109978199,-0.012510511092841625
1885888222725,0.5985504388809204,-9.713275909423828,0.7936778664588928,0.0234239362180233,0.01650322787463665,-0.012776692397892475
1885889460000,0.6165069341659546,-9.728838920593262,0.7601590752601624,0.0271504707634449,0.012510511092841625,-0.01171196810901165
1885890697275,0.5734112858772278,-9.764751434326172,0.7254431247711182,0.0258195661008358,0.0167694091796875,-0.00984870083630085
1885891934550,0.6009446382522583,-9.7791166305542,0.7924807667732239,0.0316755510866642,0.0157046839594841,-0.0162370465695858
1885893171837,0.5937620401382446,-9.837775230407715,0.7206547260284424,0.03034464456140995,0.0162370465695858,-0.01703559048473835
1885894409100,0.5650315880775452,-9.906009674072266,0.7386112213134766,0.0314093679189682,0.01783413253724575,-0.01463996060192585
1885895646375,0.5434837937355042,-9.898826599121094,0.7841010689735413,0.0300784632563591,0.01783413253724575,-0.01836649514734745
1885896883637,0.586579442024231,-9.941922187805176,0.6811503767967224,0.02741665206849575,0.02315775491297245,-0.010647243820130825
1885898120937,0.5817910432815552,-9.982624053955078,0.7362170219421387,0.02502102218568325,0.02022976242005825,-0.010647243820130825
1885899358200,0.6224924325942993,-9.93354320526123,0.8032546639442444,0.02874755859375,0.0173017717897892,-0.01463996060192585
1885900595462,0.5781997442245483,-9.98980712890625,0.727837324142456,0.0271504707634449,0.0186326764523983,-0.014906140975654125
1885901832750,0.5877765417098999,-9.996989250183105,0.751779317855835,0.0247548408806324,0.01836649514734745,-0.00984870083630085
1885903070025,0.6117185354232788,-9.951498985290527,0.788889467716217,0.0228915736079216,0.0220930315554142,-0.01224433071911335
1885904307300,0.6596025824546814,-10.000580787658691,0.7529764175415039,0.02369011752307415,0.02182685025036335,-0.01357523538172245
1885905544562,0.628477931022644,-10.000580787658691,0.7481880187988281,0.0234239362180233,0.02076212503015995,-0.00984870083630085
1885906781850,0.6536170840263367,-9.985018730163574,0.7841010689735413,0.02555338479578495,0.02369011752307415,-0.01224433071911335
1885908019112,0.6607996821403503,-9.996989250183105,0.7386112213134766,0.0210283063352108,0.0247548408806324,-0.0114457868039608
1885909256400,0.6799532771110535,-10.006566047668457,0.7841010689735413,0.0258195661008358,0.02981228195130825,-0.00958251953125
1885910493662,0.669179379940033,-9.9371337890625,0.7589619159698486,0.02129448764026165,0.02422248013317585,-0.01463996060192585
1885911730912,0.7110779285430908,-10.000580787658691,0.7350199222564697,0.0173017717897892,0.0258195661008358,-0.007453070487827063
1885912968200,0.6607996821403503,-9.99100399017334,0.7445967197418213,0.014906140975654125,0.0247548408806324,-0.0053236219100654125
1885914205487,0.6979097723960876,-9.940725326538086,0.8056488633155823,0.0196974016726017,0.0247548408806324,-0.01224433071911335
1885915442762,0.6655880808830261,-9.981427192687988,0.6931213736534119,0.01650322787463665,0.0220930315554142,-0.01117960549890995
1885916680025,0.6500257849693298,-10.000580787658691,0.6500257849693298,0.0119781494140625,0.02182685025036335,-0.0119781494140625
1885917917325,0.5889736413955688,-9.981427192687988,0.7146692276000977,0.01117960549890995,0.0228915736079216,-0.0071868896484375
1885919154587,0.6356605291366577,-10.017339706420898,0.7158663272857666,0.005855984054505825,0.02182685025036335,-0.008517795242369175
1885920391850,0.6045359373092651,-10.028114318847656,0.6260837316513062,0.00692070834338665,0.02422248013317585,-0.0071868896484375
1885921629137,0.5267243981361389,-10.004172325134277,0.7110779285430908,0.0039927163161337376,0.01650322787463665,-0.0090501569211483
1885922866412,0.5446808934211731,-10.073603630065918,0.6667851805686951,-0.0013309054775163531,0.015438503585755825,-0.0031941730994731188
1885924103700,0.5530605912208557,-10.08078670501709,0.6428431868553162,0.0,0.0223592109978199,-0.0039927163161337376
1885925340950,0.5015852451324463,-10.08437728881836,0.690727174282074,-0.005057440605014563,0.02901373989880085,-0.004791259765625
1885926578225,0.48482584953308105,-10.1382474899292,0.629675030708313,-0.004791259765625,0.02422248013317585,-0.004791259765625
1885927815487,0.5554547905921936,-10.070012092590332,0.586579442024231,-0.0071868896484375,0.023956298828125,-0.0023956298828125
1885929052762,0.5303156971931458,-10.095151901245117,0.6596025824546814,-0.010913425125181675,0.02502102218568325,-0.0053236219100654125
1885930290050,0.48961424827575684,-10.102334022521973,0.6703764796257019,-0.01224433071911335,0.0252872034907341,-0.00692070834338665
1885931527312,0.5781997442245483,-10.113107681274414,0.5781997442245483,-0.0173017717897892,0.02076212503015995,0.0005323622026480734
1885932764575,0.5614402890205383,-10.066421508789062,0.6236895322799683,-0.01357523538172245,0.02422248013317585,0.005855984054505825
1885934001862,0.4944026470184326,-10.08437728881836,0.6775590777397156,-0.02608574740588665,0.02848137728869915,0.0031941730994731188
1885935239137,0.5099649429321289,-10.08198356628418,0.6344634294509888,-0.02848137728869915,0.023956298828125,0.0010647244052961469
1885936476425,0.5662286877632141,-10.06043529510498,0.6416460871696472,-0.0292799212038517,0.02369011752307415,0.008517795242369175
1885937713687,0.5506663918495178,-10.034099578857422,0.6811503767967224,-0.0319417305290699,0.0252872034907341,0.00984870083630085
1885938950962,0.4884171485900879,-10.011354446411133,0.7374141216278076,-0.0327402763068676,0.02901373989880085,0.01463996060192585
1885940188250,0.5398924946784973,-9.986215591430664,0.6117185354232788,-0.033538818359375,0.023956298828125,0.0244886614382267
1885941425512,0.606930136680603,-9.928754806518555,0.6189011335372925,-0.0362006276845932,0.0228915736079216,0.02502102218568325
1885942662787,0.47884035110473633,-9.876082420349121,0.727837324142456,-0.0412580706179142,0.02874755859375,0.0247548408806324
1885943900062,0.5386953949928284,-9.910798072814941,0.6619967818260193,-0.0444522425532341,0.0215606689453125,0.0319417305290699
1885945137325,0.6117185354232788,-9.86889934539795,0.5781997442245483,-0.0441860631108284,0.01597086526453495,0.0369991734623909
1885946374600,0.585382342338562,-9.8784761428833,0.645237386226654,-0.0455169677734375,0.02608574740588665,0.0311431884765625
1885947611887,0.50876784324646,-9.835380554199219,0.6859387755393982,-0.0436537005007267,0.0295461006462574,0.0340711809694767
1885948849150,0.5327098965644836,-9.821015357971191,0.5746083855628967,-0.0455169677734375,0.0215606689453125,0.0369991734623909
1885950086412,0.6117185354232788,-9.813833236694336,0.5267243981361389,-0.0447184219956398,0.0196974016726017,0.0377977155148983
1885951323687,0.5829881429672241,-9.762357711791992,0.669179379940033,-0.0492435023188591,0.02608574740588665,0.0409918874502182
1885952561000,0.5327098965644836,-9.759963035583496,0.6093243360519409,-0.0535023994743824,0.03087700717151165,0.0362006276845932
1885953798250,0.6021417379379272,-9.764751434326172,0.5734112858772278,-0.0473802350461483,0.0210283063352108,0.0407257080078125
1885955035525,0.6177040338516235,-9.739612579345703,0.5961562395095825,-0.0463155098259449,0.0210283063352108,0.0393948033452034
1885956272800,0.5901707410812378,-9.734824180603027,0.6320692300796509,-0.0425889752805233,0.0258195661008358,0.0393948033452034
1885957510087,0.6308721303939819,-9.692925453186035,0.7110779285430908,-0.0473802350461483,0.0252872034907341,0.038063894957304
1885958747350,0.645237386226654,-9.674968719482422,0.6212953329086304,-0.0436537005007267,0.02076212503015995,0.0385962575674057
1885959984637,0.6548141837120056,-9.605537414550781,0.6715735793113708,-0.0425889752805233,0.02369011752307415,0.0364668108522892
1885961221912,0.5829881429672241,-9.589975357055664,0.7565677165985107,-0.043121337890625,0.02874755859375,0.0295461006462574
1885962459175,0.5913678407669067,-9.563638687133789,0.7146692276000977,-0.0377977155148983,0.02741665206849575,0.0311431884765625
1885963696437,0.5961562395095825,-9.557653427124023,0.6919242739677429,-0.0359344482421875,0.02022976242005825,0.0354020856320858
1885964933712,0.6500257849693298,-9.526528358459473,0.7374141216278076,-0.03087700717151165,0.02129448764026165,0.0295461006462574
1885966171000,0.5746083855628967,-9.488221168518066,0.7553706169128418,-0.01996358297765255,0.0210283063352108,0.02315775491297245
1885967408262,0.5734112858772278,-9.47146224975586,0.7146692276000977,-0.02502102218568325,0.02794901467859745,0.0258195661008358
1885968645550,0.547075092792511,-9.464279174804688,0.7182605266571045,-0.02422248013317585,0.02608574740588665,0.02555338479578495
1885969882825,0.6248866319656372,-9.458293914794922,0.6763619780540466,-0.0204959437251091,0.0234239362180233,0.0186326764523983
1885971120087,0.6009446382522583,-9.388861656188965,0.7350199222564697,-0.012510511092841625,0.0268842913210392,0.012776692397892475
1885972357350,0.6033388376235962,-9.411606788635254,0.7469909191131592,-0.005855984054505825,0.02369011752307415,0.01756795309484005
1885973594650,0.6189011335372925,-9.445125579833984,0.7086837291717529,-0.005057440605014563,0.0220930315554142,0.01943122036755085
1885974831900,0.6356605291366577,-9.410409927368164,0.6979097723960876,0.0,0.02661811001598835,0.014906140975654125
1885976069212,0.5746083855628967,-9.423578262329102,0.7254431247711182,-0.0005323622026480734,0.0324740931391716,0.01117960549890995
1885977306475,0.5662286877632141,-9.379284858703613,0.6931213736534119,0.00984870083630085,0.0295461006462574,0.004791259765625
1885978543725,0.6212953329086304,-9.453505516052246,0.6560112833976746,0.013042873702943325,0.023956298828125,0.0029279920272529125
1885979781025,0.5973533391952515,-9.500192642211914,0.6871358752250671,0.013042873702943325,0.02555338479578495,0.0018632676219567657
1885981018300,0.586579442024231,-9.508572578430176,0.6476315855979919,0.0186326764523983,0.0247548408806324,0.0018632676219567657
1885982255562,0.5925649404525757,-9.604340553283691,0.6332663297653198,0.02262539230287075,0.02422248013317585,0.0010647244052961469
1885983492850,0.5793968439102173,-9.677363395690918,0.6093243360519409,0.0282151959836483,0.0244886614382267,-0.0023956298828125
1885984730100,0.5267243981361389,-9.7791166305542,0.6177040338516235,0.0314093679189682,0.02794901467859745,0.0002661811013240367
1885985967387,0.5171476006507874,-9.836577415466309,0.5195418000221252,0.0338049978017807,0.0223592109978199,-0.0005323622026480734
1885987204662,0.547075092792511,-9.976638793945312,0.5662286877632141,0.0369991734623909,0.01943122036755085,-0.0007985432748682797
1885988441937,0.6260837316513062,-10.08078670501709,0.568622887134552,0.0340711809694767,0.03087700717151165,-0.0037265352439135313
1885989679225,0.5961562395095825,-10.17176628112793,0.5530605912208557,0.0348697230219841,0.0247548408806324,-0.00958251953125
1885990916475,0.6380547285079956,-10.254365921020508,0.569819986820221,0.038330078125,0.0181003138422966,-0.005057440605014563
1885992153762,0.6596025824546814,-10.311826705932617,0.5566518902778625,0.038063894957304,0.0220930315554142,0.0023956298828125
1885993391037,0.6883329749107361,-10.392032623291016,0.5315127968788147,0.0327402763068676,0.02262539230287075,-0.0018632676219567657
1885994628300,0.7122750282287598,-10.402806282043457,0.6033388376235962,0.02794901467859745,0.02182685025036335,-0.0005323622026480734
1885995865575,0.7625532746315002,-10.415974617004395,0.6320692300796509,0.0234239362180233,0.01756795309484005,-0.0007985432748682797
1885997102862,0.8152256608009338,-10.413579940795898,0.6823474764823914,0.0186326764523983,0.01836649514734745,-0.0071868896484375
1885998340150,0.8212112188339233,-10.369287490844727,0.707486629486084,0.0114457868039608,0.0167694091796875,-0.0090501569211483
1885999577412,0.8607155084609985,-10.315418243408203,0.6835445761680603,0.0013309054775163531,0.00931633822619915,-0.0071868896484375
1886000814662,0.8906430602073669,-10.220847129821777,0.6488286852836609,-0.0007985432748682797,0.00692070834338665,-0.0031941730994731188
1886002051962,0.9062053561210632,-10.17176628112793,0.7158663272857666,-0.0037265352439135313,0.006122165359556675,-0.0026618109550327063
1886003289237,0.9097966551780701,-10.073603630065918,0.7314286231994629,-0.0090501569211483,0.00452507846057415,-0.0007985432748682797
1886004526500,0.9217676520347595,-9.971850395202637,0.6991068720817566,-0.012510511092841625,0.0039927163161337376,0.0002661811013240367
1886005763762,0.9181763529777527,-9.870096206665039,0.6823474764823914,-0.0173017717897892,0.0018632676219567657,-0.00452507846057415
1886007001062,0.9097966551780701,-9.782708168029785,0.7350199222564697,-0.015172322280704975,-0.0029279920272529125,0.0021294488105922937
1886008238337,0.8954314589500427,-9.720458984375,0.730231523513794,-0.01836649514734745,-0.0029279920272529125,0.0039927163161337376
1886009475600,0.788889467716217,-9.680954933166504,0.7015011310577393,-0.02022976242005825,-0.008783976547420025,0.0026618109550327063
1886010712887,0.7697358727455139,-9.606734275817871,0.6404489874839783,-0.0181003138422966,-0.0114457868039608,0.0066545275039970875
1886011950150,0.8044517636299133,-9.545681953430176,0.669179379940033,-0.014373779296875,-0.01224433071911335,0.003460354171693325
1886013187425,0.7110779285430908,-9.536105155944824,0.6607996821403503,-0.010114881210029125,-0.013042873702943325,0.0005323622026480734
1886014424700,0.7254431247711182,-9.522937774658203,0.6224924325942993,-0.0063883461989462376,-0.0181003138422966,0.0031941730994731188
1886015661975,0.7410054206848145,-9.520543098449707,0.5650315880775452,-0.008517795242369175,-0.01783413253724575,0.0013309054775163531
1886016899262,0.706289529800415,-9.558850288391113,0.6045359373092651,-0.0066545275039970875,-0.02129448764026165,0.0021294488105922937
1886018136525,0.6763619780540466,-9.546879768371582,0.5817910432815552,-0.0026618109550327063,-0.0258195661008358,0.0018632676219567657
1886019373800,0.7086837291717529,-9.548076629638672,0.6200982332229614,0.0031941730994731188,-0.023956298828125,0.0042588976211845875
1886020611087,0.7613561749458313,-9.528923034667969,0.6189011335372925,0.0063883461989462376,-0.0276828333735466,0.0005323622026480734
1886021848350,0.6799532771110535,-9.570821762084961,0.6045359373092651,0.0066545275039970875,-0.02848137728869915,-0.0010647244052961469
1886023085637,0.7026982307434082,-9.57321548461914,0.6224924325942993,0.01171196810901165,-0.0311431884765625,0.0026618109550327063
1886024322900,0.645237386226654,-9.613917350769043,0.608127236366272,0.014906140975654125,-0.0319417305290699,-0.0007985432748682797
1886025560187,0.6775590777397156,-9.654618263244629,0.608127236366272,0.0173017717897892,-0.02981228195130825,-0.006122165359556675
1886026797437,0.6871358752250671,-9.667786598205566,0.6404489874839783,0.014906140975654125,-0.0324740931391716,-0.0013309054775163531
1886028034737,0.6847416758537292,-9.747992515563965,0.5805939435958862,0.01943122036755085,-0.0359344482421875,-0.0023956298828125
1886029271987,0.689530074596405,-9.792284965515137,0.5674257874488831,0.015172322280704975,-0.0388624407351017,-0.0031941730994731188
1886030509262,0.6392518877983093,-9.852140426635742,0.5758054852485657,0.0157046839594841,-0.0369991734623909,-0.006122165359556675
1886031746550,0.5734112858772278,-9.911994934082031,0.5734112858772278,0.02182685025036335,-0.043121337890625,-0.0029279920272529125
1886032983825,0.6045359373092651,-9.93474006652832,0.5674257874488831,0.01836649514734745,-0.0404595248401165,-0.0010647244052961469
1886034221087,0.6105214357376099,-9.981427192687988,0.5410895943641663,0.01597086526453495,-0.0399271659553051,-0.0031941730994731188
1886035458362,0.5734112858772278,-10.05923843383789,0.5327098965644836,0.01463996060192585,-0.0420566126704216,0.0037265352439135313
1886036695650,0.50876784324646,-10.104728698730469,0.5506663918495178,0.012776692397892475,-0.0420566126704216,0.010381062515079975
1886037932925,0.6117185354232788,-10.096348762512207,0.5003881454467773,0.010913425125181675,-0.0508405901491642,0.0119781494140625
1886039170200,0.6392518877983093,-10.126276016235352,0.5410895943641663,0.0090501569211483,-0.0468478724360466,0.010647243820130825
1886040407475,0.5877765417098999,-10.18493366241455,0.5303156971931458,0.0063883461989462376,-0.043121337890625,0.00984870083630085
1886041644750,0.586579442024231,-10.141838073730469,0.5829881429672241,0.003460354171693325,-0.0471140518784523,0.01783413253724575
1886042882025,0.628477931022644,-10.199298858642578,0.5398924946784973,0.0010647244052961469,-0.0500420443713665,0.0220930315554142
1886044119300,0.6153098344802856,-10.202890396118164,0.5578489899635315,-0.0013309054775163531,-0.0489773228764534,0.023956298828125
1886045356575,0.6093243360519409,-10.195708274841309,0.547075092792511,-0.007453070487827063,-0.0492435023188591,0.03034464456140995
1886046593850,0.608127236366272,-10.15141487121582,0.5422866940498352,-0.010381062515079975,-0.0529700368642807,0.03087700717151165
1886047831112,0.6751648783683777,-10.158597946166992,0.5805939435958862,-0.013042873702943325,-0.0511067695915699,0.0258195661008358
1886049068375,0.6919242739677429,-10.140641212463379,0.5363011956214905,-0.0167694091796875,-0.0516391322016716,0.0258195661008358
1886050305662,0.628477931022644,-10.096348762512207,0.6428431868553162,-0.0167694091796875,-0.0540347620844841,0.0327402763068676
1886051542962,0.6991068720817566,-10.050858497619629,0.5339069962501526,-0.02315775491297245,-0.0550994873046875,0.0327402763068676
1886052780212,0.7314286231994629,-10.035296440124512,0.5267243981361389,-0.02741665206849575,-0.0588260218501091,0.0388624407351017
1886054017487,0.6703764796257019,-9.963470458984375,0.6165069341659546,-0.0234239362180233,-0.0590922012925148,0.0364668108522892
1886055254762,0.6308721303939819,-9.929951667785645,0.5746083855628967,-0.0271504707634449,-0.0646820068359375,0.0372653529047966
1886056492025,0.6667851805686951,-9.904812812805176,0.5602431893348694,-0.02608574740588665,-0.0694732666015625,0.0433875173330307
1886057729312,0.645237386226654,-9.86650562286377,0.5339069962501526,-0.02981228195130825,-0.0673438161611557,0.0444522425532341
1886058966587,0.6033388376235962,-9.804256439208984,0.5722141861915588,-0.0306108258664608,-0.06707763671875,0.0399271659553051
1886060203862,0.5482721924781799,-9.837775230407715,0.5937620401382446,-0.02981228195130825,-0.0668114572763443,0.0484449602663517
1886061441137,0.52552729845047,-9.803058624267578,0.6272808313369751,-0.0282151959836483,-0.066545270383358,0.042855154722929
1886062678425,0.5303156971931458,-9.795876502990723,0.5566518902778625,-0.02741665206849575,-0.071336530148983,0.0423227921128273
1886063915712,0.5351040959358215,-9.818621635437012,0.6105214357376099,-0.02741665206849575,-0.0668114572763443,0.0481787770986557
1886065152962,0.5159504413604736,-9.793481826782227,0.5997475385665894,-0.02502102218568325,-0.0641496405005455,0.0481787770986557
1886066390237,0.5219359993934631,-9.793481826782227,0.6117185354232788,-0.02422248013317585,-0.0662790909409523,0.0492435023188591
1886067627537,0.5650315880775452,-9.805453300476074,0.5434837937355042,-0.0282151959836483,-0.066545270383358,0.0521714948117733
1886068864787,0.5027823448181152,-9.771934509277344,0.5746083855628967,-0.02981228195130825,-0.0708041712641716,0.0519053116440773
1886070102075,0.5051765441894531,-9.749189376831055,0.6320692300796509,-0.02874755859375,-0.071868896484375,0.0580274797976017
1886071339325,0.5351040959358215,-9.68933391571045,0.5817910432815552,-0.0319417305290699,-0.071336530148983,0.0545671246945858
1886072576612,0.5339069962501526,-9.696516990661621,0.5985504388809204,-0.0271504707634449,-0.0702718123793602,0.0537685826420784
1886073813900,0.4920084476470947,-9.592369079589844,0.5997475385665894,-0.02741665206849575,-0.0716027170419693,0.0577612966299057
1886075051175,0.4908113479614258,-9.57441234588623,0.5829881429672241,-0.02848137728869915,-0.0731998011469841,0.0601569265127182
1886076288437,0.5267243981361389,-9.569623947143555,0.606930136680603,-0.0271504707634449,-0.0702718123793602,0.057228934019804
1886077525725,0.4991910457611084,-9.581595420837402,0.6093243360519409,-0.0258195661008358,-0.0734659805893898,0.0636172816157341
1886078762987,0.47884035110473633,-9.53849983215332,0.5805939435958862,-0.0263519287109375,-0.06707763671875,0.0625525563955307
1886080000275,0.5027823448181152,-9.566033363342285,0.585382342338562,-0.01756795309484005,-0.0673438161611557,0.062286376953125
1886081237537,0.5482721924781799,-9.569623947143555,0.5937620401382446,-0.0162370465695858,-0.071868896484375,0.0609554722905159
1886082474812,0.5063736438751221,-9.588777542114258,0.6153098344802856,-0.015438503585755825,-0.0694732666015625,0.0601569265127182
1886083712112,0.5638344883918762,-9.566033363342285,0.6332663297653198,-0.012510511092841625,-0.0673438161611557,0.0596245639026165
1886084949375,0.5710170865058899,-9.634267807006836,0.6416460871696472,-0.007453070487827063,-0.0694732666015625,0.0590922012925148
1886086186650,0.6224924325942993,-9.648633003234863,0.6248866319656372,0.0005323622026480734,-0.0697394460439682,0.0641496405005455
1886087423925,0.6236895322799683,-9.619902610778809,0.6871358752250671,0.0007985432748682797,-0.0678761824965477,0.0628187358379364
1886088661187,0.6775590777397156,-9.622296333312988,0.6320692300796509,0.0,-0.06707763671875,0.0545671246945858
1886089898462,0.7038953304290771,-9.704896926879883,0.667982280254364,0.0042588976211845875,-0.0686747208237648,0.0471140518784523
1886091135737,0.7050924301147461,-9.718064308166504,0.6859387755393982,0.0114457868039608,-0.0705379918217659,0.04791259765625
1886092373012,0.7194576263427734,-9.700108528137207,0.690727174282074,0.01117960549890995,-0.0705379918217659,0.04791259765625
1886093610262,0.6871358752250671,-9.701305389404297,0.7338228225708008,0.008783976547420025,-0.06707763671875,0.0420566126704216
1886094847550,0.6775590777397156,-9.697713851928711,0.7996633648872375,0.008783976547420025,-0.0689409002661705,0.0356682650744915
1886096084862,0.6871358752250671,-9.728838920593262,0.7577648162841797,0.0090501569211483,-0.0758616104722023,0.0393948033452034
1886097322125,0.6153098344802856,-9.668983459472656,0.7529764175415039,0.01703559048473835,-0.076127789914608,0.0354020856320858
1886098559400,0.5997475385665894,-9.68813705444336,0.7721300721168518,0.01597086526453495,-0.0758616104722023,0.0340711809694767
1886099796675,0.6009446382522583,-9.674968719482422,0.7266402244567871,0.01756795309484005,-0.0750630721449852,0.0372653529047966
1886101033925,0.5398924946784973,-9.655815124511719,0.689530074596405,0.02315775491297245,-0.0747968852519989,0.0354020856320858
1886102271212,0.5063736438751221,-9.673771858215332,0.7015011310577393,0.02315775491297245,-0.0745307058095932,0.02608574740588665
1886103508487,0.5099649429321289,-9.715670585632324,0.7015011310577393,0.02369011752307415,-0.0750630721449852,0.02741665206849575
1886104745775,0.5147533416748047,-9.695320129394531,0.6787561774253845,0.02369011752307415,-0.0729336217045784,0.0330064557492733
1886105983025,0.5195418000221252,-9.774328231811523,0.6619967818260193,0.02608574740588665,-0.0763939768075943,0.0354020856320858
1886107220300,0.5027823448181152,-9.782708168029785,0.6440402865409851,0.02555338479578495,-0.07666015625,0.0324740931391716
1886108457587,0.52552729845047,-9.77672290802002,0.6955155730247498,0.0306108258664608,-0.0697394460439682,0.0340711809694767
1886109694850,0.5207388997077942,-9.78869342803955,0.6919242739677429,0.0295461006462574,-0.0708041712641716,0.0338049978017807
1886110932150,0.5422866940498352,-9.793481826782227,0.7146692276000977,0.03034464456140995,-0.0702718123793602,0.0327402763068676
1886112169412,0.5542576909065247,-9.829395294189453,0.7122750282287598,0.0322079136967659,-0.0681423619389534,0.0314093679189682
1886113406687,0.5303156971931458,-9.862914085388184,0.7266402244567871,0.0364668108522892,-0.0676099956035614,0.0324740931391716
1886114643962,0.6141127347946167,-9.891644477844238,0.7146692276000977,0.0306108258664608,-0.0668114572763443,0.0295461006462574
1886115881250,0.5985504388809204,-9.90241813659668,0.706289529800415,0.03034464456140995,-0.0657467320561409,0.0276828333735466
1886117118512,0.6093243360519409,-9.929951667785645,0.7338228225708008,0.0338049978017807,-0.0649481862783432,0.0324740931391716
1886118355787,0.5913678407669067,-9.894038200378418,0.6931213736534119,0.0327402763068676,-0.0660129114985466,0.0340711809694767
1886119593062,0.6021417379379272,-9.895236015319824,0.7589619159698486,0.0322079136967659,-0.062286376953125,0.0268842913210392
1886120830337,0.6009446382522583,-9.950302124023438,0.767341673374176,0.0377977155148983,-0.0689409002661705,0.02901373989880085
1886122067612,0.5554547905921936,-9.962273597717285,0.751779317855835,0.0343373604118824,-0.0660129114985466,0.02874755859375
1886123304887,0.5518634915351868,-9.986215591430664,0.7182605266571045,0.03034464456140995,-0.0636172816157341,0.02848137728869915
1886124542150,0.5578489899635315,-9.96945571899414,0.730231523513794,0.02981228195130825,-0.0638834610581398,0.0282151959836483
1886125779450,0.5410895943641663,-9.95748519897461,0.7350199222564697,0.0276828333735466,-0.0644158273935318,0.0282151959836483
1886127016700,0.5829881429672241,-9.963470458984375,0.7230489253997803,0.02502102218568325,-0.0660129114985466,0.02848137728869915
1886128253987,0.5374982953071594,-9.877279281616211,0.7398083209991455,0.0295461006462574,-0.0609554722905159,0.0311431884765625
1886129491275,0.5985504388809204,-9.860519409179688,0.7146692276000977,0.02848137728869915,-0.0633511021733284,0.02794901467859745
1886130728550,0.6141127347946167,-9.895236015319824,0.788889467716217,0.0276828333735466,-0.0657467320561409,0.02901373989880085
1886131965812,0.6356605291366577,-9.884461402893066,0.7577648162841797,0.0268842913210392,-0.0606892891228199,0.0319417305290699
1886133203087,0.6129156351089478,-9.871294021606445,0.7398083209991455,0.02661811001598835,-0.0593583844602108,0.0375315360724926
1886134440350,0.6344634294509888,-9.834183692932129,0.751779317855835,0.02182685025036335,-0.0657467320561409,0.0369991734623909
1886135677625,0.6584054827690125,-9.824606895446777,0.7433996200561523,0.02262539230287075,-0.0609554722905159,0.0314093679189682
1886136914900,0.6033388376235962,-9.792284965515137,0.7829039692878723,0.0196974016726017,-0.0684085413813591,0.0311431884765625
1886138152187,0.6009446382522583,-9.769539833068848,0.7876923680305481,0.0215606689453125,-0.0660129114985466,0.0322079136967659
1886139389462,0.5793968439102173,-9.763554573059082,0.7852981686592102,0.0220930315554142,-0.0630849227309227,0.0322079136967659
1886140626750,0.5482721924781799,-9.696516990661621,0.8032546639442444,0.02262539230287075,-0.0644158273935318,0.0356682650744915
1886141864000,0.547075092792511,-9.68813705444336,0.7805097699165344,0.0258195661008358,-0.0660129114985466,0.02874755859375
1886143101300,0.5374982953071594,-9.676166534423828,0.7697358727455139,0.0276828333735466,-0.0641496405005455,0.0295461006462574
1886144338562,0.5327098965644836,-9.691728591918945,0.7457938194274902,0.0306108258664608,-0.0644158273935318,0.0311431884765625
1886145575837,0.52552729845047,-9.707290649414062,0.750582218170166,0.0234239362180233,-0.0652143657207489,0.02848137728869915
1886146813125,0.5135562419891357,-9.734824180603027,0.7553706169128418,0.02262539230287075,-0.0657467320561409,0.0306108258664608
1886148050387,0.50876784324646,-9.715670585632324,0.7457938194274902,0.0319417305290699,-0.0606892891228199,0.0268842913210392
1886149287662,0.5817910432815552,-9.708487510681152,0.767341673374176,0.0359344482421875,-0.0614878311753273,0.0247548408806324
1886150524950,0.5841852426528931,-9.774328231811523,0.7565677165985107,0.0324740931391716,-0.0628187358379364,0.02129448764026165
1886151762225,0.5315127968788147,-9.786299705505371,0.7410054206848145,0.0367329902946949,-0.0582936592400074,0.0234239362180233
1886152999500,0.5135562419891357,-9.799468040466309,0.7613561749458313,0.0356682650744915,-0.0564303919672966,0.0204959437251091
1886154236762,0.5566518902778625,-9.852140426635742,0.751779317855835,0.033538818359375,-0.0574951171875,0.01996358297765255
1886155474037,0.5315127968788147,-9.86889934539795,0.750582218170166,0.0316755510866642,-0.0585598424077034,0.02129448764026165
1886156711312,0.5363011956214905,-9.895236015319824,0.750582218170166,0.0362006276845932,-0.0614878311753273,0.0215606689453125
1886157948587,0.5638344883918762,-9.927556991577148,0.7422025203704834,0.0359344482421875,-0.062020193785429,0.02076212503015995
1886159185862,0.5650315880775452,-9.941922187805176,0.7745242714881897,0.0306108258664608,-0.0641496405005455,0.01836649514734745
1886160423125,0.5482721924781799,-9.925163269042969,0.7493851184844971,0.0276828333735466,-0.0601569265127182,0.0138414166867733
1886161660412,0.5339069962501526,-9.985018730163574,0.7553706169128418,0.0295461006462574,-0.0577612966299057,0.013309055007994175
1886162897687,0.5566518902778625,-9.949105262756348,0.7649474740028381,0.02661811001598835,-0.0593583844602108,0.01650322787463665
1886164134950,0.5003881454467773,-9.950302124023438,0.7326257228851318,0.0300784632563591,-0.0582936592400074,0.01703559048473835
1886165372262,0.5351040959358215,-9.941922187805176,0.7841010689735413,0.0268842913210392,-0.0612216517329216,0.01756795309484005
1886166609525,0.4704606235027313,-9.886856079101562,0.7541735172271729,0.02502102218568325,-0.0582936592400074,0.02022976242005825
1886167846775,0.47405195236206055,-9.897629737854004,0.7661445736885071,0.02502102218568325,-0.0617540143430233,0.0157046839594841
1886169084062,0.5039794445037842,-9.891644477844238,0.7637503743171692,0.02502102218568325,-0.0588260218501091,0.015438503585755825
1886170321325,0.4776432514190674,-9.892841339111328,0.8164227604866028,0.0220930315554142,-0.0617540143430233,0.01597086526453495
1886171558600,0.4836287498474121,-9.84615421295166,0.790086567401886,0.02182685025036335,-0.0556318499147892,0.01703559048473835
1886172795875,0.5123591423034668,-9.871294021606445,0.8032546639442444,0.0204959437251091,-0.0537685826420784,0.01703559048473835
1886174033150,0.5267243981361389,-9.915586471557617,0.8020575642585754,0.01996358297765255,-0.0558980293571949,0.014373779296875
1886175270450,0.4668693244457245,-9.824606895446777,0.7613561749458313,0.0215606689453125,-0.0545671246945858,0.014906140975654125
1886176507687,0.45010992884635925,-9.81143856048584,0.750582218170166,0.02129448764026165,-0.0545671246945858,0.0090501569211483
1886177745000,0.4668693244457245,-9.84256362915039,0.7158663272857666,0.023956298828125,-0.0529700368642807,0.012510511092841625
1886178982287,0.4405331015586853,-9.823410034179688,0.729034423828125,0.02129448764026165,-0.0497758649289608,0.00984870083630085
1886180219550,0.45489832758903503,-9.807847023010254,0.7469909191131592,0.0186326764523983,-0.0503082275390625,0.005589802749454975
1886181456825,0.4297592043876648,-9.794679641723633,0.7553706169128418,0.02182685025036335,-0.0550994873046875,0.013309055007994175
1886182694100,0.4704606235027313,-9.770737648010254,0.7338228225708008,0.02502102218568325,-0.0540347620844841,0.008517795242369175
1886183931375,0.44532153010368347,-9.783905029296875,0.7230489253997803,0.02182685025036335,-0.0516391322016716,0.006122165359556675
1886185168637,0.43694180250167847,-9.799468040466309,0.7122750282287598,0.0282151959836483,-0.0452507846057415,0.0037265352439135313
1886186405912,0.41299980878829956,-9.769539833068848,0.689530074596405,0.02981228195130825,-0.0460493303835392,0.0042588976211845875
1886187643187,0.456095427274704,-9.84615421295166,0.7218518257141113,0.0295461006462574,-0.047646414488554,0.005057440605014563
1886188880462,0.4944026470184326,-9.824606895446777,0.7146692276000977,0.033272635191679,-0.0495096817612648,0.006122165359556675
1886190117762,0.4991910457611084,-9.81143856048584,0.7445967197418213,0.0311431884765625,-0.0457831472158432,0.0031941730994731188
1886191355025,0.5267243981361389,-9.81024169921875,0.7146692276000977,0.0319417305290699,-0.0465816929936409,0.0013309054775163531
1886192592300,0.524330198764801,-9.886856079101562,0.7254431247711182,0.0244886614382267,-0.0465816929936409,-0.0031941730994731188
1886193829575,0.5291185975074768,-9.841365814208984,0.6835445761680603,0.0324740931391716,-0.0484449602663517,0.0018632676219567657
1886195066850,0.5446808934211731,-9.831789016723633,0.7326257228851318,0.0354020856320858,-0.0457831472158432,-0.003460354171693325
1886196304112,0.545877993106842,-9.821015357971191,0.7134721279144287,0.0322079136967659,-0.0404595248401165,-0.005589802749454975
1886197541400,0.5626373887062073,-9.806650161743164,0.7003040313720703,0.0311431884765625,-0.0441860631108284,-0.0039927163161337376
1886198778675,0.5422866940498352,-9.77552604675293,0.730231523513794,0.0295461006462574,-0.0484449602663517,-0.0026618109550327063
1886200015962,0.5410895943641663,-9.849745750427246,0.7314286231994629,0.0338049978017807,-0.0439198799431324,-0.0090501569211483
1886201253212,0.5303156971931458,-9.827000617980957,0.6991068720817566,0.0369991734623909,-0.0433875173330307,-0.012510511092841625
1886202490500,0.5351040959358215,-9.791088104248047,0.6883329749107361,0.0388624407351017,-0.0463155098259449,-0.012510511092841625
1886203727775,0.5781997442245483,-9.783905029296875,0.7242460250854492,0.033272635191679,-0.047646414488554,-0.01650322787463665
1886204965050,0.5351040959358215,-9.805453300476074,0.7086837291717529,0.033538818359375,-0.0409918874502182,-0.0196974016726017
1886206202325,0.5542576909065247,-9.763554573059082,0.7565677165985107,0.0369991734623909,-0.0399271659553051,-0.0181003138422966
1886207439587,0.5315127968788147,-9.774328231811523,0.7386112213134766,0.0372653529047966,-0.0425889752805233,-0.02022976242005825
1886208676875,0.5662286877632141,-9.773131370544434,0.7050924301147461,0.0364668108522892,-0.0409918874502182,-0.02422248013317585
1886209914150,0.5746083855628967,-9.798270225524902,0.7170634269714355,0.0404595248401165,-0.0452507846057415,-0.0271504707634449
1886211151437,0.545877993106842,-9.773131370544434,0.7015011310577393,0.0404595248401165,-0.0463155098259449,-0.02981228195130825
1886212388712,0.5710170865058899,-9.787496566772461,0.7338228225708008,0.0388624407351017,-0.0471140518784523,-0.02369011752307415
1886213625975,0.5506663918495178,-9.813833236694336,0.7122750282287598,0.0409918874502182,-0.0447184219956398,-0.0271504707634449
1886214863250,0.5363011956214905,-9.793481826782227,0.7493851184844971,0.0396609827876091,-0.0417904332280159,-0.0258195661008358
1886216100525,0.5374982953071594,-9.84376049041748,0.729034423828125,0.0412580706179142,-0.0489773228764534,-0.03087700717151165
1886217337812,0.5734112858772278,-9.854534149169922,0.6787561774253845,0.0417904332280159,-0.0521714948117733,-0.0340711809694767
1886218575075,0.52552729845047,-9.938331604003906,0.7098808288574219,0.0393948033452034,-0.0465816929936409,-0.0319417305290699
1886219812362,0.4920084476470947,-9.873687744140625,0.7038953304290771,0.0367329902946949,-0.0457831472158432,-0.0330064557492733
1886221049625,0.5339069962501526,-9.90122127532959,0.7050924301147461,0.0388624407351017,-0.0412580706179142,-0.0324740931391716
1886222286900,0.5195418000221252,-9.95748519897461,0.7194576263427734,0.0420566126704216,-0.0452507846057415,-0.0319417305290699
1886223524187,0.4537012279033661,-9.96945571899414,0.690727174282074,0.0412580706179142,-0.0505744069814682,-0.0316755510866642
1886224761475,0.4752490520477295,-9.999383926391602,0.6631938815116882,0.0314093679189682,-0.0463155098259449,-0.0369991734623909
1886225998737,0.48243165016174316,-9.987412452697754,0.6631938815116882,0.02874755859375,-0.038063894957304,-0.0362006276845932
1886227236012,0.5135562419891357,-9.999383926391602,0.706289529800415,0.033272635191679,-0.0495096817612648,-0.0220930315554142
1886228473275,0.4620809257030487,-10.02332592010498,0.6619967818260193,0.02608574740588665,-0.0495096817612648,-0.0252872034907341
1886229710562,0.49320554733276367,-10.007762908935547,0.6308721303939819,0.0252872034907341,-0.0516391322016716,-0.02315775491297245
1886230947837,0.5135562419891357,-10.05923843383789,0.6955155730247498,0.02315775491297245,-0.043121337890625,-0.0263519287109375
1886232185100,0.4572925269603729,-10.089165687561035,0.6967126727104187,0.02182685025036335,-0.0433875173330307,-0.0258195661008358
1886233422375,0.4991910457611084,-10.073603630065918,0.6751648783683777,0.0181003138422966,-0.0487111397087574,-0.0181003138422966
1886234659662,0.4668693244457245,-10.0580415725708,0.6871358752250671,0.01463996060192585,-0.0481787770986557,-0.01756795309484005
1886235896925,0.48482584953308105,-10.098742485046387,0.706289529800415,0.012776692397892475,-0.0481787770986557,-0.01597086526453495
1886237134212,0.4728548526763916,-10.067618370056152,0.7098808288574219,0.013042873702943325,-0.04791259765625,-0.00984870083630085
1886238371487,0.4429273307323456,-10.056844711303711,0.6751648783683777,0.0063883461989462376,-0.0473802350461483,-0.0053236219100654125
1886239608775,0.4668693244457245,-10.119093894958496,0.7194576263427734,0.005057440605014563,-0.0452507846057415,-0.007985432632267475
1886240846037,0.46327802538871765,-10.070012092590332,0.7026982307434082,0.00452507846057415,-0.0455169677734375,-0.0021294488105922937
1886242083325,0.4381389021873474,-10.046070098876953,0.6931213736534119,-0.0026618109550327063,-0.0481787770986557,0.0026618109550327063
1886243320600,0.48602294921875,-10.071209907531738,0.7122750282287598,-0.0042588976211845875,-0.0465816929936409,0.0039927163161337376
1886244557862,0.45010992884635925,-10.066421508789062,0.7122750282287598,-0.0037265352439135313,-0.0452507846057415,0.008783976547420025
1886245795137,0.38905778527259827,-10.043676376342773,0.6859387755393982,-0.00931633822619915,-0.0468478724360466,0.014906140975654125
1886247032425,0.40462008118629456,-10.040084838867188,0.7026982307434082,-0.01117960549890995,-0.0441860631108284,0.0173017717897892
1886248269687,0.4213795065879822,-10.052056312561035,0.6859387755393982,-0.012776692397892475,-0.0433875173330307,0.01889885775744915
1886249506962,0.40462008118629456,-10.110713958740234,0.6787561774253845,-0.015438503585755825,-0.0457831472158432,0.0196974016726017
1886250744250,0.41539400815963745,-10.090363502502441,0.6751648783683777,-0.02129448764026165,-0.0436537005007267,0.0292799212038517
1886251981550,0.37229835987091064,-10.087968826293945,0.646434485912323,-0.0210283063352108,-0.043121337890625,0.0311431884765625
1886253218825,0.36750996112823486,-10.134655952453613,0.6703764796257019,-0.0252872034907341,-0.0388624407351017,0.0311431884765625
1886254456087,0.40222588181495667,-10.089165687561035,0.6655880808830261,-0.0295461006462574,-0.0359344482421875,0.0369991734623909
1886255693350,0.38546648621559143,-10.113107681274414,0.6141127347946167,-0.0354020856320858,-0.0327402763068676,0.0399271659553051
1886256930625,0.3687070608139038,-10.102334022521973,0.6835445761680603,-0.0388624407351017,-0.0367329902946949,0.0417904332280159
1886258167900,0.41060560941696167,-10.166977882385254,0.6572083830833435,-0.042855154722929,-0.0330064557492733,0.038063894957304
1886259405175,0.41299980878829956,-10.152612686157227,0.6703764796257019,-0.0511067695915699,-0.0319417305290699,0.0409918874502182
1886260642437,0.4429273307323456,-10.108319282531738,0.6991068720817566,-0.0511067695915699,-0.038330078125,0.0487111397087574
1886261879737,0.4381389021873474,-10.143035888671875,0.6991068720817566,-0.0471140518784523,-0.0343373604118824,0.0505744069814682
1886263117012,0.48602294921875,-10.134655952453613,0.7206547260284424,-0.0535023994743824,-0.02741665206849575,0.0505744069814682
1886264354275,0.46088382601737976,-10.123882293701172,0.727837324142456,-0.0590922012925148,-0.02874755859375,0.04791259765625
1886265591562,0.4800374507904053,-10.096348762512207,0.7493851184844971,-0.0644158273935318,-0.03087700717151165,0.0537685826420784
1886266828812,0.5530605912208557,-10.038887977600098,0.7781155705451965,-0.0630849227309227,-0.0295461006462574,0.0577612966299057
1886268066112,0.5159504413604736,-10.050858497619629,0.7577648162841797,-0.066545270383358,-0.02981228195130825,0.0609554722905159
1886269303362,0.5422866940498352,-10.030508041381836,0.7577648162841797,-0.0702718123793602,-0.0252872034907341,0.0596245639026165
1886270540650,0.5650315880775452,-10.02691650390625,0.7529764175415039,-0.0734659805893898,-0.0258195661008358,0.0596245639026165
1886271777925,0.6129156351089478,-10.02571964263916,0.7781155705451965,-0.0747968852519989,-0.0228915736079216,0.057228934019804
1886273015200,0.5746083855628967,-9.952696800231934,0.8080430626869202,-0.0742645263671875,-0.0196974016726017,0.0582936592400074
1886274252475,0.5949591398239136,-9.908403396606445,0.7649474740028381,-0.076127789914608,-0.0268842913210392,0.0609554722905159
1886275489750,0.645237386226654,-9.946710586547852,0.7852981686592102,-0.0787896066904068,-0.0268842913210392,0.0628187358379364
1886276727025,0.5901707410812378,-9.915586471557617,0.7912836670875549,-0.0753292515873909,-0.0282151959836483,0.0702718123793602
1886277964337,0.6212953329086304,-9.880870819091797,0.8056488633155823,-0.080919049680233,-0.023956298828125,0.062286376953125
1886279201587,0.6943184733390808,-9.855731010437012,0.7769184708595276,-0.0865088552236557,-0.0228915736079216,0.0601569265127182
1886280438862,0.6787561774253845,-9.856928825378418,0.8379706144332886,-0.080919049680233,-0.0252872034907341,0.0601569265127182
1886281676125,0.6643909811973572,-9.793481826782227,0.8415619134902954,-0.0835808664560318,-0.0252872034907341,0.0638834610581398
1886282913412,0.6883329749107361,-9.761160850524902,0.8547300100326538,-0.0825161412358284,-0.0282151959836483,0.0660129114985466
1886284150700,0.6979097723960876,-9.684545516967773,0.8810662031173706,-0.0793219655752182,-0.0268842913210392,0.0609554722905159
1886285387950,0.6931213736534119,-9.736021041870117,0.872686505317688,-0.0819837749004364,-0.0319417305290699,0.0590922012925148
1886286625250,0.6165069341659546,-9.679757118225098,0.8439561128616333,-0.0822499617934227,-0.0327402763068676,0.0548333041369915
1886287862525,0.6117185354232788,-9.670180320739746,0.8140285611152649,-0.0763939768075943,-0.02848137728869915,0.0580274797976017
1886289099787,0.5949591398239136,-9.642647743225098,0.8176198601722717,-0.0758616104722023,-0.0268842913210392,0.0561642125248909
1886290337062,0.5506663918495178,-9.603142738342285,0.8343793153762817,-0.0758616104722023,-0.0314093679189682,0.0535023994743824
1886291574325,0.5506663918495178,-9.612719535827637,0.8331822156906128,-0.0758616104722023,-0.033272635191679,0.0548333041369915
1886292811625,0.6093243360519409,-9.59596061706543,0.8020575642585754,-0.0697394460439682,-0.03034464456140995,0.0497758649289608
1886294048887,0.5638344883918762,-9.599552154541016,0.8403648138046265,-0.066545270383358,-0.03034464456140995,0.0540347620844841
1886295286175,0.5602431893348694,-9.607931137084961,0.8631097078323364,-0.0652143657207489,-0.02741665206849575,0.0516391322016716
1886296523437,0.6057330369949341,-9.583989143371582,0.8834604620933533,-0.0628187358379364,-0.02848137728869915,0.04791259765625
1886297760725,0.6153098344802856,-9.526528358459473,0.8463503122329712,-0.0569627545773983,-0.0295461006462574,0.0500420443713665
1886298998012,0.6153098344802856,-9.568427085876465,0.888248860836029,-0.0535023994743824,-0.0252872034907341,0.0505744069814682
1886300235287,0.6440402865409851,-9.576807022094727,0.8738836050033569,-0.0516391322016716,-0.0282151959836483,0.0489773228764534
1886301472550,0.5997475385665894,-9.610325813293457,0.9193734526634216,-0.0484449602663517,-0.02794901467859745,0.0463155098259449
1886302709825,0.5506663918495178,-9.575610160827637,0.8487445116043091,-0.0503082275390625,-0.0348697230219841,0.0425889752805233
1886303947100,0.5542576909065247,-9.616311073303223,0.8415619134902954,-0.0425889752805233,-0.0338049978017807,0.0359344482421875
1886305184362,0.5781997442245483,-9.668983459472656,0.8463503122329712,-0.0396609827876091,-0.02901373989880085,0.0388624407351017
1886306421662,0.5422866940498352,-9.68933391571045,0.8403648138046265,-0.0388624407351017,-0.0263519287109375,0.0369991734623909
1886307658925,0.5566518902778625,-9.75397777557373,0.7984662652015686,-0.0348697230219841,-0.0292799212038517,0.0399271659553051
1886308896212,0.547075092792511,-9.80904483795166,0.7793126702308655,-0.0351359061896801,-0.03087700717151165,0.0407257080078125
1886310133487,0.5135562419891357,-9.817423820495605,0.7625532746315002,-0.0295461006462574,-0.03087700717151165,0.038063894957304
1886311370750,0.5027823448181152,-9.825803756713867,0.751779317855835,-0.02981228195130825,-0.0244886614382267,0.0351359061896801
1886312608037,0.5351040959358215,-9.904812812805176,0.7445967197418213,-0.0351359061896801,-0.02608574740588665,0.0377977155148983
1886313845325,0.5363011956214905,-9.955090522766113,0.7601590752601624,-0.0330064557492733,-0.0327402763068676,0.0375315360724926
1886315082575,0.5291185975074768,-9.980230331420898,0.7374141216278076,-0.033272635191679,-0.0343373604118824,0.0340711809694767
1886316319862,0.5650315880775452,-9.967061996459961,0.6979097723960876,-0.0306108258664608,-0.0292799212038517,0.0396609827876091
1886317557150,0.608127236366272,-10.02691650390625,0.7338228225708008,-0.0351359061896801,-0.0234239362180233,0.0367329902946949
1886318794425,0.5805939435958862,-9.998186111450195,0.7864952683448792,-0.0354020856320858,-0.0314093679189682,0.0369991734623909
1886320031700,0.608127236366272,-9.955090522766113,0.8475474119186401,-0.038330078125,-0.033272635191679,0.0393948033452034
1886321268962,0.646434485912323,-9.917980194091797,0.8319851160049438,-0.0391286201775074,-0.0306108258664608,0.0346035435795784
1886322506250,0.6727706789970398,-9.871294021606445,0.8762778043746948,-0.0348697230219841,-0.0327402763068676,0.0369991734623909
1886323743537,0.6560112833976746,-9.81143856048584,0.9397241473197937,-0.0351359061896801,-0.0324740931391716,0.0393948033452034
1886324980812,0.6236895322799683,-9.715670585632324,0.9576807022094727,-0.0354020856320858,-0.03087700717151165,0.0385962575674057
1886326218075,0.6763619780540466,-9.618705749511719,0.9193734526634216,-0.0351359061896801,-0.0367329902946949,0.033538818359375
1886327455337,0.628477931022644,-9.580398559570312,0.9552865028381348,-0.0330064557492733,-0.0364668108522892,0.02848137728869915
1886328692612,0.6224924325942993,-9.545681953430176,0.933738648891449,-0.0401933453977108,-0.0348697230219841,0.0314093679189682
1886329929900,0.6212953329086304,-9.476250648498535,0.9026140570640564,-0.0268842913210392,-0.0369991734623909,0.02794901467859745
1886331167175,0.5626373887062073,-9.439140319824219,0.8631097078323364,-0.02502102218568325,-0.033272635191679,0.02022976242005825
1886332404462,0.5147533416748047,-9.440337181091309,0.8403648138046265,-0.02502102218568325,-0.0292799212038517,0.02022976242005825
1886333641737,0.4836287498474121,-9.446322441101074,0.8188169598579407,-0.01889885775744915,-0.0295461006462574,0.0215606689453125
1886334879000,0.4537012279033661,-9.437943458557129,0.7481880187988281,-0.0090501569211483,-0.0343373604118824,0.0167694091796875
1886336116262,0.49320554733276367,-9.500192642211914,0.7254431247711182,-0.0010647244052961469,-0.0327402763068676,0.01650322787463665
1886337353550,0.4189853072166443,-9.575610160827637,0.645237386226654,-0.005855984054505825,-0.033272635191679,0.0138414166867733
1886338590825,0.38307228684425354,-9.579200744628906,0.6715735793113708,-0.00692070834338665,-0.0314093679189682,0.013309055007994175
1886339828100,0.41539400815963745,-9.637859344482422,0.6308721303939819,-0.0010647244052961469,-0.0306108258664608,0.006122165359556675
1886341065375,0.42377370595932007,-9.697713851928711,0.6560112833976746,0.0023956298828125,-0.0306108258664608,0.0063883461989462376
1886342302662,0.43095630407333374,-9.668983459472656,0.645237386226654,-0.0023956298828125,-0.0324740931391716,0.0090501569211483
1886343539937,0.41778820753097534,-9.697713851928711,0.6811503767967224,-0.0015970865497365594,-0.0300784632563591,0.00958251953125
1886344777212,0.4776432514190674,-9.750386238098145,0.6631938815116882,0.00692070834338665,-0.033538818359375,0.0063883461989462376
1886346014475,0.42377370595932007,-9.765949249267578,0.7206547260284424,0.007985432632267475,-0.033538818359375,0.0010647244052961469
1886347251762,0.4728548526763916,-9.749189376831055,0.7086837291717529,0.008251613937318325,-0.02794901467859745,0.0010647244052961469
1886348489037,0.5027823448181152,-9.725247383117676,0.7637503743171692,0.00931633822619915,-0.0338049978017807,-0.0015970865497365594
1886349726312,0.5542576909065247,-9.730035781860352,0.7805097699165344,0.010913425125181675,-0.0327402763068676,-0.0029279920272529125
1886350963612,0.5482721924781799,-9.746795654296875,0.8008604645729065,0.010647243820130825,-0.0348697230219841,0.00452507846057415
1886352200875,0.5374982953071594,-9.657012939453125,0.7912836670875549,0.01410759799182415,-0.0300784632563591,-0.0071868896484375
1886353438137,0.5638344883918762,-9.68574333190918,0.788889467716217,0.02022976242005825,-0.0324740931391716,-0.0063883461989462376
1886354675425,0.5231330990791321,-9.697713851928711,0.8212112188339233,0.01889885775744915,-0.0300784632563591,-0.0053236219100654125
1886355912700,0.52552729845047,-9.623494148254395,0.7733271718025208,0.0210283063352108,-0.0316755510866642,-0.008251613937318325
1886357149987,0.4908113479614258,-9.636661529541016,0.7565677165985107,0.0244886614382267,-0.0319417305290699,-0.0090501569211483
1886358387250,0.5147533416748047,-9.668983459472656,0.7589619159698486,0.02608574740588665,-0.03034464456140995,-0.008783976547420025
1886359624525,0.48722004890441895,-9.658209800720215,0.7098808288574219,0.0263519287109375,-0.03034464456140995,-0.013309055007994175
1886360861800,0.4704606235027313,-9.63187313079834,0.7182605266571045,0.0327402763068676,-0.0282151959836483,-0.0157046839594841
1886362099087,0.5159504413604736,-9.646238327026367,0.669179379940033,0.03087700717151165,-0.0276828333735466,-0.0119781494140625
1886363336350,0.43335050344467163,-9.714473724365234,0.6751648783683777,0.0311431884765625,-0.0324740931391716,-0.0167694091796875
1886364573625,0.4537012279033661,-9.708487510681152,0.6643909811973572,0.0354020856320858,-0.02502102218568325,-0.0167694091796875
1886365810912,0.49799394607543945,-9.684545516967773,0.6607996821403503,0.0282151959836483,-0.02502102218568325,-0.0210283063352108
1886367048200,0.5482721924781799,-9.743204116821289,0.6799532771110535,0.0327402763068676,-0.0282151959836483,-0.02262539230287075
1886368285475,0.507570743560791,-9.813833236694336,0.6823474764823914,0.038330078125,-0.0258195661008358,-0.02422248013317585
1886369522737,0.4668693244457245,-9.743204116821289,0.6536170840263367,0.0417904332280159,-0.02848137728869915,-0.02555338479578495
1886370760012,0.5494692921638489,-9.761160850524902,0.6320692300796509,0.0401933453977108,-0.0306108258664608,-0.02502102218568325
1886371997300,0.49559974670410156,-9.835380554199219,0.7003040313720703,0.0409918874502182,-0.02848137728869915,-0.0271504707634449
1886373234562,0.5159504413604736,-9.827000617980957,0.6631938815116882,0.0415242500603199,-0.02901373989880085,-0.02981228195130825
1886374471837,0.5123591423034668,-9.850942611694336,0.6057330369949341,0.042855154722929,-0.0338049978017807,-0.0364668108522892
1886375709125,0.5829881429672241,-9.856928825378418,0.6476315855979919,0.0447184219956398,-0.0346035435795784,-0.0330064557492733
1886376946387,0.5003881454467773,-9.950302124023438,0.669179379940033,0.0444522425532341,-0.033538818359375,-0.033538818359375
1886378183675,0.47644615173339844,-9.894038200378418,0.6320692300796509,0.038330078125,-0.0391286201775074,-0.0367329902946949
1886379420950,0.6212953329086304,-9.862914085388184,0.6165069341659546,0.0409918874502182,-0.0375315360724926,-0.0372653529047966
1886380658212,0.5315127968788147,-9.898826599121094,0.667982280254364,0.0420566126704216,-0.0311431884765625,-0.0362006276845932
1886381895475,0.4967968463897705,-9.871294021606445,0.7134721279144287,0.0417904332280159,-0.0311431884765625,-0.0348697230219841
1886383132775,0.5734112858772278,-9.771934509277344,0.6991068720817566,0.0460493303835392,-0.033272635191679,-0.02981228195130825
1886384370050,0.645237386226654,-9.80904483795166,0.7362170219421387,0.0495096817612648,-0.0377977155148983,-0.0314093679189682
1886385607312,0.5758054852485657,-9.800664901733398,0.7589619159698486,0.0447184219956398,-0.0346035435795784,-0.0359344482421875
1886386844600,0.5638344883918762,-9.691728591918945,0.7852981686592102,0.0447184219956398,-0.0447184219956398,-0.0343373604118824
1886388081887,0.6105214357376099,-9.659406661987305,0.7314286231994629,0.0489773228764534,-0.0465816929936409,-0.02794901467859745
1886389319162,0.5841852426528931,-9.734824180603027,0.7912836670875549,0.0537685826420784,-0.0375315360724926,-0.0356682650744915
1886390556425,0.4944026470184326,-9.654618263244629,0.7841010689735413,0.0492435023188591,-0.0359344482421875,-0.0364668108522892
1886391793712,0.4884171485900879,-9.587580680847168,0.7493851184844971,0.0556318499147892,-0.042855154722929,-0.0375315360724926
1886393030987,0.4967968463897705,-9.59715747833252,0.7015011310577393,0.0625525563955307,-0.0412580706179142,-0.0311431884765625
1886394268262,0.5063736438751221,-9.625887870788574,0.7637503743171692,0.062286376953125,-0.0322079136967659,-0.0324740931391716
1886395505525,0.424970805644989,-9.567230224609375,0.7134721279144287,0.0617540143430233,-0.0396609827876091,-0.0322079136967659
1886396742825,0.4704606235027313,-9.53969669342041,0.6404489874839783,0.06707763671875,-0.0444522425532341,-0.0319417305290699
1886397980087,0.48602294921875,-9.589975357055664,0.6847416758537292,0.0729336217045784,-0.0423227921128273,-0.0338049978017807
1886399217350,0.41778820753097534,-9.633070945739746,0.7218518257141113,0.0700056254863739,-0.0391286201775074,-0.0423227921128273
1886400454662,0.4441244304180145,-9.619902610778809,0.6823474764823914,0.0747968852519989,-0.0423227921128273,-0.0399271659553051
1886401691912,0.5147533416748047,-9.63067626953125,0.6787561774253845,0.0787896066904068,-0.0420566126704216,-0.0404595248401165
1886402929187,0.4800374507904053,-9.718064308166504,0.7601590752601624,0.0817175954580307,-0.0439198799431324,-0.0465816929936409
1886404166475,0.47405195236206055,-9.700108528137207,0.7206547260284424,0.0830485001206398,-0.0409918874502182,-0.043121337890625
1886405403750,0.6057330369949341,-9.679757118225098,0.7146692276000977,0.0851779505610466,-0.0396609827876091,-0.0447184219956398
1886406641037,0.6248866319656372,-9.737218856811523,0.7649474740028381,0.0867750346660614,-0.0407257080078125,-0.0495096817612648
1886407878287,0.6033388376235962,-9.75517463684082,0.7876923680305481,0.0867750346660614,-0.0415242500603199,-0.0508405901491642
1886409115575,0.5554547905921936,-9.75278091430664,0.7422025203704834,0.0878397598862648,-0.0471140518784523,-0.0473802350461483
1886410352875,0.6823474764823914,-9.7791166305542,0.7433996200561523,0.0886383056640625,-0.0441860631108284,-0.0463155098259449
1886411590125,0.6200982332229614,-9.803058624267578,0.8475474119186401,0.0899692103266716,-0.0423227921128273,-0.0516391322016716
1886412827412,0.6212953329086304,-9.819818496704102,0.7745242714881897,0.0894368439912796,-0.0463155098259449,-0.0553656667470932
1886414064687,0.6320692300796509,-9.813833236694336,0.6763619780540466,0.0897030308842659,-0.0500420443713665,-0.0505744069814682
1886415301937,0.586579442024231,-9.895236015319824,0.730231523513794,0.091033935546875,-0.0503082275390625,-0.0500420443713665
1886416539237,0.5135562419891357,-9.977835655212402,0.8008604645729065,0.090501569211483,-0.0500420443713665,-0.0529700368642807
1886417776525,0.5494692921638489,-9.946710586547852,0.6883329749107361,0.0843794047832489,-0.0503082275390625,-0.0481787770986557
1886419013800,0.5446808934211731,-9.96825885772705,0.6991068720817566,0.0859764963388443,-0.0511067695915699,-0.0447184219956398
1886420251075,0.4920084476470947,-10.054450035095215,0.7314286231994629,0.0851779505610466,-0.0508405901491642,-0.0468478724360466
1886421488362,0.46806642413139343,-10.032902717590332,0.7038953304290771,0.0787896066904068,-0.0558980293571949,-0.0452507846057415
1886422725612,0.4357447028160095,-10.031704902648926,0.6224924325942993,0.0763939768075943,-0.0582936592400074,-0.0412580706179142
1886423962900,0.4776432514190674,-10.056844711303711,0.6979097723960876,0.0787896066904068,-0.0511067695915699,-0.0412580706179142
1886425200162,0.4225766062736511,-10.070012092590332,0.6643909811973572,0.0785234197974205,-0.0540347620844841,-0.0367329902946949
1886426437450,0.4357447028160095,-10.04726791381836,0.5961562395095825,0.0726674422621727,-0.0580274797976017,-0.0362006276845932
1886427674725,0.46327802538871765,-10.016142845153809,0.6488286852836609,0.0692070871591568,-0.0550994873046875,-0.0276828333735466
1886428911987,0.38307228684425354,-10.089165687561035,0.7110779285430908,0.071868896484375,-0.0553656667470932,-0.033272635191679
1886430149287,0.3866635859012604,-10.038887977600098,0.6787561774253845,0.0678761824965477,-0.0566965714097023,-0.03034464456140995
1886431386550,0.46088382601737976,-10.064026832580566,0.6356605291366577,0.0630849227309227,-0.0596245639026165,-0.0247548408806324
1886432623812,0.4572925269603729,-10.067618370056152,0.7086837291717529,0.0580274797976017,-0.0582936592400074,-0.0234239362180233
1886433861100,0.39384618401527405,-10.105925559997559,0.7457938194274902,0.0606892891228199,-0.0606892891228199,-0.0252872034907341
1886435098387,0.4812345504760742,-10.141838073730469,0.645237386226654,0.0593583844602108,-0.0617540143430233,-0.0234239362180233
1886436335650,0.569819986820221,-10.134655952453613,0.706289529800415,0.0543009415268898,-0.0604231096804142,-0.0247548408806324
1886437572950,0.5985504388809204,-10.121487617492676,0.7769184708595276,0.0558980293571949,-0.0601569265127182,-0.02182685025036335
1886438810225,0.5578489899635315,-10.194510459899902,0.6991068720817566,0.0516391322016716,-0.0529700368642807,-0.0173017717897892
1886440047475,0.6272808313369751,-10.2747163772583,0.6165069341659546,0.04791259765625,-0.0596245639026165,-0.013042873702943325
1886441284775,0.6392518877983093,-10.259154319763184,0.6859387755393982,0.0473802350461483,-0.0614878311753273,-0.01783413253724575
1886442522050,0.6655880808830261,-10.26394271850586,0.7050924301147461,0.0393948033452034,-0.0596245639026165,-0.015438503585755825
1886443759312,0.6979097723960876,-10.249577522277832,0.6787561774253845,0.03087700717151165,-0.0609554722905159,-0.013309055007994175
1886444996600,0.729034423828125,-10.212467193603516,0.6272808313369751,0.0340711809694767,-0.0612216517329216,-0.01357523538172245
1886446233862,0.7266402244567871,-10.182539939880371,0.707486629486084,0.02794901467859745,-0.0633511021733284,-0.013042873702943325
1886447471137,0.7781155705451965,-10.145429611206055,0.7469909191131592,0.0196974016726017,-0.0625525563955307,-0.008517795242369175
1886448708450,0.788889467716217,-10.02332592010498,0.7410054206848145,0.01996358297765255,-0.0657467320561409,-0.010381062515079975
1886449945700,0.8008604645729065,-9.975441932678223,0.7242460250854492,0.0114457868039608,-0.0684085413813591,-0.005057440605014563
1886451182975,0.8224083185195923,-9.888052940368652,0.7661445736885071,0.010647243820130825,-0.0689409002661705,-0.0021294488105922937
1886452420262,0.8307880163192749,-9.7791166305542,0.7721300721168518,0.0119781494140625,-0.0684085413813591,0.0018632676219567657
1886453657525,0.8631097078323364,-9.66299819946289,0.7529764175415039,0.01117960549890995,-0.0750630721449852,-0.0031941730994731188
1886454894800,0.8475474119186401,-9.580398559570312,0.7817068696022034,0.0031941730994731188,-0.0737321600317955,-0.00958251953125
1886456132075,0.8786720037460327,-9.488221168518066,0.8523358106613159,0.0066545275039970875,-0.0737321600317955,-0.0018632676219567657
1886457369362,0.8535329103469849,-9.425971984863281,0.8379706144332886,0.010381062515079975,-0.0798543319106102,0.0005323622026480734
1886458606637,0.8786720037460327,-9.396044731140137,0.8631097078323364,0.013309055007994175,-0.0830485001206398,-0.0013309054775163531
1886459843900,0.8619126081466675,-9.345766067504883,0.8858546614646912,0.0162370465695858,-0.0806528702378273,-0.0018632676219567657
1886461081187,0.8906430602073669,-9.32661247253418,0.8427590131759644,0.01889885775744915,-0.0835808664560318,-0.0071868896484375
1886462318462,0.8547300100326538,-9.332598686218262,0.8535329103469849,0.0258195661008358,-0.0923648402094841,-0.0114457868039608
1886463555750,0.8391677141189575,-9.337387084960938,0.8391677141189575,0.0300784632563591,-0.0928971990942955,-0.01224433071911335
1886464793037,0.790086567401886,-9.387664794921875,0.8367735147476196,0.0362006276845932,-0.0939619243144989,-0.013042873702943325
1886466030287,0.751779317855835,-9.41639518737793,0.7745242714881897,0.0412580706179142,-0.0974222794175148,-0.014906140975654125
1886467267562,0.7206547260284424,-9.478644371032715,0.7817068696022034,0.042855154722929,-0.1022135391831398,-0.02129448764026165
1886468504850,0.7026982307434082,-9.56124496459961,0.7338228225708008,0.043121337890625,-0.1016811802983284,-0.0314093679189682
1886469742125,0.6643909811973572,-9.673771858215332,0.7362170219421387,0.0457831472158432,-0.1008826345205307,-0.03034464456140995
1886470979412,0.6177040338516235,-9.791088104248047,0.7003040313720703,0.0484449602663517,-0.1024797186255455,-0.0311431884765625
1886472216687,0.6177040338516235,-9.922768592834473,0.6919242739677429,0.0540347620844841,-0.1067386195063591,-0.0354020856320858
1886473453962,0.6165069341659546,-9.976638793945312,0.6763619780540466,0.0585598424077034,-0.1067386195063591,-0.0407257080078125
1886474691225,0.5793968439102173,-10.135852813720703,0.7026982307434082,0.0550994873046875,-0.1051415354013443,-0.0377977155148983
1886475928500,0.6248866319656372,-10.224438667297363,0.6655880808830261,0.0508405901491642,-0.1080695241689682,-0.0324740931391716
1886477165762,0.6141127347946167,-10.315418243408203,0.7098808288574219,0.0489773228764534,-0.1070047989487648,-0.03087700717151165
1886478403062,0.6344634294509888,-10.390835762023926,0.6835445761680603,0.0463155098259449,-0.1088680699467659,-0.02502102218568325
1886479640325,0.689530074596405,-10.461464881896973,0.729034423828125,0.0385962575674057,-0.1064724400639534,-0.03034464456140995
1886480877612,0.7015011310577393,-10.481815338134766,0.7350199222564697,0.0330064557492733,-0.1086018830537796,-0.02422248013317585
1886482114900,0.7422025203704834,-10.563218116760254,0.7218518257141113,0.0316755510866642,-0.1099327951669693,-0.0215606689453125
1886483352175,0.7661445736885071,-10.505757331848145,0.790086567401886,0.01889885775744915,-0.1099327951669693,-0.02129448764026165
1886484589425,0.8212112188339233,-10.504560470581055,0.8271967172622681,0.0071868896484375,-0.1099327951669693,-0.0186326764523983
1886485826725,0.8319851160049438,-10.393229484558105,0.7984662652015686,0.00452507846057415,-0.1136593297123909,-0.015172322280704975
1886487064000,0.8236054182052612,-10.2747163772583,0.8200140595436096,0.0005323622026480734,-0.1125946044921875,-0.01357523538172245
1886488301262,0.8523358106613159,-10.17416000366211,0.889445960521698,-0.0037265352439135313,-0.1195153146982193,-0.0077192517928779125
1886489538550,0.8343793153762817,-10.02691650390625,0.8954314589500427,-0.0090501569211483,-0.119249127805233,-0.00452507846057415
1886490775825,0.8475474119186401,-9.916783332824707,0.888248860836029,-0.010114881210029125,-0.119249127805233,0.0023956298828125
1886492013100,0.8535329103469849,-9.797073364257812,0.9277531504631042,-0.010114881210029125,-0.1221771240234375,0.008783976547420025
1886493250362,0.8319851160049438,-9.668983459472656,0.8990227580070496,-0.01117960549890995,-0.1237742081284523,0.0077192517928779125
1886494487650,0.8044517636299133,-9.575610160827637,0.9097966551780701,-0.012776692397892475,-0.1227094829082489,0.0005323622026480734
1886495724937,0.751779317855835,-9.516951560974121,0.8762778043746948,-0.007453070487827063,-0.1261698454618454,-0.0023956298828125
1886496962200,0.7541735172271729,-9.485827445983887,0.8810662031173706,-0.0037265352439135313,-0.1309611052274704,-0.0023956298828125
1886498199475,0.7003040313720703,-9.464279174804688,0.8391677141189575,0.0021294488105922937,-0.1317596435546875,-0.0010647244052961469
1886499436750,0.690727174282074,-9.490615844726562,0.7733271718025208,0.006122165359556675,-0.128299281001091,-0.0026618109550327063
1886500674037,0.6715735793113708,-9.494207382202148,0.790086567401886,0.012510511092841625,-0.1285654753446579,-0.0042588976211845875
1886501911300,0.6859387755393982,-9.57321548461914,0.7625532746315002,0.015438503585755825,-0.1312272846698761,-0.00958251953125
1886503148587,0.629675030708313,-9.563638687133789,0.7350199222564697,0.02369011752307415,-0.1352199912071228,-0.012510511092841625
1886504385862,0.6476315855979919,-9.59476375579834,0.729034423828125,0.02661811001598835,-0.1328243613243103,-0.012776692397892475
1886505623137,0.6476315855979919,-9.651026725769043,0.7254431247711182,0.02874755859375,-0.1373494416475296,-0.010913425125181675
1886506860437,0.5901707410812378,-9.694122314453125,0.7529764175415039,0.0330064557492733,-0.1338890939950943,-0.01650322787463665
1886508097687,0.6236895322799683,-9.737218856811523,0.7457938194274902,0.0359344482421875,-0.1328243613243103,-0.0191650390625
1886509334975,0.5973533391952515,-9.750386238098145,0.7110779285430908,0.0385962575674057,-0.1400112509727478,-0.01463996060192585
1886510572262,0.6392518877983093,-9.740809440612793,0.7553706169128418,0.0369991734623909,-0.1424068808555603,-0.014906140975654125
1886511809537,0.5722141861915588,-9.75158405303955,0.7589619159698486,0.0351359061896801,-0.1386803537607193,-0.01889885775744915
1886513046825,0.6141127347946167,-9.749189376831055,0.7625532746315002,0.0346035435795784,-0.1357523649930954,-0.01703559048473835
1886514284075,0.5985504388809204,-9.798270225524902,0.7481880187988281,0.0375315360724926,-0.1384141743183136,-0.010647243820130825
1886515521350,0.608127236366272,-9.801861763000488,0.7649474740028381,0.0399271659553051,-0.1453348845243454,-0.008251613937318325
1886516758612,0.5841852426528931,-9.781511306762695,0.7601590752601624,0.0330064557492733,-0.1416083425283432,-0.012510511092841625
1886517995912,0.5889736413955688,-9.806650161743164,0.7864952683448792,0.0348697230219841,-0.1410759836435318,-0.01171196810901165
1886519233175,0.5482721924781799,-9.832986831665039,0.7936778664588928,0.0348697230219841,-0.1418745219707489,-0.0071868896484375
1886520470462,0.5434837937355042,-9.854534149169922,0.7852981686592102,0.0399271659553051,-0.1360185444355011,-0.0037265352439135313
1886521707737,0.5303156971931458,-9.838972091674805,0.8403648138046265,0.0367329902946949,-0.1376156210899353,-0.007453070487827063
1886522945025,0.4991910457611084,-9.832986831665039,0.8008604645729065,0.0364668108522892,-0.1410759836435318,-0.0042588976211845875
1886524182287,0.5434837937355042,-9.81024169921875,0.8259996175765991,0.0385962575674057,-0.1368170827627182,-0.0018632676219567657
1886525419575,0.4908113479614258,-9.860519409179688,0.8367735147476196,0.0367329902946949,-0.1336229145526886,-0.0071868896484375
1886526656862,0.5111620426177979,-9.816226959228516,0.8020575642585754,0.0391286201775074,-0.1392127126455307,0.0
1886527894112,0.5339069962501526,-9.86650562286377,0.7613561749458313,0.0367329902946949,-0.1394788920879364,0.0015970865497365594
1886529131400,0.4991910457611084,-9.864110946655273,0.7481880187988281,0.0338049978017807,-0.1328243613243103,0.0007985432748682797
1886530368687,0.4752490520477295,-9.883264541625977,0.7457938194274902,0.0330064557492733,-0.1352199912071228,-0.0005323622026480734
1886531605937,0.4620809257030487,-9.872490882873535,0.6955155730247498,0.0346035435795784,-0.1325581818819046,0.0026618109550327063
1886532843225,0.4441244304180145,-9.86889934539795,0.7026982307434082,0.0330064557492733,-0.1314934641122818,-0.0010647244052961469
1886534080500,0.43335050344467163,-9.944316864013672,0.7086837291717529,0.03087700717151165,-0.1277669221162796,0.0007985432748682797
1886535317775,0.41778820753097534,-9.943120002746582,0.6967126727104187,0.02794901467859745,-0.1298963725566864,0.0063883461989462376
1886536555050,0.4345476031303406,-9.971850395202637,0.6763619780540466,0.0282151959836483,-0.1275007426738739,0.0026618109550327063
1886537792350,0.3818751871585846,-9.982624053955078,0.6811503767967224,0.02502102218568325,-0.1253712922334671,0.007453070487827063
1886539029612,0.3687070608139038,-9.985018730163574,0.669179379940033,0.0228915736079216,-0.1277669221162796,0.0037265352439135313
1886540266900,0.3758896589279175,-10.002974510192871,0.6871358752250671,0.0204959437251091,-0.1248389333486557,0.005589802749454975
1886541504162,0.4189853072166443,-10.053253173828125,0.6823474764823914,0.0191650390625,-0.1232418492436409,0.014373779296875
1886542741437,0.42856210470199585,-10.08078670501709,0.6919242739677429,0.0167694091796875,-0.1200476735830307,0.01410759799182415
1886543978725,0.4441244304180145,-10.079588890075684,0.6943184733390808,0.010913425125181675,-0.1136593297123909,0.014373779296875
1886545215987,0.4465186297893524,-10.086771965026855,0.669179379940033,0.01224433071911335,-0.119781494140625,0.01410759799182415
1886546453300,0.39624038338661194,-10.071209907531738,0.7158663272857666,0.0071868896484375,-0.1195153146982193,0.014906140975654125
1886547690550,0.456095427274704,-10.056844711303711,0.7182605266571045,0.0021294488105922937,-0.1099327951669693,0.0167694091796875
1886548927825,0.4692635238170624,-10.067618370056152,0.707486629486084,-0.0002661811013240367,-0.1139255091547966,0.0167694091796875
1886550165125,0.45848962664604187,-10.049661636352539,0.7469909191131592,-0.0013309054775163531,-0.1109975129365921,0.0204959437251091
1886551402387,0.5063736438751221,-10.068815231323242,0.7757213711738586,-0.0042588976211845875,-0.1112636998295784,0.0157046839594841
1886552639650,0.5339069962501526,-10.005369186401367,0.7697358727455139,-0.00452507846057415,-0.1141916885972023,0.0191650390625
1886553876937,0.507570743560791,-10.022128105163574,0.7709329724311829,-0.0071868896484375,-0.1117960587143898,0.02502102218568325
1886555114200,0.4908113479614258,-9.951498985290527,0.7745242714881897,-0.010647243820130825,-0.104875348508358,0.0252872034907341
1886556351500,0.49799394607543945,-9.921571731567383,0.7254431247711182,-0.014906140975654125,-0.1086018830537796,0.0276828333735466
1886557588787,0.4920084476470947,-9.923966407775879,0.7709329724311829,-0.0173017717897892,-0.1104651540517807,0.02741665206849575
1886558826050,0.5363011956214905,-9.895236015319824,0.730231523513794,-0.010647243820130825,-0.1086018830537796,0.03087700717151165
1886560063337,0.48482584953308105,-9.904812812805176,0.7398083209991455,-0.014906140975654125,-0.100084088742733,0.0311431884765625
1886561300600,0.4812345504760742,-9.892841339111328,0.730231523513794,-0.0162370465695858,-0.1016811802983284,0.0340711809694767
1886562537875,0.48602294921875,-9.925163269042969,0.7529764175415039,-0.0173017717897892,-0.1024797186255455,0.0372653529047966
1886563775150,0.45010992884635925,-9.888052940368652,0.727837324142456,-0.01756795309484005,-0.1003502756357193,0.033272635191679
1886565012425,0.41778820753097534,-9.906009674072266,0.6979097723960876,-0.0223592109978199,-0.100084088742733,0.0359344482421875
1886566249712,0.3794809579849243,-9.883264541625977,0.7230489253997803,-0.02741665206849575,-0.0995517298579216,0.0409918874502182
1886567486987,0.4010287821292877,-9.859322547912598,0.6919242739677429,-0.0247548408806324,-0.0950266495347023,0.0393948033452034
1886568724275,0.35673606395721436,-9.861717224121094,0.7218518257141113,-0.02129448764026165,-0.0976884588599205,0.0436537005007267
1886569961537,0.35434186458587646,-9.86889934539795,0.707486629486084,-0.0210283063352108,-0.0934295654296875,0.0487111397087574
1886571198812,0.3711012601852417,-9.824606895446777,0.7086837291717529,-0.02422248013317585,-0.0894368439912796,0.0505744069814682
1886572436100,0.36152446269989014,-9.84615421295166,0.6967126727104187,-0.02315775491297245,-0.0854441300034523,0.0484449602663517
1886573673375,0.37828385829925537,-9.799468040466309,0.6979097723960876,-0.0186326764523983,-0.0841132253408432,0.0529700368642807
1886574910650,0.42018240690231323,-9.81143856048584,0.7326257228851318,-0.0204959437251091,-0.0830485001206398,0.0550994873046875
1886576147925,0.39624038338661194,-9.871294021606445,0.707486629486084,-0.0234239362180233,-0.0849117711186409,0.0558980293571949
1886577385200,0.37229835987091064,-9.840168952941895,0.7026982307434082,-0.0223592109978199,-0.0819837749004364,0.057228934019804
1886578622487,0.4058171808719635,-9.822212219238281,0.751779317855835,-0.0228915736079216,-0.0790557861328125,0.057228934019804
1886579859750,0.4405331015586853,-9.858125686645508,0.7649474740028381,-0.0247548408806324,-0.0731998011469841,0.0606892891228199
1886581097012,0.41778820753097534,-9.84256362915039,0.7637503743171692,-0.01756795309484005,-0.06707763671875,0.0564303919672966
1886582334312,0.47644615173339844,-9.782708168029785,0.7781155705451965,-0.0204959437251091,-0.071868896484375,0.0606892891228199
1886583571575,0.4752490520477295,-9.84376049041748,0.7912836670875549,-0.0196974016726017,-0.0734659805893898,0.0657467320561409
1886584808862,0.5339069962501526,-9.841365814208984,0.8044517636299133,-0.01996358297765255,-0.0716027170419693,0.0692070871591568
1886586046150,0.5267243981361389,-9.830592155456543,0.8355764150619507,-0.01836649514734745,-0.0753292515873909,0.0726674422621727
1886587283412,0.4908113479614258,-9.855731010437012,0.8212112188339233,-0.0173017717897892,-0.0697394460439682,0.0660129114985466
1886588520687,0.5219359993934631,-9.818621635437012,0.7793126702308655,-0.0173017717897892,-0.0673438161611557,0.0628187358379364
1886589757975,0.4836287498474121,-9.803058624267578,0.7996633648872375,-0.02076212503015995,-0.0660129114985466,0.0641496405005455
1886590995250,0.4513070285320282,-9.80904483795166,0.7589619159698486,-0.0181003138422966,-0.066545270383358,0.0649481862783432
1886592232525,0.45489832758903503,-9.789891242980957,0.790086567401886,-0.0173017717897892,-0.0638834610581398,0.0668114572763443
1886593469800,0.4812345504760742,-9.77791976928711,0.8152256608009338,-0.02182685025036335,-0.062286376953125,0.0660129114985466
1886594707062,0.47644615173339844,-9.75397777557373,0.7805097699165344,-0.0215606689453125,-0.0543009415268898,0.0692070871591568
1886595944362,0.49559974670410156,-9.692925453186035,0.7852981686592102,-0.01836649514734745,-0.0582936592400074,0.0654805526137352
1886597181625,0.4776432514190674,-9.700108528137207,0.811634361743927,-0.01889885775744915,-0.0630849227309227,0.0654805526137352
1886598418900,0.4944026470184326,-9.704896926879883,0.8008604645729065,-0.01224433071911335,-0.0609554722905159,0.0652143657207489
1886599656187,0.5638344883918762,-9.716867446899414,0.7852981686592102,-0.004791259765625,-0.0601569265127182,0.066545270383358
1886600893475,0.5793968439102173,-9.670180320739746,0.7912836670875549,-0.008251613937318325,-0.0561642125248909,0.0636172816157341
1886602130737,0.5638344883918762,-9.57441234588623,0.8176198601722717,-0.0119781494140625,-0.0516391322016716,0.0612216517329216
1886603368012,0.547075092792511,-9.59596061706543,0.8463503122329712,-0.010647243820130825,-0.04791259765625,0.0564303919672966
1886604605312,0.5315127968788147,-9.616311073303223,0.8367735147476196,-0.01463996060192585,-0.04791259765625,0.0532362200319767
1886605842575,0.5626373887062073,-9.534908294677734,0.8319851160049438,-0.007985432632267475,-0.047646414488554,0.0545671246945858
1886607079837,0.5422866940498352,-9.554061889648438,0.8738836050033569,0.0002661811013240367,-0.0511067695915699,0.0545671246945858
1886608317137,0.5267243981361389,-9.531316757202148,0.8942343592643738,-0.0018632676219567657,-0.0511067695915699,0.0535023994743824
1886609554387,0.5506663918495178,-9.513360977172852,0.8583213090896606,0.0053236219100654125,-0.0449846051633358,0.0417904332280159
1886610791687,0.5171476006507874,-9.458293914794922,0.8571242094039917,0.010114881210029125,-0.0463155098259449,0.0409918874502182
1886612028950,0.4991910457611084,-9.487024307250977,0.8870517611503601,0.01357523538172245,-0.047646414488554,0.0441860631108284
1886613266237,0.4836287498474121,-9.5408935546875,0.8188169598579407,0.01943122036755085,-0.0471140518784523,0.0401933453977108
1886614503500,0.48602294921875,-9.502586364746094,0.8068459630012512,0.0300784632563591,-0.0385962575674057,0.0314093679189682
1886615740775,0.4908113479614258,-9.563638687133789,0.871489405632019,0.0247548408806324,-0.0356682650744915,0.0319417305290699
1886616978062,0.5327098965644836,-9.59715747833252,0.8643068075180054,0.02422248013317585,-0.0404595248401165,0.02874755859375
1886618215325,0.46567222476005554,-9.587580680847168,0.8547300100326538,0.03087700717151165,-0.0375315360724926,0.02981228195130825
1886619452625,0.545877993106842,-9.581595420837402,0.9014169573783875,0.0364668108522892,-0.0367329902946949,0.0223592109978199
1886620689887,0.5602431893348694,-9.63067626953125,0.8667010068893433,0.0412580706179142,-0.033538818359375,0.02369011752307415
1886621927162,0.586579442024231,-9.618705749511719,0.8738836050033569,0.0447184219956398,-0.0351359061896801,0.01836649514734745
1886623164450,0.5506663918495178,-9.670180320739746,0.9169792532920837,0.0455169677734375,-0.0300784632563591,0.014906140975654125
1886624401712,0.5590460896492004,-9.627084732055664,0.9062053561210632,0.042855154722929,-0.0311431884765625,0.010381062515079975
1886625638987,0.5973533391952515,-9.57201862335205,0.8954314589500427,0.0463155098259449,-0.0292799212038517,0.006122165359556675
1886626876275,0.5805939435958862,-9.575610160827637,0.9540894031524658,0.0481787770986557,-0.03034464456140995,-0.0010647244052961469
1886628113575,0.5829881429672241,-9.599552154541016,0.8954314589500427,0.0487111397087574,-0.02874755859375,0.0002661811013240367
1886629350825,0.5219359993934631,-9.57321548461914,0.8870517611503601,0.0543009415268898,-0.02794901467859745,-0.0007985432748682797
1886630588100,0.48961424827575684,-9.619902610778809,0.7912836670875549,0.0574951171875,-0.02741665206849575,-0.0063883461989462376
1886631825400,0.5003881454467773,-9.600749015808105,0.8008604645729065,0.0630849227309227,-0.0268842913210392,-0.010647243820130825
1886633062675,0.48961424827575684,-9.6618013381958,0.7805097699165344,0.0601569265127182,-0.02794901467859745,-0.015438503585755825
1886634299937,0.4058171808719635,-9.762357711791992,0.7745242714881897,0.0668114572763443,-0.02848137728869915,-0.015172322280704975
1886635537212,0.3627215623855591,-9.786299705505371,0.7314286231994629,0.0702718123793602,-0.02848137728869915,-0.01410759799182415
1886636774487,0.3471592366695404,-9.86889934539795,0.7134721279144287,0.0638834610581398,-0.01889885775744915,-0.01597086526453495
1886638011787,0.363918662071228,-9.910798072814941,0.7170634269714355,0.0702718123793602,-0.0181003138422966,-0.01783413253724575
1886639249037,0.38905778527259827,-9.939528465270996,0.7230489253997803,0.0697394460439682,-0.0191650390625,-0.01650322787463665
1886640486337,0.4118027091026306,-9.980230331420898,0.7625532746315002,0.0700056254863739,-0.01171196810901165,-0.01756795309484005
1886641723600,0.3770867586135864,-10.005369186401367,0.7266402244567871,0.0734659805893898,-0.013042873702943325,-0.015438503585755825
1886642960900,0.41299980878829956,-10.042479515075684,0.7589619159698486,0.0702718123793602,-0.01117960549890995,-0.0173017717897892
1886644198162,0.4082113802433014,-10.030508041381836,0.7649474740028381,0.0646820068359375,-0.010913425125181675,-0.01597086526453495
1886645435437,0.44771572947502136,-10.072406768798828,0.768538773059845,0.0598907470703125,-0.008783976547420025,-0.02022976242005825
1886646672725,0.4572925269603729,-10.032902717590332,0.7541735172271729,0.0598907470703125,-0.013309055007994175,-0.013042873702943325
1886647910000,0.4429273307323456,-10.005369186401367,0.7912836670875549,0.0561642125248909,-0.01117960549890995,-0.013309055007994175
1886649147262,0.456095427274704,-10.020931243896484,0.7960720658302307,0.0537685826420784,-0.00692070834338665,-0.01357523538172245
1886650384525,0.46088382601737976,-10.013749122619629,0.7613561749458313,0.0508405901491642,-0.0018632676219567657,-0.0138414166867733
1886651621825,0.46806642413139343,-9.98980712890625,0.8080430626869202,0.0511067695915699,-0.00692070834338665,-0.014906140975654125
1886652859087,0.5195418000221252,-9.994595527648926,0.7960720658302307,0.0487111397087574,-0.0063883461989462376,-0.00931633822619915
1886654096375,0.5291185975074768,-9.995792388916016,0.7793126702308655,0.0508405901491642,-0.0029279920272529125,-0.006122165359556675
1886655333650,0.52552729845047,-9.953893661499023,0.7793126702308655,0.0377977155148983,-0.004791259765625,-0.01463996060192585
1886656570937,0.5422866940498352,-9.963470458984375,0.788889467716217,0.0409918874502182,-0.0002661811013240367,-0.014373779296875
1886657808200,0.5267243981361389,-9.943120002746582,0.7864952683448792,0.0471140518784523,0.0,-0.008251613937318325
1886659045475,0.5051765441894531,-9.955090522766113,0.7793126702308655,0.0420566126704216,-0.0015970865497365594,-0.008517795242369175
1886660282762,0.5123591423034668,-9.947908401489258,0.7709329724311829,0.0407257080078125,-0.0039927163161337376,-0.00931633822619915
1886661520037,0.46088382601737976,-9.96945571899414,0.7122750282287598,0.0441860631108284,-0.0010647244052961469,-0.00931633822619915
1886662757337,0.48243165016174316,-9.946710586547852,0.751779317855835,0.0409918874502182,-0.0018632676219567657,-0.0119781494140625
1886663994612,0.5039794445037842,-9.952696800231934,0.7529764175415039,0.0356682650744915,-0.0015970865497365594,-0.005855984054505825
1886665231900,0.4596867263317108,-9.93354320526123,0.7781155705451965,0.0362006276845932,0.0002661811013240367,-0.010381062515079975
1886666469150,0.4441244304180145,-9.99339771270752,0.7386112213134766,0.0362006276845932,0.00692070834338665,-0.008251613937318325
1886667706437,0.4920084476470947,-9.97065258026123,0.7697358727455139,0.02981228195130825,0.00692070834338665,-0.007985432632267475
1886668943725,0.52552729845047,-9.961075782775879,0.8164227604866028,0.03087700717151165,0.0039927163161337376,-0.0066545275039970875
1886670180975,0.5099649429321289,-9.938331604003906,0.8068459630012512,0.0271504707634449,0.0015970865497365594,-0.0039927163161337376
1886671418262,0.456095427274704,-9.919178009033203,0.7996633648872375,0.0282151959836483,0.0015970865497365594,-0.0066545275039970875
1886672655525,0.5003881454467773,-9.896432876586914,0.7936778664588928,0.02901373989880085,-0.0007985432748682797,-0.0090501569211483
1886673892812,0.4884171485900879,-9.886856079101562,0.8224083185195923,0.02874755859375,-0.0010647244052961469,-0.0063883461989462376
1886675130100,0.5159504413604736,-9.895236015319824,0.8092401623725891,0.02608574740588665,0.00692070834338665,-0.00452507846057415
1886676367362,0.47884035110473633,-9.882067680358887,0.8212112188339233,0.02901373989880085,0.005589802749454975,-0.0023956298828125
1886677604650,0.47884035110473633,-9.922768592834473,0.812831461429596,0.0252872034907341,0.00452507846057415,-0.0090501569211483
1886678841937,0.47884035110473633,-9.908403396606445,0.8415619134902954,0.0244886614382267,0.0066545275039970875,-0.0090501569211483
1886680079212,0.4465186297893524,-9.919178009033203,0.8068459630012512,0.02182685025036335,0.00452507846057415,-0.0002661811013240367
1886681316475,0.5231330990791321,-9.93354320526123,0.8259996175765991,0.0223592109978199,0.0119781494140625,0.0015970865497365594
1886682553775,0.5063736438751221,-9.956287384033203,0.8176198601722717,0.0258195661008358,0.013042873702943325,0.0026618109550327063
1886683791050,0.4752490520477295,-9.959878921508789,0.7613561749458313,0.02502102218568325,0.00958251953125,-0.0031941730994731188
1886685028325,0.47644615173339844,-10.012551307678223,0.7757213711738586,0.02262539230287075,0.01463996060192585,0.0
1886686265600,0.5039794445037842,-10.002974510192871,0.768538773059845,0.01889885775744915,0.0186326764523983,0.0018632676219567657
1886687502887,0.48961424827575684,-9.99220085144043,0.811634361743927,0.0173017717897892,0.0167694091796875,0.0037265352439135313
1886688740150,0.507570743560791,-10.028114318847656,0.8032546639442444,0.0186326764523983,0.01463996060192585,0.005057440605014563
1886689977425,0.5351040959358215,-10.028114318847656,0.7936778664588928,0.0162370465695858,0.015172322280704975,0.0007985432748682797
1886691214712,0.5279214978218079,-9.979032516479492,0.7996633648872375,0.01463996060192585,0.015438503585755825,0.0063883461989462376
1886692451962,0.5291185975074768,-9.987412452697754,0.8044517636299133,0.010913425125181675,0.01756795309484005,0.0021294488105922937
1886693689262,0.5578489899635315,-10.032902717590332,0.8200140595436096,0.010114881210029125,0.02422248013317585,0.0029279920272529125
1886694926537,0.5159504413604736,-10.034099578857422,0.8559271097183228,0.01703559048473835,0.01889885775744915,0.005057440605014563
1886696163812,0.5746083855628967,-10.046070098876953,0.812831461429596,0.0167694091796875,0.015438503585755825,0.005057440605014563
1886697401075,0.5722141861915588,-10.040084838867188,0.8846575617790222,0.015438503585755825,0.01889885775744915,0.0053236219100654125
1886698638375,0.5590460896492004,-10.108319282531738,0.8535329103469849,0.00958251953125,0.01463996060192585,0.0023956298828125
1886699875637,0.5722141861915588,-10.157401084899902,0.8008604645729065,0.010381062515079975,0.02182685025036335,0.0007985432748682797
1886701112925,0.5542576909065247,-10.212467193603516,0.8559271097183228,0.012510511092841625,0.02315775491297245,0.0071868896484375
1886702350212,0.5901707410812378,-10.249577522277832,0.8643068075180054,0.0063883461989462376,0.02076212503015995,0.004791259765625
1886703587487,0.5937620401382446,-10.2747163772583,0.8104372620582581,0.005855984054505825,0.0204959437251091,0.004791259765625
1886704824762,0.6117185354232788,-10.321403503417969,0.790086567401886,0.00452507846057415,0.0173017717897892,0.0013309054775163531
1886706062025,0.6548141837120056,-10.345345497131348,0.8643068075180054,-0.0039927163161337376,0.0234239362180233,0.0018632676219567657
1886707299325,0.6524199843406677,-10.277111053466797,0.8571242094039917,-0.0010647244052961469,0.01996358297765255,0.0053236219100654125
1886708536587,0.689530074596405,-10.278307914733887,0.8547300100326538,-0.0005323622026480734,0.0173017717897892,0.0090501569211483
1886709773875,0.7015011310577393,-10.243592262268066,0.8750807046890259,-0.01224433071911335,0.01943122036755085,0.012510511092841625
1886711011150,0.7625532746315002,-10.126276016235352,0.9241618514060974,-0.0173017717897892,0.0162370465695858,0.014373779296875
1886712248437,0.7541735172271729,-10.095151901245117,0.9313444495201111,-0.0204959437251091,0.012776692397892475,0.01756795309484005
1886713485712,0.7266402244567871,-10.004172325134277,0.9085995554924011,-0.02555338479578495,0.01410759799182415,0.0204959437251091
1886714722987,0.7398083209991455,-9.944316864013672,0.950498104095459,-0.0306108258664608,0.02022976242005825,0.01171196810901165
1886715960250,0.7182605266571045,-9.891644477844238,0.9457097053527832,-0.0276828333735466,0.0162370465695858,0.02369011752307415
1886717197525,0.689530074596405,-9.84376049041748,0.9600749015808105,-0.0330064557492733,0.01756795309484005,0.0234239362180233
1886718434800,0.6189011335372925,-9.793481826782227,0.9540894031524658,-0.0346035435795784,0.0157046839594841,0.0271504707634449
1886719672087,0.5961562395095825,-9.749189376831055,0.9241618514060974,-0.0306108258664608,0.012510511092841625,0.0314093679189682
1886720909387,0.5327098965644836,-9.701305389404297,0.9600749015808105,-0.0292799212038517,0.015438503585755825,0.0324740931391716
1886722146662,0.5267243981361389,-9.716867446899414,0.8762778043746948,-0.0314093679189682,0.0162370465695858,0.033272635191679
1886723383912,0.49799394607543945,-9.68574333190918,0.851138710975647,-0.02848137728869915,0.01703559048473835,0.0391286201775074
1886724621212,0.5171476006507874,-9.700108528137207,0.8391677141189575,-0.0276828333735466,0.01836649514734745,0.0393948033452034
1886725858500,0.48482584953308105,-9.75397777557373,0.8667010068893433,-0.02608574740588665,0.0220930315554142,0.0367329902946949
1886727095762,0.47405195236206055,-9.789891242980957,0.8152256608009338,-0.02848137728869915,0.0220930315554142,0.042855154722929
1886728333025,0.4620809257030487,-9.859322547912598,0.8307880163192749,-0.03034464456140995,0.0244886614382267,0.0452507846057415
1886729570312,0.4967968463897705,-9.870096206665039,0.8391677141189575,-0.03087700717151165,0.02129448764026165,0.0412580706179142
1886730807600,0.5123591423034668,-9.86889934539795,0.8200140595436096,-0.0295461006462574,0.0234239362180233,0.0391286201775074
1886732044862,0.5219359993934631,-9.962273597717285,0.8643068075180054,-0.0316755510866642,0.0191650390625,0.0391286201775074
1886733282137,0.5315127968788147,-9.967061996459961,0.812831461429596,-0.0292799212038517,0.023956298828125,0.0439198799431324
1886734519425,0.5877765417098999,-10.007762908935547,0.8188169598579407,-0.03087700717151165,0.02129448764026165,0.0441860631108284
1886735756700,0.5494692921638489,-10.028114318847656,0.8678981065750122,-0.0330064557492733,0.0157046839594841,0.0455169677734375
1886736993987,0.5889736413955688,-10.008960723876953,0.8930372595787048,-0.0393948033452034,0.0306108258664608,0.0497758649289608
1886738231250,0.6093243360519409,-10.049661636352539,0.8954314589500427,-0.0401933453977108,0.0311431884765625,0.0449846051633358
1886739468537,0.568622887134552,-10.012551307678223,0.8846575617790222,-0.0396609827876091,0.0220930315554142,0.0487111397087574
1886740705812,0.646434485912323,-10.042479515075684,0.8870517611503601,-0.0412580706179142,0.023956298828125,0.0508405901491642
1886741943087,0.6607996821403503,-10.02571964263916,0.8846575617790222,-0.0412580706179142,0.02608574740588665,0.0500420443713665
1886743180362,0.6967126727104187,-10.020931243896484,0.8702923059463501,-0.0468478724360466,0.0220930315554142,0.0566965714097023
1886744417650,0.6572083830833435,-9.971850395202637,0.8918401598930359,-0.0468478724360466,0.0263519287109375,0.0543009415268898
1886745654937,0.6512228846549988,-9.9586820602417,0.9253589510917664,-0.0516391322016716,0.0300784632563591,0.0540347620844841
1886746892200,0.690727174282074,-9.914389610290527,0.8978256583213806,-0.0516391322016716,0.0223592109978199,0.0537685826420784
1886748129475,0.667982280254364,-9.897629737854004,0.8547300100326538,-0.0529700368642807,0.0204959437251091,0.0561642125248909
1886749366762,0.6715735793113708,-9.860519409179688,0.8846575617790222,-0.0532362200319767,0.02555338479578495,0.0598907470703125
1886750604025,0.6536170840263367,-9.84376049041748,0.9205705523490906,-0.0468478724360466,0.02555338479578495,0.0609554722905159
1886751841312,0.6655880808830261,-9.807847023010254,0.871489405632019,-0.0497758649289608,0.02555338479578495,0.0569627545773983
1886753078600,0.7170634269714355,-9.762357711791992,0.8978256583213806,-0.0548333041369915,0.0276828333735466,0.0564303919672966
1886754315862,0.690727174282074,-9.713275909423828,0.8978256583213806,-0.0519053116440773,0.02422248013317585,0.0585598424077034
1886755553137,0.689530074596405,-9.71926212310791,0.8978256583213806,-0.0521714948117733,0.0258195661008358,0.0529700368642807
1886756790437,0.6919242739677429,-9.680954933166504,0.9241618514060974,-0.0468478724360466,0.0252872034907341,0.0532362200319767
1886758027725,0.7218518257141113,-9.668983459472656,0.9074024558067322,-0.042855154722929,0.0228915736079216,0.0508405901491642
1886759264975,0.727837324142456,-9.655815124511719,0.871489405632019,-0.0425889752805233,0.02502102218568325,0.0540347620844841
1886760502262,0.7050924301147461,-9.633070945739746,0.8906430602073669,-0.0412580706179142,0.02502102218568325,0.0511067695915699
1886761739525,0.7350199222564697,-9.637859344482422,0.8906430602073669,-0.042855154722929,0.0223592109978199,0.0460493303835392
1886762976837,0.7194576263427734,-9.606734275817871,0.8942343592643738,-0.0441860631108284,0.01996358297765255,0.0441860631108284
1886764214087,0.7194576263427734,-9.57441234588623,0.933738648891449,-0.0377977155148983,0.01836649514734745,0.047646414488554
1886765451362,0.7182605266571045,-9.545681953430176,0.9349357485771179,-0.033538818359375,0.01756795309484005,0.0433875173330307
1886766688650,0.7230489253997803,-9.568427085876465,0.9002198576927185,-0.02901373989880085,0.01889885775744915,0.0412580706179142
1886767925912,0.6428431868553162,-9.549273490905762,0.9169792532920837,-0.0268842913210392,0.0157046839594841,0.0359344482421875
1886769163212,0.629675030708313,-9.530119895935059,0.9038111567497253,-0.02369011752307415,0.01783413253724575,0.0338049978017807
1886770400487,0.6440402865409851,-9.542091369628906,0.8906430602073669,-0.01703559048473835,0.014373779296875,0.0362006276845932
1886771637750,0.646434485912323,-9.609128952026367,0.8942343592643738,-0.01171196810901165,0.01703559048473835,0.02981228195130825
1886772875037,0.6512228846549988,-9.581595420837402,0.872686505317688,-0.014373779296875,0.01889885775744915,0.0263519287109375
1886774112312,0.608127236366272,-9.646238327026367,0.8930372595787048,-0.007985432632267475,0.02076212503015995,0.02741665206849575
1886775349587,0.6248866319656372,-9.648633003234863,0.8678981065750122,-0.004791259765625,0.0220930315554142,0.02315775491297245
1886776586875,0.6224924325942993,-9.66299819946289,0.8822633624076843,-0.0010647244052961469,0.01783413253724575,0.0186326764523983
1886777824150,0.5925649404525757,-9.703699111938477,0.8930372595787048,0.0005323622026480734,0.015172322280704975,0.02076212503015995
1886779061437,0.6308721303939819,-9.716867446899414,0.8583213090896606,-0.0007985432748682797,0.01703559048473835,0.014373779296875
1886780298712,0.6572083830833435,-9.77672290802002,0.8439561128616333,0.0,0.01756795309484005,0.013042873702943325
1886781535987,0.6715735793113708,-9.765949249267578,0.8343793153762817,-0.0015970865497365594,0.00931633822619915,0.01783413253724575
1886782773262,0.6607996821403503,-9.770737648010254,0.8870517611503601,-0.0018632676219567657,0.014906140975654125,0.0173017717897892
1886784010537,0.6655880808830261,-9.787496566772461,0.7924807667732239,0.0042588976211845875,0.01597086526453495,0.015438503585755825
1886785247800,0.6392518877983093,-9.84256362915039,0.8092401623725891,0.005057440605014563,0.0114457868039608,0.012510511092841625
1886786485100,0.6883329749107361,-9.813833236694336,0.8044517636299133,0.0037265352439135313,0.01357523538172245,0.00958251953125
1886787722375,0.6919242739677429,-9.819818496704102,0.8319851160049438,0.00452507846057415,0.01650322787463665,0.014906140975654125
1886788959650,0.7146692276000977,-9.84256362915039,0.8259996175765991,0.0039927163161337376,0.01117960549890995,0.01357523538172245
1886790196925,0.6572083830833435,-9.84376049041748,0.8140285611152649,-0.0005323622026480734,0.0077192517928779125,0.013309055007994175
1886791434212,0.6536170840263367,-9.823410034179688,0.8080430626869202,0.0021294488105922937,0.008251613937318325,0.0063883461989462376
1886792671487,0.5985504388809204,-9.816226959228516,0.8559271097183228,0.0029279920272529125,0.010381062515079975,0.008783976547420025
1886793908775,0.6009446382522583,-9.793481826782227,0.8403648138046265,-0.0018632676219567657,0.00958251953125,0.008517795242369175
1886795146037,0.6045359373092651,-9.783905029296875,0.7829039692878723,0.0007985432748682797,0.007453070487827063,0.01171196810901165
1886796383325,0.6200982332229614,-9.785102844238281,0.7781155705451965,0.0026618109550327063,0.0119781494140625,0.0119781494140625
1886797620600,0.6356605291366577,-9.781511306762695,0.7757213711738586,0.0023956298828125,0.008517795242369175,0.00692070834338665
1886798857887,0.6320692300796509,-9.787496566772461,0.7972691655158997,-0.0002661811013240367,0.003460354171693325,0.00984870083630085
1886800095150,0.6141127347946167,-9.81024169921875,0.7757213711738586,0.0007985432748682797,0.0114457868039608,0.010381062515079975
1886801332437,0.628477931022644,-9.781511306762695,0.7601590752601624,0.003460354171693325,0.00931633822619915,0.0090501569211483
1886802569712,0.6272808313369751,-9.7791166305542,0.7637503743171692,0.0015970865497365594,0.00452507846057415,0.00931633822619915
1886803806975,0.608127236366272,-9.72165584564209,0.7864952683448792,-0.0023956298828125,0.008251613937318325,0.00692070834338665
1886805044262,0.6380547285079956,-9.695320129394531,0.7972691655158997,-0.0015970865497365594,0.010647243820130825,0.007985432632267475
1886806281537,0.5554547905921936,-9.649829864501953,0.8020575642585754,0.0023956298828125,0.0063883461989462376,0.008517795242369175
1886807518825,0.6129156351089478,-9.68933391571045,0.7864952683448792,0.0018632676219567657,0.004791259765625,0.008517795242369175
1886808756112,0.6105214357376099,-9.670180320739746,0.7254431247711182,0.0007985432748682797,0.0037265352439135313,0.0090501569211483
1886809993362,0.5590460896492004,-9.609128952026367,0.7817068696022034,0.007985432632267475,0.0013309054775163531,0.0090501569211483
1886811230637,0.6021417379379272,-9.616311073303223,0.7948749661445618,0.00931633822619915,0.00984870083630085,0.0031941730994731188
1886812467937,0.6057330369949341,-9.62947940826416,0.7314286231994629,0.008251613937318325,0.0053236219100654125,0.0039927163161337376
1886813705212,0.547075092792511,-9.588777542114258,0.7960720658302307,0.010913425125181675,-0.0018632676219567657,0.010647243820130825
1886814942500,0.5734112858772278,-9.62828254699707,0.7457938194274902,0.01117960549890995,-0.0018632676219567657,0.01357523538172245
1886816179775,0.6105214357376099,-9.618705749511719,0.751779317855835,0.014373779296875,-0.0010647244052961469,0.008251613937318325
1886817417062,0.5674257874488831,-9.62828254699707,0.751779317855835,0.01117960549890995,-0.0039927163161337376,0.0071868896484375
1886818654325,0.586579442024231,-9.637859344482422,0.8020575642585754,0.0181003138422966,-0.0013309054775163531,0.0066545275039970875
1886819891612,0.6189011335372925,-9.660603523254395,0.7601590752601624,0.02129448764026165,-0.0029279920272529125,0.0063883461989462376
1886821128887,0.6021417379379272,-9.654618263244629,0.7876923680305481,0.02182685025036335,-0.0037265352439135313,0.0021294488105922937
1886822366150,0.6105214357376099,-9.749189376831055,0.8056488633155823,0.0215606689453125,-0.0037265352439135313,0.0005323622026480734
1886823603425,0.669179379940033,-9.75397777557373,0.7733271718025208,0.0263519287109375,-0.006122165359556675,0.0053236219100654125
1886824840712,0.7110779285430908,-9.769539833068848,0.7960720658302307,0.0282151959836483,-0.005855984054505825,0.0071868896484375
1886826078000,0.6572083830833435,-9.817423820495605,0.8176198601722717,0.0263519287109375,-0.006122165359556675,0.00452507846057415
1886827315275,0.6572083830833435,-9.821015357971191,0.8032546639442444,0.0271504707634449,-0.010114881210029125,0.0031941730994731188
1886828552550,0.6524199843406677,-9.795876502990723,0.8463503122329712,0.0300784632563591,-0.01357523538172245,-0.0029279920272529125
1886829789825,0.6548141837120056,-9.822212219238281,0.7960720658302307,0.02661811001598835,-0.0114457868039608,-0.0013309054775163531
1886831027112,0.6643909811973572,-9.800664901733398,0.812831461429596,0.0282151959836483,-0.0138414166867733,0.003460354171693325
1886832264400,0.629675030708313,-9.840168952941895,0.7936778664588928,0.02981228195130825,-0.01889885775744915,0.0013309054775163531
1886833501675,0.5817910432815552,-9.818621635437012,0.8056488633155823,0.02901373989880085,-0.0181003138422966,-0.0013309054775163531
1886834738962,0.6033388376235962,-9.799468040466309,0.7733271718025208,0.033538818359375,-0.0252872034907341,0.0018632676219567657
1886835976212,0.6105214357376099,-9.780314445495605,0.768538773059845,0.0314093679189682,-0.0181003138422966,0.0005323622026480734
1886837213500,0.585382342338562,-9.795876502990723,0.8403648138046265,0.03034464456140995,-0.01703559048473835,0.0026618109550327063
1886838450762,0.5602431893348694,-9.739612579345703,0.7577648162841797,0.03034464456140995,-0.02076212503015995,-0.0002661811013240367
1886839688062,0.5434837937355042,-9.750386238098145,0.7529764175415039,0.0319417305290699,-0.02422248013317585,0.0029279920272529125
1886840925350,0.545877993106842,-9.780314445495605,0.7960720658302307,0.02794901467859745,-0.0210283063352108,0.0023956298828125
1886842162637,0.5985504388809204,-9.739612579345703,0.8224083185195923,0.02901373989880085,-0.0228915736079216,-0.0042588976211845875
1886843399875,0.568622887134552,-9.715670585632324,0.7864952683448792,0.0306108258664608,-0.0228915736079216,0.0015970865497365594
1886844637175,0.5183447003364563,-9.724050521850586,0.7924807667732239,0.02848137728869915,-0.02262539230287075,0.0071868896484375
1886845874450,0.5482721924781799,-9.697713851928711,0.7817068696022034,0.02848137728869915,-0.02422248013317585,0.00452507846057415
1886847111725,0.5817910432815552,-9.706093788146973,0.8212112188339233,0.0343373604118824,-0.01996358297765255,0.0071868896484375
1886848349012,0.5578489899635315,-9.707290649414062,0.7829039692878723,0.0356682650744915,-0.02022976242005825,0.0042588976211845875
1886849586300,0.5506663918495178,-9.740809440612793,0.7625532746315002,0.03034464456140995,-0.0191650390625,-0.0002661811013240367
1886850823562,0.5482721924781799,-9.733627319335938,0.7972691655158997,0.0346035435795784,-0.0210283063352108,-0.0005323622026480734
1886852060825,0.5374982953071594,-9.703699111938477,0.7936778664588928,0.0412580706179142,-0.0228915736079216,0.005589802749454975
1886853298112,0.5602431893348694,-9.728838920593262,0.7541735172271729,0.0377977155148983,-0.02129448764026165,0.008251613937318325
1886854535387,0.52552729845047,-9.747992515563965,0.7374141216278076,0.0351359061896801,-0.01996358297765255,0.0
1886855772687,0.5446808934211731,-9.768342971801758,0.7805097699165344,0.0340711809694767,-0.02422248013317585,-0.0015970865497365594
1886857009950,0.5111620426177979,-9.800664901733398,0.7852981686592102,0.0388624407351017,-0.02608574740588665,-0.0013309054775163531
1886858247225,0.5315127968788147,-9.861717224121094,0.7529764175415039,0.0407257080078125,-0.0258195661008358,0.0002661811013240367
1886859484525,0.5985504388809204,-9.861717224121094,0.7493851184844971,0.0377977155148983,-0.0263519287109375,0.0002661811013240367
1886860721800,0.6021417379379272,-9.822212219238281,0.7841010689735413,0.0356682650744915,-0.02741665206849575,-0.0042588976211845875
1886861959075,0.629675030708313,-9.853337287902832,0.7829039692878723,0.0369991734623909,-0.0276828333735466,0.0021294488105922937
1886863196350,0.5901707410812378,-9.86650562286377,0.7457938194274902,0.0385962575674057,-0.02901373989880085,-0.0007985432748682797
1886864433625,0.5662286877632141,-9.941922187805176,0.751779317855835,0.0372653529047966,-0.02794901467859745,-0.0015970865497365594
1886865670875,0.6224924325942993,-9.860519409179688,0.7613561749458313,0.0314093679189682,-0.02555338479578495,-0.006122165359556675
1886866908187,0.5805939435958862,-9.871294021606445,0.750582218170166,0.0324740931391716,-0.0268842913210392,-0.0018632676219567657
1886868145450,0.5650315880775452,-9.865307807922363,0.750582218170166,0.0295461006462574,-0.0282151959836483,-0.0053236219100654125
1886869382725,0.5578489899635315,-9.897629737854004,0.7625532746315002,0.02661811001598835,-0.02981228195130825,-0.0015970865497365594
1886870620012,0.5578489899635315,-9.86650562286377,0.8008604645729065,0.02502102218568325,-0.03087700717151165,0.0021294488105922937
1886871857287,0.5315127968788147,-9.856928825378418,0.7529764175415039,0.0354020856320858,-0.0319417305290699,-0.0005323622026480734
1886873094575,0.5183447003364563,-9.837775230407715,0.7972691655158997,0.0282151959836483,-0.0247548408806324,-0.0010647244052961469
1886874331850,0.49320554733276367,-9.847352027893066,0.811634361743927,0.0258195661008358,-0.02874755859375,0.0018632676219567657
1886875569137,0.47884035110473633,-9.840168952941895,0.7445967197418213,0.0282151959836483,-0.02741665206849575,0.0010647244052961469
1886876806400,0.5315127968788147,-9.831789016723633,0.829590916633606,0.0258195661008358,-0.0292799212038517,0.0023956298828125
1886878043675,0.4967968463897705,-9.84495735168457,0.7984662652015686,0.0244886614382267,-0.0271504707634449,-0.0013309054775163531
1886879280950,0.4668693244457245,-9.791088104248047,0.7757213711738586,0.02422248013317585,-0.023956298828125,-0.0021294488105922937
1886880518250,0.5123591423034668,-9.761160850524902,0.7697358727455139,0.0210283063352108,-0.0252872034907341,-0.0002661811013240367
1886881755512,0.5327098965644836,-9.785102844238281,0.7589619159698486,0.0181003138422966,-0.02555338479578495,-0.0013309054775163531
1886882992812,0.5303156971931458,-9.7791166305542,0.8056488633155823,0.0215606689453125,-0.03034464456140995,0.0013309054775163531
1886884230075,0.6009446382522583,-9.743204116821289,0.8259996175765991,0.0228915736079216,-0.0295461006462574,0.0039927163161337376
1886885467362,0.5590460896492004,-9.720458984375,0.8307880163192749,0.0234239362180233,-0.02315775491297245,0.0007985432748682797
1886886704637,0.5554547905921936,-9.757569313049316,0.8032546639442444,0.02129448764026165,-0.02741665206849575,0.0018632676219567657
1886887941925,0.5722141861915588,-9.739612579345703,0.8343793153762817,0.02076212503015995,-0.0282151959836483,-0.0013309054775163531
1886889179200,0.5877765417098999,-9.744400978088379,0.8092401623725891,0.02076212503015995,-0.03034464456140995,-0.0039927163161337376
1886890416462,0.5674257874488831,-9.728838920593262,0.8236054182052612,0.023956298828125,-0.0268842913210392,-0.0039927163161337376
1886891653750,0.5530605912208557,-9.782708168029785,0.8391677141189575,0.02608574740588665,-0.0223592109978199,-0.0037265352439135313
1886892891025,0.5805939435958862,-9.749189376831055,0.7805097699165344,0.0220930315554142,-0.0210283063352108,-0.007985432632267475
1886894128300,0.5530605912208557,-9.739612579345703,0.8056488633155823,0.02182685025036335,-0.0234239362180233,-0.007453070487827063
1886895365587,0.5506663918495178,-9.78869342803955,0.8271967172622681,0.02608574740588665,-0.0295461006462574,-0.0039927163161337376
1886896602875,0.5434837937355042,-9.77791976928711,0.8188169598579407,0.0258195661008358,-0.033272635191679,-0.00452507846057415
1886897840137,0.5422866940498352,-9.817423820495605,0.8092401623725891,0.02555338479578495,-0.02741665206849575,-0.0071868896484375
1886899077425,0.49320554733276367,-9.825803756713867,0.8331822156906128,0.0268842913210392,-0.0244886614382267,-0.008783976547420025
1886900314700,0.5303156971931458,-9.785102844238281,0.829590916633606,0.0210283063352108,-0.02315775491297245,-0.010647243820130825
1886901551987,0.5386953949928284,-9.819818496704102,0.8080430626869202,0.0223592109978199,-0.0268842913210392,-0.012510511092841625
1886902789237,0.5363011956214905,-9.793481826782227,0.8164227604866028,0.02422248013317585,-0.0268842913210392,-0.015438503585755825
1886904026537,0.5231330990791321,-9.797073364257812,0.7781155705451965,0.01996358297765255,-0.0228915736079216,-0.014906140975654125
1886905263812,0.5554547905921936,-9.827000617980957,0.8008604645729065,0.02741665206849575,-0.0228915736079216,-0.01117960549890995
1886906501100,0.5422866940498352,-9.837775230407715,0.8236054182052612,0.0252872034907341,-0.0220930315554142,-0.008251613937318325
1886907738375,0.5135562419891357,-9.861717224121094,0.8379706144332886,0.0223592109978199,-0.0228915736079216,-0.015438503585755825
1886908975637,0.5494692921638489,-9.865307807922363,0.8200140595436096,0.0223592109978199,-0.02129448764026165,-0.0181003138422966
1886910212937,0.5111620426177979,-9.848548889160156,0.851138710975647,0.0300784632563591,-0.02182685025036335,-0.014373779296875
1886911450237,0.5195418000221252,-9.8784761428833,0.8236054182052612,0.02874755859375,-0.02369011752307415,-0.012510511092841625
1886912687487,0.5446808934211731,-9.86650562286377,0.8415619134902954,0.0210283063352108,-0.0167694091796875,-0.014906140975654125
1886913924762,0.5422866940498352,-9.852140426635742,0.8463503122329712,0.02608574740588665,-0.014373779296875,-0.014906140975654125
1886915162050,0.5542576909065247,-9.84256362915039,0.8523358106613159,0.0244886614382267,-0.0234239362180233,-0.01783413253724575
1886916399312,0.5506663918495178,-9.860519409179688,0.8331822156906128,0.0258195661008358,-0.0215606689453125,-0.01117960549890995
1886917636600,0.5111620426177979,-9.888052940368652,0.8176198601722717,0.02794901467859745,-0.015172322280704975,-0.01117960549890995
1886918873875,0.5207388997077942,-9.860519409179688,0.871489405632019,0.0244886614382267,-0.01463996060192585,-0.00958251953125
1886920111162,0.5267243981361389,-9.853337287902832,0.8810662031173706,0.02076212503015995,-0.0196974016726017,-0.00958251953125
1886921348425,0.4884171485900879,-9.877279281616211,0.8391677141189575,0.02182685025036335,-0.01783413253724575,-0.0077192517928779125
1886922585712,0.5267243981361389,-9.917980194091797,0.8248025178909302,0.02422248013317585,-0.0191650390625,-0.01171196810901165
1886923822987,0.4908113479614258,-9.895236015319824,0.8271967172622681,0.0210283063352108,-0.02369011752307415,-0.01117960549890995
1886925060287,0.50876784324646,-9.864110946655273,0.7972691655158997,0.02262539230287075,-0.0162370465695858,-0.01463996060192585
1886926297550,0.47165775299072266,-9.880870819091797,0.7948749661445618,0.0247548408806324,-0.010647243820130825,-0.0119781494140625
1886927534825,0.4728548526763916,-9.9000244140625,0.8068459630012512,0.0191650390625,-0.015438503585755825,-0.01171196810901165
1886928772112,0.49559974670410156,-9.922768592834473,0.7864952683448792,0.0210283063352108,-0.0157046839594841,-0.010381062515079975
1886930009400,0.5015852451324463,-9.928754806518555,0.7972691655158997,0.0210283063352108,-0.014373779296875,-0.007985432632267475
1886931246675,0.5398924946784973,-9.904812812805176,0.7326257228851318,0.01943122036755085,-0.013042873702943325,-0.013309055007994175
1886932483950,0.4620809257030487,-9.941922187805176,0.7781155705451965,0.0234239362180233,-0.014906140975654125,-0.01357523538172245
1886933721225,0.5386953949928284,-9.953893661499023,0.8008604645729065,0.01943122036755085,-0.0138414166867733,-0.01783413253724575
1886934958500,0.4991910457611084,-9.946710586547852,0.8355764150619507,0.0191650390625,-0.01117960549890995,-0.01357523538172245
1886936195787,0.5434837937355042,-9.928754806518555,0.7972691655158997,0.014906140975654125,-0.00931633822619915,-0.0167694091796875
1886937433050,0.5123591423034668,-9.946710586547852,0.8020575642585754,0.01463996060192585,-0.005855984054505825,-0.014906140975654125
1886938670325,0.5351040959358215,-9.977835655212402,0.8092401623725891,0.013042873702943325,-0.0066545275039970875,-0.01224433071911335
1886939907637,0.5111620426177979,-9.941922187805176,0.8068459630012512,0.01756795309484005,-0.010114881210029125,-0.01224433071911335
1886941144887,0.5398924946784973,-9.96945571899414,0.8212112188339233,0.0162370465695858,-0.004791259765625,-0.010381062515079975
1886942382187,0.49559974670410156,-9.926360130310059,0.851138710975647,0.010913425125181675,-0.008251613937318325,-0.005855984054505825
1886943619450,0.49559974670410156,-9.955090522766113,0.9002198576927185,0.01224433071911335,-0.008783976547420025,-0.010381062515079975
1886944856725,0.4991910457611084,-9.907206535339355,0.8786720037460327,0.0119781494140625,-0.006122165359556675,-0.012510511092841625
1886946094012,0.5374982953071594,-9.9371337890625,0.8631097078323364,0.014373779296875,-0.007453070487827063,-0.0090501569211483
1886947331287,0.5147533416748047,-9.9586820602417,0.8463503122329712,0.010381062515079975,-0.0042588976211845875,-0.007985432632267475
1886948568562,0.45010992884635925,-9.951498985290527,0.8583213090896606,0.0090501569211483,0.0010647244052961469,-0.01171196810901165
1886949805837,0.45010992884635925,-9.940725326538086,0.8248025178909302,0.0042588976211845875,-0.0021294488105922937,-0.0077192517928779125
1886951043125,0.5195418000221252,-9.925163269042969,0.8391677141189575,0.006122165359556675,-0.003460354171693325,-0.0023956298828125
1886952280412,0.5027823448181152,-9.894038200378418,0.8355764150619507,0.006122165359556675,-0.0039927163161337376,-0.0018632676219567657
1886953517687,0.48961424827575684,-9.885659217834473,0.8607155084609985,0.0037265352439135313,-0.0010647244052961469,-0.0021294488105922937
1886954754962,0.5374982953071594,-9.90241813659668,0.8738836050033569,0.003460354171693325,0.0010647244052961469,-0.00931633822619915
1886955992237,0.5805939435958862,-9.873687744140625,0.8798691034317017,0.00452507846057415,0.005589802749454975,-0.008251613937318325
1886957229512,0.5781997442245483,-9.800664901733398,0.8834604620933533,0.0071868896484375,0.0077192517928779125,-0.0071868896484375
1886958466800,0.6129156351089478,-9.80904483795166,0.8918401598930359,0.00692070834338665,0.008517795242369175,-0.007985432632267475
1886959704075,0.6236895322799683,-9.767146110534668,0.8559271097183228,0.0042588976211845875,0.00692070834338665,-0.008783976547420025
1886960941362,0.6212953329086304,-9.765949249267578,0.8858546614646912,0.006122165359556675,0.0026618109550327063,-0.0119781494140625
1886962178650,0.629675030708313,-9.7791166305542,0.8607155084609985,0.004791259765625,0.0037265352439135313,-0.0119781494140625
1886963415912,0.6607996821403503,-9.770737648010254,0.8750807046890259,0.00452507846057415,0.0029279920272529125,-0.00958251953125
1886964653187,0.628477931022644,-9.825803756713867,0.8966285586357117,0.003460354171693325,0.0,-0.010381062515079975
1886965890475,0.6200982332229614,-9.801861763000488,0.8810662031173706,0.0013309054775163531,0.0042588976211845875,-0.01783413253724575
1886967127750,0.6476315855979919,-9.804256439208984,0.7912836670875549,0.0063883461989462376,-0.0023956298828125,-0.01889885775744915
1886968365037,0.5746083855628967,-9.904812812805176,0.828393816947937,0.012776692397892475,-0.0031941730994731188,-0.0162370465695858
1886969602312,0.5374982953071594,-9.931148529052734,0.829590916633606,0.005589802749454975,0.0021294488105922937,-0.0191650390625
1886970839587,0.5542576909065247,-9.93354320526123,0.8068459630012512,0.005589802749454975,0.0013309054775163531,-0.02129448764026165
1886972076862,0.5374982953071594,-9.987412452697754,0.828393816947937,0.0018632676219567657,0.0002661811013240367,-0.0138414166867733
1886973314150,0.5590460896492004,-10.010157585144043,0.8212112188339233,0.00452507846057415,0.0015970865497365594,-0.015438503585755825
1886974551425,0.5662286877632141,-10.065223693847656,0.7972691655158997,0.0071868896484375,0.0018632676219567657,-0.01943122036755085
1886975788712,0.5303156971931458,-10.087968826293945,0.8535329103469849,0.0037265352439135313,0.0018632676219567657,-0.0210283063352108
1886977025975,0.5267243981361389,-10.074800491333008,0.8236054182052612,0.003460354171693325,0.008251613937318325,-0.014373779296875
1886978263275,0.5494692921638489,-10.107122421264648,0.8307880163192749,-0.0021294488105922937,0.00931633822619915,-0.012776692397892475
1886979500537,0.5566518902778625,-10.095151901245117,0.8080430626869202,-0.0042588976211845875,0.005057440605014563,-0.0167694091796875
1886980737825,0.5434837937355042,-10.077195167541504,0.8535329103469849,-0.008251613937318325,0.0039927163161337376,-0.0157046839594841
1886981975112,0.5530605912208557,-10.087968826293945,0.8547300100326538,-0.010913425125181675,0.008517795242369175,-0.010381062515079975
1886983212375,0.5734112858772278,-10.128670692443848,0.8750807046890259,-0.01171196810901165,0.010647243820130825,-0.01357523538172245
1886984449662,0.5722141861915588,-10.105925559997559,0.851138710975647,-0.01463996060192585,0.00692070834338665,-0.0119781494140625
1886985686962,0.5770025849342346,-10.087968826293945,0.8164227604866028,-0.01650322787463665,0.004791259765625,-0.0090501569211483
1886986924200,0.5829881429672241,-10.032902717590332,0.8427590131759644,-0.01783413253724575,0.0071868896484375,-0.0042588976211845875
1886988161487,0.6021417379379272,-10.052056312561035,0.8176198601722717,-0.0186326764523983,0.012776692397892475,-0.0029279920272529125
1886989398787,0.6033388376235962,-9.998186111450195,0.8068459630012512,-0.0244886614382267,0.00958251953125,-0.0010647244052961469
1886990636050,0.6057330369949341,-9.985018730163574,0.8236054182052612,-0.02262539230287075,0.005589802749454975,0.0
1886991873325,0.5829881429672241,-9.97065258026123,0.8439561128616333,-0.0234239362180233,0.007453070487827063,-0.00452507846057415
1886993110600,0.5734112858772278,-9.917980194091797,0.8822633624076843,-0.02262539230287075,0.0018632676219567657,-0.007985432632267475
1886994347887,0.6033388376235962,-9.9371337890625,0.8104372620582581,-0.02502102218568325,0.008517795242369175,-0.0023956298828125
1886995585150,0.5530605912208557,-9.920374870300293,0.8427590131759644,-0.0271504707634449,0.010114881210029125,-0.0018632676219567657
1886996822437,0.5602431893348694,-9.910798072814941,0.8547300100326538,-0.02315775491297245,0.012776692397892475,0.0026618109550327063
1886998059725,0.5722141861915588,-9.87967300415039,0.8643068075180054,-0.0234239362180233,0.01171196810901165,0.005855984054505825
1886999297000,0.5590460896492004,-9.906009674072266,0.8571242094039917,-0.0252872034907341,0.0071868896484375,0.0015970865497365594
1887000534275,0.5805939435958862,-9.880870819091797,0.8822633624076843,-0.0271504707634449,0.010114881210029125,0.005057440605014563
1887001771575,0.5805939435958862,-9.8784761428833,0.8200140595436096,-0.02315775491297245,0.010381062515079975,0.003460354171693325
1887003008837,0.568622887134552,-9.886856079101562,0.828393816947937,-0.0282151959836483,0.0090501569211483,0.0013309054775163531
1887004246112,0.5973533391952515,-9.891644477844238,0.8355764150619507,-0.0311431884765625,0.013309055007994175,0.0029279920272529125
1887005483412,0.5997475385665894,-9.909601211547852,0.8415619134902954,-0.0324740931391716,0.013309055007994175,0.005589802749454975
1887006720687,0.5781997442245483,-9.904812812805176,0.8391677141189575,-0.02741665206849575,0.01650322787463665,-0.0005323622026480734
1887007957962,0.5817910432815552,-9.931148529052734,0.8523358106613159,-0.0252872034907341,0.014906140975654125,0.0031941730994731188
1887009195237,0.5674257874488831,-9.93474006652832,0.8044517636299133,-0.0306108258664608,0.010381062515079975,0.010913425125181675
1887010432525,0.5925649404525757,-9.925163269042969,0.8044517636299133,-0.0343373604118824,0.0119781494140625,0.0071868896484375
1887011669787,0.6093243360519409,-9.921571731567383,0.8008604645729065,-0.0306108258664608,0.010647243820130825,0.00984870083630085
1887012907075,0.585382342338562,-9.93354320526123,0.829590916633606,-0.0324740931391716,0.012510511092841625,0.005589802749454975
1887014144375,0.6248866319656372,-9.915586471557617,0.8164227604866028,-0.0319417305290699,0.01836649514734745,0.0063883461989462376
1887015381625,0.5793968439102173,-9.96825885772705,0.8619126081466675,-0.033272635191679,0.0173017717897892,0.005589802749454975
1887016618925,0.6117185354232788,-9.914389610290527,0.9097966551780701,-0.03087700717151165,0.0173017717897892,0.0042588976211845875
1887017856187,0.5961562395095825,-9.865307807922363,0.8355764150619507,-0.02981228195130825,0.01463996060192585,0.0053236219100654125
1887019093475,0.5949591398239136,-9.848548889160156,0.8774749040603638,-0.0340711809694767,0.015438503585755825,0.010114881210029125
1887020330762,0.6236895322799683,-9.848548889160156,0.8583213090896606,-0.0354020856320858,0.02422248013317585,0.0071868896484375
1887021568037,0.6260837316513062,-9.90122127532959,0.8259996175765991,-0.0327402763068676,0.01650322787463665,0.00984870083630085
1887022805325,0.6224924325942993,-9.86650562286377,0.7924807667732239,-0.0359344482421875,0.01597086526453495,0.0077192517928779125
1887024042587,0.6009446382522583,-9.836577415466309,0.8403648138046265,-0.0362006276845932,0.01783413253724575,0.0090501569211483
1887025279862,0.5518634915351868,-9.859322547912598,0.872686505317688,-0.033538818359375,0.01597086526453495,0.01117960549890995
1887026517150,0.507570743560791,-9.849745750427246,0.8224083185195923,-0.0346035435795784,0.013309055007994175,0.0090501569211483
1887027754425,0.5339069962501526,-9.898826599121094,0.8164227604866028,-0.0346035435795784,0.01889885775744915,0.010114881210029125
1887028991712,0.49799394607543945,-9.871294021606445,0.7972691655158997,-0.0377977155148983,0.02315775491297245,0.004791259765625
1887030228975,0.5386953949928284,-9.889249801635742,0.7876923680305481,-0.038330078125,0.0191650390625,0.00958251953125
1887031466262,0.5207388997077942,-9.93474006652832,0.7601590752601624,-0.0351359061896801,0.01783413253724575,0.01597086526453495
1887032703550,0.5267243981361389,-9.926360130310059,0.8032546639442444,-0.0354020856320858,0.0228915736079216,0.01703559048473835
1887033940800,0.5219359993934631,-9.919178009033203,0.7829039692878723,-0.0346035435795784,0.01703559048473835,0.01410759799182415
1887035178100,0.52552729845047,-9.931148529052734,0.7984662652015686,-0.0348697230219841,0.01703559048473835,0.015438503585755825
1887036415387,0.5351040959358215,-9.929951667785645,0.7745242714881897,-0.0364668108522892,0.0223592109978199,0.01597086526453495
1887037652662,0.5805939435958862,-9.973047256469727,0.7661445736885071,-0.0359344482421875,0.0258195661008358,0.01597086526453495
1887038889925,0.5231330990791321,-9.949105262756348,0.7529764175415039,-0.043121337890625,0.02848137728869915,0.0162370465695858
1887040127212,0.5578489899635315,-9.920374870300293,0.8212112188339233,-0.0433875173330307,0.02661811001598835,0.0191650390625
1887041364500,0.5829881429672241,-9.950302124023438,0.8068459630012512,-0.0420566126704216,0.0244886614382267,0.0223592109978199
1887042601762,0.5889736413955688,-9.926360130310059,0.7864952683448792,-0.0409918874502182,0.0324740931391716,0.0258195661008358
1887043839050,0.5793968439102173,-9.928754806518555,0.8307880163192749,-0.0452507846057415,0.0319417305290699,0.02022976242005825
1887045076337,0.6428431868553162,-9.923966407775879,0.8080430626869202,-0.0505744069814682,0.02741665206849575,0.01996358297765255
1887046313612,0.5901707410812378,-9.907206535339355,0.8595184087753296,-0.0460493303835392,0.02794901467859745,0.0215606689453125
1887047550887,0.6416460871696472,-9.86770248413086,0.7841010689735413,-0.0415242500603199,0.03087700717151165,0.0223592109978199
1887048788162,0.629675030708313,-9.882067680358887,0.7852981686592102,-0.0463155098259449,0.02981228195130825,0.0220930315554142
1887050025462,0.6093243360519409,-9.93593692779541,0.768538773059845,-0.0513729527592659,0.0319417305290699,0.0228915736079216
1887051262737,0.5889736413955688,-9.929951667785645,0.8355764150619507,-0.0513729527592659,0.0252872034907341,0.02315775491297245
1887052500012,0.5578489899635315,-9.884461402893066,0.790086567401886,-0.0532362200319767,0.0271504707634449,0.0247548408806324
1887053737275,0.5662286877632141,-9.847352027893066,0.7721300721168518,-0.0497758649289608,0.02741665206849575,0.0292799212038517
1887054974575,0.5805939435958862,-9.90122127532959,0.751779317855835,-0.0471140518784523,0.02794901467859745,0.02848137728869915
1887056211862,0.5781997442245483,-9.884461402893066,0.7936778664588928,-0.0441860631108284,0.0300784632563591,0.0247548408806324
1887057449125,0.5422866940498352,-9.862914085388184,0.7254431247711182,-0.0537685826420784,0.0348697230219841,0.02901373989880085
1887058686412,0.5662286877632141,-9.830592155456543,0.788889467716217,-0.0548333041369915,0.0295461006462574,0.02794901467859745
1887059923675,0.5554547905921936,-9.859322547912598,0.7362170219421387,-0.0516391322016716,0.0300784632563591,0.0316755510866642
1887061160962,0.4944026470184326,-9.862914085388184,0.7697358727455139,-0.0500420443713665,0.02981228195130825,0.0322079136967659
1887062398237,0.5422866940498352,-9.815030097961426,0.7433996200561523,-0.0516391322016716,0.0322079136967659,0.0311431884765625
1887063635512,0.5566518902778625,-9.799468040466309,0.7625532746315002,-0.0519053116440773,0.03034464456140995,0.02981228195130825
1887064872800,0.5183447003364563,-9.791088104248047,0.7601590752601624,-0.0519053116440773,0.0340711809694767,0.0306108258664608
1887066110087,0.5554547905921936,-9.835380554199219,0.7733271718025208,-0.0481787770986557,0.0375315360724926,0.0306108258664608
1887067347362,0.5578489899635315,-9.818621635437012,0.7757213711738586,-0.0500420443713665,0.0375315360724926,0.0300784632563591
1887068584637,0.5554547905921936,-9.828198432922363,0.7841010689735413,-0.0535023994743824,0.0359344482421875,0.0346035435795784
1887069821937,0.5590460896492004,-9.855731010437012,0.7948749661445618,-0.0508405901491642,0.033272635191679,0.038330078125
1887071059212,0.4944026470184326,-9.862914085388184,0.7709329724311829,-0.0519053116440773,0.0362006276845932,0.0351359061896801
1887072296475,0.5662286877632141,-9.86770248413086,0.7960720658302307,-0.0489773228764534,0.0351359061896801,0.033538818359375
1887073533775,0.586579442024231,-9.861717224121094,0.7577648162841797,-0.0511067695915699,0.0348697230219841,0.0340711809694767
1887074771025,0.5542576909065247,-9.898826599121094,0.7852981686592102,-0.0535023994743824,0.0364668108522892,0.0348697230219841
1887076008337,0.5650315880775452,-9.86889934539795,0.7996633648872375,-0.0503082275390625,0.0372653529047966,0.0359344482421875
1887077245612,0.6117185354232788,-9.909601211547852,0.7829039692878723,-0.0508405901491642,0.0338049978017807,0.0417904332280159
1887078482887,0.5877765417098999,-9.882067680358887,0.7625532746315002,-0.052703857421875,0.0343373604118824,0.0407257080078125
1887079720162,0.5805939435958862,-9.858125686645508,0.7565677165985107,-0.0545671246945858,0.0417904332280159,0.0385962575674057
1887080957437,0.5889736413955688,-9.895236015319824,0.767341673374176,-0.047646414488554,0.0351359061896801,0.0377977155148983
1887082194712,0.5961562395095825,-9.864110946655273,0.7625532746315002,-0.0519053116440773,0.0399271659553051,0.0354020856320858
1887083432000,0.6320692300796509,-9.871294021606445,0.7481880187988281,-0.0545671246945858,0.0375315360724926,0.0415242500603199
1887084669262,0.6428431868553162,-9.834183692932129,0.7829039692878723,-0.0556318499147892,0.0356682650744915,0.0439198799431324
1887085906575,0.6536170840263367,-9.830592155456543,0.7338228225708008,-0.0516391322016716,0.0322079136967659,0.0393948033452034
1887087143837,0.6655880808830261,-9.799468040466309,0.7350199222564697,-0.0529700368642807,0.0348697230219841,0.0391286201775074
1887088381125,0.6308721303939819,-9.75397777557373,0.7733271718025208,-0.0489773228764534,0.0372653529047966,0.0407257080078125
1887089618387,0.6045359373092651,-9.750386238098145,0.790086567401886,-0.0521714948117733,0.0338049978017807,0.042855154722929
1887090855675,0.6248866319656372,-9.691728591918945,0.6955155730247498,-0.0513729527592659,0.0346035435795784,0.0433875173330307
1887092092937,0.629675030708313,-9.684545516967773,0.7314286231994629,-0.0537685826420784,0.0319417305290699,0.0412580706179142
1887093330225,0.6416460871696472,-9.690531730651855,0.767341673374176,-0.047646414488554,0.0306108258664608,0.0369991734623909
1887094567512,0.6392518877983093,-9.713275909423828,0.7493851184844971,-0.043121337890625,0.03087700717151165,0.0364668108522892
1887095804787,0.6165069341659546,-9.696516990661621,0.707486629486084,-0.0399271659553051,0.0316755510866642,0.0420566126704216
1887097042062,0.6009446382522583,-9.715670585632324,0.7194576263427734,-0.0401933453977108,0.0306108258664608,0.0468478724360466
1887098279362,0.5817910432815552,-9.6989107131958,0.7410054206848145,-0.0423227921128273,0.033272635191679,0.0369991734623909
1887099516612,0.5925649404525757,-9.75517463684082,0.689530074596405,-0.043121337890625,0.03087700717151165,0.0346035435795784
1887100753900,0.5746083855628967,-9.761160850524902,0.690727174282074,-0.0401933453977108,0.02741665206849575,0.0401933453977108
1887101991187,0.5985504388809204,-9.724050521850586,0.6727706789970398,-0.0359344482421875,0.02555338479578495,0.0377977155148983
1887103228475,0.5877765417098999,-9.77672290802002,0.6703764796257019,-0.0348697230219841,0.023956298828125,0.0364668108522892
1887104465737,0.6009446382522583,-9.77552604675293,0.707486629486084,-0.03034464456140995,0.02661811001598835,0.0364668108522892
1887105703025,0.6009446382522583,-9.789891242980957,0.7015011310577393,-0.0338049978017807,0.0292799212038517,0.0391286201775074
1887106940312,0.6488286852836609,-9.774328231811523,0.6703764796257019,-0.0348697230219841,0.0268842913210392,0.0364668108522892
1887108177600,0.6356605291366577,-9.825803756713867,0.7003040313720703,-0.0322079136967659,0.02182685025036335,0.0377977155148983
1887109414875,0.6416460871696472,-9.841365814208984,0.729034423828125,-0.0340711809694767,0.0268842913210392,0.0377977155148983
1887110652162,0.6177040338516235,-9.817423820495605,0.7134721279144287,-0.03087700717151165,0.02502102218568325,0.0356682650744915
1887111889425,0.6416460871696472,-9.781511306762695,0.7182605266571045,-0.033272635191679,0.02182685025036335,0.0319417305290699
1887113126712,0.6787561774253845,-9.791088104248047,0.7134721279144287,-0.0319417305290699,0.02022976242005825,0.0348697230219841
1887114364000,0.7015011310577393,-9.81263542175293,0.751779317855835,-0.0268842913210392,0.01943122036755085,0.0407257080078125
1887115601275,0.6727706789970398,-9.799468040466309,0.7445967197418213,-0.0282151959836483,0.0228915736079216,0.038063894957304
1887116838575,0.6835445761680603,-9.792284965515137,0.6979097723960876,-0.02555338479578495,0.0173017717897892,0.0359344482421875
1887118075837,0.7266402244567871,-9.757569313049316,0.7230489253997803,-0.0252872034907341,0.01650322787463665,0.038063894957304
1887119313112,0.6799532771110535,-9.794679641723633,0.7565677165985107,-0.02848137728869915,0.01703559048473835,0.0388624407351017
1887120550400,0.6727706789970398,-9.72285270690918,0.7457938194274902,-0.02741665206849575,0.0157046839594841,0.0359344482421875
1887121787662,0.6488286852836609,-9.739612579345703,0.727837324142456,-0.02182685025036335,0.00984870083630085,0.0409918874502182
1887123024937,0.6236895322799683,-9.718064308166504,0.7134721279144287,-0.0204959437251091,0.00958251953125,0.0362006276845932
1887124262225,0.6643909811973572,-9.740809440612793,0.7445967197418213,-0.02129448764026165,0.007453070487827063,0.038063894957304
1887125499500,0.6584054827690125,-9.72165584564209,0.7601590752601624,-0.0271504707634449,0.004791259765625,0.0391286201775074
1887126736787,0.6141127347946167,-9.724050521850586,0.7254431247711182,-0.0204959437251091,0.004791259765625,0.0385962575674057
1887127974062,0.6200982332229614,-9.732430458068848,0.6775590777397156,-0.0167694091796875,0.0015970865497365594,0.0399271659553051
1887129211350,0.6428431868553162,-9.730035781860352,0.7050924301147461,-0.01597086526453495,0.0015970865497365594,0.0375315360724926
1887130448637,0.5949591398239136,-9.745597839355469,0.7218518257141113,-0.0173017717897892,0.0039927163161337376,0.0420566126704216
1887131685887,0.6248866319656372,-9.75397777557373,0.6943184733390808,-0.01463996060192585,0.0018632676219567657,0.038330078125
1887132923175,0.6619967818260193,-9.7420072555542,0.7015011310577393,-0.0162370465695858,0.0031941730994731188,0.0455169677734375
1887134160475,0.6572083830833435,-9.75397777557373,0.6799532771110535,-0.0119781494140625,0.0002661811013240367,0.0417904332280159
1887135397737,0.6392518877983093,-9.815030097961426,0.6787561774253845,-0.01410759799182415,-0.0037265352439135313,0.038330078125
1887136635025,0.6129156351089478,-9.803058624267578,0.7050924301147461,-0.01171196810901165,-0.0018632676219567657,0.0471140518784523
1887137872287,0.5793968439102173,-9.849745750427246,0.7134721279144287,-0.012776692397892475,-0.0021294488105922937,0.0423227921128273
1887139109587,0.6584054827690125,-9.805453300476074,0.6871358752250671,-0.010381062515079975,-0.0031941730994731188,0.0407257080078125
1887140346850,0.6236895322799683,-9.81143856048584,0.7026982307434082,-0.00984870083630085,-0.003460354171693325,0.0420566126704216
1887141584137,0.5985504388809204,-9.818621635437012,0.6967126727104187,-0.0138414166867733,-0.0013309054775163531,0.0391286201775074
1887142821412,0.5734112858772278,-9.813833236694336,0.6560112833976746,-0.0181003138422966,-0.003460354171693325,0.0404595248401165
1887144058700,0.6404489874839783,-9.782708168029785,0.6787561774253845,-0.01117960549890995,-0.01357523538172245,0.038063894957304
1887145295975,0.6596025824546814,-9.793481826782227,0.7733271718025208,-0.010381062515079975,-0.010647243820130825,0.0401933453977108
1887146533250,0.629675030708313,-9.765949249267578,0.7254431247711182,-0.010647243820130825,-0.0031941730994731188,0.0415242500603199
1887147770550,0.6715735793113708,-9.757569313049316,0.7445967197418213,-0.005057440605014563,-0.012776692397892475,0.0433875173330307
1887149007812,0.6883329749107361,-9.739612579345703,0.730231523513794,-0.00452507846057415,-0.01597086526453495,0.0449846051633358
1887150245100,0.6344634294509888,-9.75278091430664,0.7817068696022034,-0.007985432632267475,-0.01357523538172245,0.0444522425532341
1887151482387,0.6428431868553162,-9.736021041870117,0.7422025203704834,-0.007453070487827063,-0.01410759799182415,0.0393948033452034
1887152719650,0.6787561774253845,-9.694122314453125,0.7098808288574219,0.0,-0.01463996060192585,0.0407257080078125
1887153956950,0.7038953304290771,-9.696516990661621,0.7481880187988281,-0.0013309054775163531,-0.01836649514734745,0.0375315360724926
1887155194237,0.6727706789970398,-9.68694019317627,0.7469909191131592,-0.003460354171693325,-0.01783413253724575,0.0359344482421875
1887156431500,0.6703764796257019,-9.730035781860352,0.7350199222564697,-0.0015970865497365594,-0.02076212503015995,0.0359344482421875
1887157668787,0.6931213736534119,-9.672574996948242,0.729034423828125,0.0,-0.0220930315554142,0.0340711809694767
1887158906062,0.6979097723960876,-9.6618013381958,0.7433996200561523,0.0039927163161337376,-0.0223592109978199,0.0322079136967659
1887160143337,0.6667851805686951,-9.676166534423828,0.7948749661445618,0.008251613937318325,-0.0196974016726017,0.0322079136967659
1887161380612,0.6572083830833435,-9.72165584564209,0.7625532746315002,0.0021294488105922937,-0.02262539230287075,0.0348697230219841
1887162617900,0.6655880808830261,-9.724050521850586,0.7122750282287598,0.004791259765625,-0.0295461006462574,0.0327402763068676
1887163855187,0.6368576288223267,-9.713275909423828,0.7050924301147461,0.00931633822619915,-0.0338049978017807,0.0316755510866642
1887165092462,0.6033388376235962,-9.746795654296875,0.7110779285430908,0.0063883461989462376,-0.0340711809694767,0.0300784632563591
1887166329750,0.5386953949928284,-9.817423820495605,0.6619967818260193,0.010114881210029125,-0.0295461006462574,0.0311431884765625
1887167567012,0.5410895943641663,-9.800664901733398,0.6751648783683777,0.00984870083630085,-0.0338049978017807,0.0316755510866642
1887168804312,0.5889736413955688,-9.838972091674805,0.6763619780540466,0.01171196810901165,-0.0359344482421875,0.0295461006462574
1887170041587,0.5291185975074768,-9.880870819091797,0.7146692276000977,0.010381062515079975,-0.0300784632563591,0.02874755859375
1887171278862,0.5422866940498352,-9.874884605407715,0.707486629486084,0.010913425125181675,-0.0311431884765625,0.02901373989880085
1887172516162,0.5626373887062073,-9.876082420349121,0.6775590777397156,0.0119781494140625,-0.0367329902946949,0.0322079136967659
1887173753425,0.569819986820221,-9.907206535339355,0.7374141216278076,0.01224433071911335,-0.0377977155148983,0.02741665206849575
1887174990700,0.6141127347946167,-9.90361499786377,0.7314286231994629,0.0119781494140625,-0.0372653529047966,0.02661811001598835
1887176227975,0.5638344883918762,-9.919178009033203,0.7338228225708008,0.0071868896484375,-0.0377977155148983,0.0324740931391716
1887177465262,0.6141127347946167,-9.894038200378418,0.7553706169128418,0.0066545275039970875,-0.038063894957304,0.03034464456140995
1887178702550,0.6009446382522583,-9.872490882873535,0.7493851184844971,0.0037265352439135313,-0.0425889752805233,0.03087700717151165
1887179939825,0.6057330369949341,-9.829395294189453,0.788889467716217,0.007985432632267475,-0.0463155098259449,0.02848137728869915
1887181177087,0.586579442024231,-9.856928825378418,0.7757213711738586,0.00984870083630085,-0.0433875173330307,0.0295461006462574
1887182414387,0.5746083855628967,-9.858125686645508,0.689530074596405,0.0029279920272529125,-0.0473802350461483,0.0327402763068676
1887183651662,0.6308721303939819,-9.847352027893066,0.7242460250854492,0.004791259765625,-0.0489773228764534,0.0300784632563591
1887184888937,0.5267243981361389,-9.873687744140625,0.6943184733390808,0.006122165359556675,-0.0444522425532341,0.0300784632563591
1887186126212,0.5554547905921936,-9.840168952941895,0.7134721279144287,0.0042588976211845875,-0.0433875173330307,0.0252872034907341
1887187363500,0.5339069962501526,-9.806650161743164,0.7134721279144287,0.003460354171693325,-0.052437674254179,0.0295461006462574
1887188600787,0.5147533416748047,-9.797073364257812,0.7015011310577393,0.008517795242369175,-0.0500420443713665,0.0306108258664608
1887189838087,0.5147533416748047,-9.834183692932129,0.7314286231994629,0.0013309054775163531,-0.0487111397087574,0.0268842913210392
1887191075350,0.4752490520477295,-9.835380554199219,0.7457938194274902,0.0013309054775163531,-0.0484449602663517,0.0316755510866642
1887192312637,0.5291185975074768,-9.818621635437012,0.7038953304290771,0.0031941730994731188,-0.0487111397087574,0.0295461006462574
1887193549912,0.5590460896492004,-9.84256362915039,0.7314286231994629,0.004791259765625,-0.0468478724360466,0.0306108258664608
1887194787200,0.5351040959358215,-9.883264541625977,0.7122750282287598,0.0053236219100654125,-0.0497758649289608,0.02981228195130825
1887196024462,0.5195418000221252,-9.850942611694336,0.7445967197418213,0.0037265352439135313,-0.0532362200319767,0.033538818359375
1887197261737,0.5434837937355042,-9.789891242980957,0.730231523513794,0.004791259765625,-0.0487111397087574,0.03087700717151165
1887198499012,0.5111620426177979,-9.837775230407715,0.7254431247711182,0.005057440605014563,-0.0452507846057415,0.02741665206849575
1887199736325,0.5111620426177979,-9.86650562286377,0.7086837291717529,0.0077192517928779125,-0.0495096817612648,0.0346035435795784
1887200973587,0.49559974670410156,-9.817423820495605,0.729034423828125,0.0039927163161337376,-0.0529700368642807,0.033272635191679
1887202210862,0.5195418000221252,-9.836577415466309,0.7242460250854492,0.0007985432748682797,-0.0516391322016716,0.03034464456140995
1887203448150,0.4944026470184326,-9.822212219238281,0.7410054206848145,-0.0002661811013240367,-0.0548333041369915,0.0271504707634449
1887204685437,0.4991910457611084,-9.838972091674805,0.7936778664588928,0.0015970865497365594,-0.0521714948117733,0.033272635191679
1887205922700,0.5147533416748047,-9.858125686645508,0.8331822156906128,0.0010647244052961469,-0.0548333041369915,0.03087700717151165
1887207159987,0.49320554733276367,-9.853337287902832,0.7398083209991455,-0.0005323622026480734,-0.0566965714097023,0.0316755510866642
1887208397287,0.49799394607543945,-9.84615421295166,0.7433996200561523,-0.0021294488105922937,-0.0540347620844841,0.0343373604118824
1887209634550,0.4991910457611084,-9.84376049041748,0.7781155705451965,-0.0005323622026480734,-0.0521714948117733,0.02848137728869915
1887210871837,0.5015852451324463,-9.830592155456543,0.751779317855835,0.0005323622026480734,-0.0540347620844841,0.0343373604118824
1887212109125,0.5039794445037842,-9.840168952941895,0.729034423828125,0.0013309054775163531,-0.0545671246945858,0.0314093679189682
1887213346375,0.5518634915351868,-9.834183692932129,0.7745242714881897,-0.0005323622026480734,-0.0564303919672966,0.0271504707634449
1887214583675,0.507570743560791,-9.818621635437012,0.7350199222564697,0.0013309054775163531,-0.0553656667470932,0.02901373989880085
1887215820962,0.5207388997077942,-9.799468040466309,0.7481880187988281,-0.0007985432748682797,-0.052437674254179,0.0311431884765625
1887217058212,0.5530605912208557,-9.803058624267578,0.729034423828125,-0.0005323622026480734,-0.0532362200319767,0.0252872034907341
1887218295537,0.5315127968788147,-9.816226959228516,0.7469909191131592,0.0037265352439135313,-0.0540347620844841,0.02901373989880085
1887219532800,0.5135562419891357,-9.764751434326172,0.7936778664588928,0.0021294488105922937,-0.0569627545773983,0.0314093679189682
1887220770087,0.4668693244457245,-9.792284965515137,0.7433996200561523,0.0002661811013240367,-0.0609554722905159,0.02502102218568325
1887222007362,0.4908113479614258,-9.78869342803955,0.767341673374176,-0.0023956298828125,-0.0628187358379364,0.0220930315554142
1887223244637,0.5111620426177979,-9.769539833068848,0.751779317855835,0.005057440605014563,-0.0606892891228199,0.0276828333735466
1887224481925,0.43933600187301636,-9.763554573059082,0.7266402244567871,0.0021294488105922937,-0.0550994873046875,0.0258195661008358
1887225719187,0.47644615173339844,-9.77791976928711,0.7374141216278076,0.0015970865497365594,-0.0543009415268898,0.0223592109978199
1887226956487,0.4908113479614258,-9.78869342803955,0.7350199222564697,0.0053236219100654125,-0.062286376953125,0.02502102218568325
1887228193762,0.5219359993934631,-9.824606895446777,0.7541735172271729,-0.0002661811013240367,-0.0598907470703125,0.0316755510866642
1887229431037,0.47884035110473633,-9.806650161743164,0.7266402244567871,0.0031941730994731188,-0.0588260218501091,0.01783413253724575
1887230668325,0.4776432514190674,-9.828198432922363,0.7637503743171692,0.005057440605014563,-0.0630849227309227,0.0186326764523983
1887231905600,0.5279214978218079,-9.815030097961426,0.6991068720817566,0.0042588976211845875,-0.0614878311753273,0.0191650390625
1887233142887,0.4489128291606903,-9.827000617980957,0.7697358727455139,0.005057440605014563,-0.0569627545773983,0.01703559048473835
1887234380162,0.4572925269603729,-9.827000617980957,0.7410054206848145,0.007985432632267475,-0.062020193785429,0.01650322787463665
1887235617425,0.4812345504760742,-9.803058624267578,0.7601590752601624,0.0031941730994731188,-0.0598907470703125,0.0210283063352108
1887236854712,0.4967968463897705,-9.831789016723633,0.7721300721168518,0.0015970865497365594,-0.0564303919672966,0.02022976242005825
1887238092012,0.48482584953308105,-9.840168952941895,0.7972691655158997,-0.0018632676219567657,-0.0596245639026165,0.013309055007994175
1887239329300,0.49799394607543945,-9.782708168029785,0.7697358727455139,0.0042588976211845875,-0.0601569265127182,0.0162370465695858
1887240566575,0.5303156971931458,-9.759963035583496,0.7697358727455139,0.005589802749454975,-0.0630849227309227,0.01703559048473835
1887241803850,0.47884035110473633,-9.77672290802002,0.7577648162841797,0.00452507846057415,-0.0609554722905159,0.01463996060192585
1887243041125,0.524330198764801,-9.762357711791992,0.7565677165985107,0.0013309054775163531,-0.0564303919672966,0.0162370465695858
1887244278400,0.4812345504760742,-9.783905029296875,0.7445967197418213,0.0026618109550327063,-0.0561642125248909,0.007453070487827063
1887245515675,0.4967968463897705,-9.765949249267578,0.7386112213134766,0.0077192517928779125,-0.057228934019804,0.0037265352439135313
1887246752962,0.5099649429321289,-9.770737648010254,0.7362170219421387,0.00692070834338665,-0.0556318499147892,0.0119781494140625
1887247990237,0.5063736438751221,-9.756372451782227,0.7565677165985107,0.0114457868039608,-0.0590922012925148,0.01117960549890995
1887249227537,0.5147533416748047,-9.793481826782227,0.7541735172271729,0.010647243820130825,-0.0550994873046875,0.00931633822619915
1887250464812,0.48482584953308105,-9.75158405303955,0.7613561749458313,0.012776692397892475,-0.057228934019804,0.0071868896484375
1887251702075,0.47884035110473633,-9.795876502990723,0.7805097699165344,0.010114881210029125,-0.0574951171875,0.0090501569211483
1887252939375,0.45848962664604187,-9.793481826782227,0.7386112213134766,0.010114881210029125,-0.0612216517329216,0.0071868896484375
1887254176637,0.45010992884635925,-9.818621635437012,0.7565677165985107,0.01224433071911335,-0.0628187358379364,0.01117960549890995
1887255413912,0.4728548526763916,-9.768342971801758,0.7553706169128418,0.01171196810901165,-0.062286376953125,0.0162370465695858
1887256651200,0.46567222476005554,-9.791088104248047,0.7457938194274902,0.014373779296875,-0.057228934019804,0.0066545275039970875
1887257888487,0.47644615173339844,-9.807847023010254,0.7637503743171692,0.01703559048473835,-0.0548333041369915,0.005589802749454975
1887259125775,0.44771572947502136,-9.795876502990723,0.7433996200561523,0.0210283063352108,-0.0604231096804142,0.0021294488105922937
1887260363050,0.44532153010368347,-9.822212219238281,0.7613561749458313,0.01783413253724575,-0.0636172816157341,0.0023956298828125
1887261600337,0.43095630407333374,-9.792284965515137,0.7410054206848145,0.0186326764523983,-0.0558980293571949,0.008517795242369175
1887262837625,0.49320554733276367,-9.75278091430664,0.7350199222564697,0.0204959437251091,-0.0545671246945858,0.0
1887264074900,0.4692635238170624,-9.77791976928711,0.7565677165985107,0.01889885775744915,-0.0614878311753273,-0.0037265352439135313
1887265312175,0.43933600187301636,-9.747992515563965,0.7433996200561523,0.0210283063352108,-0.0596245639026165,0.0018632676219567657
1887266549462,0.45010992884635925,-9.75397777557373,0.7410054206848145,0.02262539230287075,-0.0574951171875,0.0005323622026480734
1887267786737,0.5291185975074768,-9.763554573059082,0.750582218170166,0.0196974016726017,-0.0543009415268898,-0.006122165359556675
1887269024012,0.5159504413604736,-9.72285270690918,0.7398083209991455,0.01783413253724575,-0.0564303919672966,-0.0053236219100654125
1887270261312,0.5015852451324463,-9.77672290802002,0.7876923680305481,0.0196974016726017,-0.0577612966299057,-0.00958251953125
1887271498575,0.4728548526763916,-9.789891242980957,0.8224083185195923,0.0263519287109375,-0.0566965714097023,-0.005589802749454975
1887272735862,0.4381389021873474,-9.75158405303955,0.812831461429596,0.02848137728869915,-0.0561642125248909,-0.005589802749454975
1887273973137,0.4704606235027313,-9.780314445495605,0.7829039692878723,0.02422248013317585,-0.0540347620844841,-0.0138414166867733
1887275210412,0.4776432514190674,-9.773131370544434,0.7697358727455139,0.0247548408806324,-0.0545671246945858,-0.01650322787463665
1887276447700,0.46567222476005554,-9.77552604675293,0.7841010689735413,0.023956298828125,-0.0487111397087574,-0.0191650390625
1887277684987,0.4429273307323456,-9.743204116821289,0.7445967197418213,0.023956298828125,-0.0500420443713665,-0.01463996060192585
1887278922250,0.42856210470199585,-9.75397777557373,0.7721300721168518,0.0258195661008358,-0.0513729527592659,-0.01650322787463665
1887280159537,0.38307228684425354,-9.824606895446777,0.7984662652015686,0.02608574740588665,-0.0500420443713665,-0.0228915736079216
1887281396825,0.424970805644989,-9.818621635437012,0.7637503743171692,0.02555338479578495,-0.047646414488554,-0.0215606689453125
1887282634087,0.38546648621559143,-9.829395294189453,0.7649474740028381,0.02315775491297245,-0.0468478724360466,-0.02369011752307415
1887283871400,0.3902548849582672,-9.84376049041748,0.7864952683448792,0.0271504707634449,-0.0473802350461483,-0.0244886614382267
1887285108662,0.3794809579849243,-9.825803756713867,0.7146692276000977,0.02369011752307415,-0.0393948033452034,-0.0263519287109375
1887286345950,0.3471592366695404,-9.840168952941895,0.7469909191131592,0.02608574740588665,-0.0433875173330307,-0.02315775491297245
1887287583237,0.3866635859012604,-9.84256362915039,0.7386112213134766,0.02981228195130825,-0.0441860631108284,-0.0244886614382267
1887288820500,0.40222588181495667,-9.835380554199219,0.7577648162841797,0.02794901467859745,-0.0412580706179142,-0.02502102218568325
1887290057775,0.3878606855869293,-9.828198432922363,0.7817068696022034,0.02129448764026165,-0.0367329902946949,-0.0316755510866642
1887291295062,0.44173023104667664,-9.804256439208984,0.8152256608009338,0.0244886614382267,-0.0330064557492733,-0.0300784632563591
1887292532337,0.4213795065879822,-9.773131370544434,0.7529764175415039,0.02555338479578495,-0.038063894957304,-0.0300784632563591
1887293769625,0.41778820753097534,-9.791088104248047,0.788889467716217,0.0263519287109375,-0.0391286201775074,-0.0348697230219841
1887295006925,0.3998316824436188,-9.77672290802002,0.751779317855835,0.0314093679189682,-0.0372653529047966,-0.0282151959836483
1887296244187,0.4082113802433014,-9.78869342803955,0.7362170219421387,0.0258195661008358,-0.033538818359375,-0.02794901467859745
1887297481475,0.41299980878829956,-9.794679641723633,0.751779317855835,0.02901373989880085,-0.0340711809694767,-0.0276828333735466
1887298718750,0.4034229815006256,-9.806650161743164,0.7697358727455139,0.03087700717151165,-0.03034464456140995,-0.033272635191679
1887299956037,0.4213795065879822,-9.807847023010254,0.7553706169128418,0.02741665206849575,-0.02262539230287075,-0.0314093679189682
1887301193312,0.3878606855869293,-9.770737648010254,0.7769184708595276,0.0282151959836483,-0.0258195661008358,-0.0311431884765625
1887302430587,0.4321534037590027,-9.799468040466309,0.7314286231994629,0.03087700717151165,-0.02422248013317585,-0.0282151959836483
1887303667862,0.41539400815963745,-9.799468040466309,0.768538773059845,0.0327402763068676,-0.0268842913210392,-0.0276828333735466
1887304905162,0.3974374830722809,-9.813833236694336,0.7625532746315002,0.0300784632563591,-0.0340711809694767,-0.0306108258664608
1887306142437,0.4297592043876648,-9.81024169921875,0.7553706169128418,0.0330064557492733,-0.0311431884765625,-0.03034464456140995
1887307379712,0.4357447028160095,-9.773131370544434,0.7553706169128418,0.033538818359375,-0.02262539230287075,-0.0322079136967659
1887308617000,0.4225766062736511,-9.803058624267578,0.7326257228851318,0.033272635191679,-0.02741665206849575,-0.0338049978017807
1887309854275,0.3878606855869293,-9.806650161743164,0.7769184708595276,0.0340711809694767,-0.02262539230287075,-0.033272635191679
1887311091575,0.4010287821292877,-9.801861763000488,0.7374141216278076,0.0348697230219841,-0.0167694091796875,-0.0351359061896801
1887312328837,0.4213795065879822,-9.780314445495605,0.790086567401886,0.0324740931391716,-0.0244886614382267,-0.02848137728869915
1887313566125,0.41299980878829956,-9.801861763000488,0.7721300721168518,0.0292799212038517,-0.0223592109978199,-0.033272635191679
1887314803400,0.37828385829925537,-9.854534149169922,0.7457938194274902,0.0322079136967659,-0.0204959437251091,-0.0367329902946949
1887316040687,0.3902548849582672,-9.84256362915039,0.750582218170166,0.0348697230219841,-0.01650322787463665,-0.0340711809694767
1887317277962,0.42616790533065796,-9.817423820495605,0.7733271718025208,0.0354020856320858,-0.0181003138422966,-0.0343373604118824
1887318515225,0.4010287821292877,-9.816226959228516,0.7864952683448792,0.0364668108522892,-0.0210283063352108,-0.0359344482421875
1887319752525,0.4273650050163269,-9.822212219238281,0.7661445736885071,0.0356682650744915,-0.01650322787463665,-0.0316755510866642
1887320989825,0.395043283700943,-9.81143856048584,0.7745242714881897,0.038330078125,-0.01703559048473835,-0.0399271659553051
1887322227075,0.45250412821769714,-9.836577415466309,0.8068459630012512,0.038330078125,-0.01756795309484005,-0.0388624407351017
1887323464375,0.4321534037590027,-9.783905029296875,0.7864952683448792,0.0399271659553051,-0.01783413253724575,-0.0375315360724926
1887324701637,0.48243165016174316,-9.774328231811523,0.7996633648872375,0.0404595248401165,-0.00958251953125,-0.0375315360724926
1887325938937,0.4620809257030487,-9.817423820495605,0.8140285611152649,0.0369991734623909,-0.0119781494140625,-0.0423227921128273
1887327176212,0.42018240690231323,-9.827000617980957,0.767341673374176,0.0377977155148983,-0.008783976547420025,-0.0399271659553051
1887328413500,0.4405331015586853,-9.858125686645508,0.7577648162841797,0.0415242500603199,-0.008251613937318325,-0.043121337890625
1887329650775,0.44173023104667664,-9.798270225524902,0.7625532746315002,0.0396609827876091,-0.008251613937318325,-0.0444522425532341
1887330888062,0.4141969084739685,-9.834183692932129,0.8044517636299133,0.0354020856320858,-0.005589802749454975,-0.0399271659553051
1887332125337,0.4489128291606903,-9.832986831665039,0.8140285611152649,0.0407257080078125,-0.0063883461989462376,-0.0439198799431324
1887333362612,0.4429273307323456,-9.84256362915039,0.8152256608009338,0.0388624407351017,-0.0077192517928779125,-0.0463155098259449
1887334599900,0.4704606235027313,-9.818621635437012,0.8259996175765991,0.0372653529047966,-0.00692070834338665,-0.0447184219956398
1887335837175,0.4572925269603729,-9.87967300415039,0.7996633648872375,0.038063894957304,-0.006122165359556675,-0.0425889752805233
1887337074450,0.45250412821769714,-9.909601211547852,0.7493851184844971,0.0372653529047966,-0.0026618109550327063,-0.0457831472158432
1887338311725,0.4944026470184326,-9.891644477844238,0.8487445116043091,0.0377977155148983,-0.0007985432748682797,-0.0492435023188591
1887339549025,0.4513070285320282,-9.862914085388184,0.8068459630012512,0.0364668108522892,-0.0002661811013240367,-0.0471140518784523
1887340786300,0.44173023104667664,-9.861717224121094,0.8212112188339233,0.0322079136967659,0.0007985432748682797,-0.0495096817612648
1887342023587,0.46567222476005554,-9.859322547912598,0.767341673374176,0.033538818359375,0.0005323622026480734,-0.0505744069814682
1887343260850,0.4728548526763916,-9.888052940368652,0.8248025178909302,0.0356682650744915,0.0021294488105922937,-0.0492435023188591
1887344498137,0.5171476006507874,-9.852140426635742,0.8080430626869202,0.0276828333735466,0.007985432632267475,-0.043121337890625
1887345735400,0.4967968463897705,-9.9371337890625,0.8164227604866028,0.0354020856320858,0.007985432632267475,-0.0412580706179142
1887346972700,0.456095427274704,-9.837775230407715,0.8200140595436096,0.0338049978017807,0.005855984054505825,-0.0439198799431324
1887348210000,0.4572925269603729,-9.827000617980957,0.7841010689735413,0.0359344482421875,0.004791259765625,-0.0447184219956398
1887349447250,0.4596867263317108,-9.850942611694336,0.7864952683448792,0.0359344482421875,0.0114457868039608,-0.0471140518784523
1887350684537,0.5039794445037842,-9.84495735168457,0.8044517636299133,0.033538818359375,0.00931633822619915,-0.0465816929936409
1887351921825,0.45250412821769714,-9.838972091674805,0.8487445116043091,0.0338049978017807,0.010647243820130825,-0.0449846051633358
1887353159100,0.44532153010368347,-9.849745750427246,0.8032546639442444,0.0367329902946949,0.0119781494140625,-0.0481787770986557
1887354396400,0.43933600187301636,-9.818621635437012,0.8188169598579407,0.0359344482421875,0.008517795242369175,-0.0505744069814682
1887355633662,0.4273650050163269,-9.84376049041748,0.7829039692878723,0.0343373604118824,0.010913425125181675,-0.0537685826420784
1887356870937,0.42616790533065796,-9.884461402893066,0.7793126702308655,0.0330064557492733,0.015172322280704975,-0.0503082275390625
1887358108225,0.41778820753097534,-9.86650562286377,0.7948749661445618,0.0354020856320858,0.013042873702943325,-0.0487111397087574
1887359345500,0.4297592043876648,-9.861717224121094,0.768538773059845,0.033272635191679,0.0186326764523983,-0.0487111397087574
1887360582800,0.45848962664604187,-9.84615421295166,0.7589619159698486,0.0314093679189682,0.02076212503015995,-0.0455169677734375
1887361820075,0.43335050344467163,-9.870096206665039,0.8104372620582581,0.0346035435795784,0.01943122036755085,-0.0487111397087574
1887363057350,0.4668693244457245,-9.86650562286377,0.849941611289978,0.0322079136967659,0.0157046839594841,-0.0516391322016716
1887364294637,0.4704606235027313,-9.891644477844238,0.888248860836029,0.0314093679189682,0.01996358297765255,-0.0484449602663517
1887365531912,0.46088382601737976,-9.896432876586914,0.8571242094039917,0.0324740931391716,0.0210283063352108,-0.0457831472158432
1887366769200,0.507570743560791,-9.897629737854004,0.7996633648872375,0.0330064557492733,0.0223592109978199,-0.0487111397087574
1887368006475,0.47165775299072266,-9.855731010437012,0.8523358106613159,0.03034464456140995,0.0220930315554142,-0.0519053116440773
1887369243750,0.5135562419891357,-9.913191795349121,0.8631097078323364,0.0322079136967659,0.02555338479578495,-0.0489773228764534
1887370481037,0.47884035110473633,-9.90241813659668,0.8391677141189575,0.02901373989880085,0.0271504707634449,-0.0519053116440773
1887371718325,0.4991910457611084,-9.876082420349121,0.8319851160049438,0.0324740931391716,0.0220930315554142,-0.0497758649289608
1887372955600,0.50876784324646,-9.895236015319824,0.8248025178909302,0.0330064557492733,0.0276828333735466,-0.052437674254179
1887374192887,0.5015852451324463,-9.872490882873535,0.8140285611152649,0.0292799212038517,0.02981228195130825,-0.04791259765625
1887375430162,0.48243165016174316,-9.86889934539795,0.8343793153762817,0.0306108258664608,0.0314093679189682,-0.0457831472158432
1887376667462,0.49799394607543945,-9.86889934539795,0.8343793153762817,0.03087700717151165,0.0316755510866642,-0.052437674254179
1887377904725,0.5267243981361389,-9.849745750427246,0.8367735147476196,0.0311431884765625,0.02794901467859745,-0.0516391322016716
1887379141987,0.50876784324646,-9.850942611694336,0.8427590131759644,0.03034464456140995,0.0311431884765625,-0.0508405901491642
1887380379275,0.4836287498474121,-9.873687744140625,0.788889467716217,0.02741665206849575,0.0346035435795784,-0.0513729527592659
1887381616575,0.507570743560791,-9.858125686645508,0.8176198601722717,0.0292799212038517,0.033272635191679,-0.0529700368642807
1887382853837,0.5063736438751221,-9.832986831665039,0.829590916633606,0.02794901467859745,0.0364668108522892,-0.0561642125248909
1887384091150,0.5003881454467773,-9.894038200378418,0.8200140595436096,0.02794901467859745,0.0372653529047966,-0.0519053116440773
1887385328412,0.5111620426177979,-9.806650161743164,0.8259996175765991,0.0258195661008358,0.0396609827876091,-0.0548333041369915
1887386565700,0.5291185975074768,-9.837775230407715,0.7864952683448792,0.0263519287109375,0.0415242500603199,-0.0553656667470932
1887387802975,0.5147533416748047,-9.841365814208984,0.8271967172622681,0.03034464456140995,0.038330078125,-0.0561642125248909
1887389040250,0.52552729845047,-9.829395294189453,0.8200140595436096,0.02874755859375,0.0369991734623909,-0.0561642125248909
1887390277537,0.5327098965644836,-9.824606895446777,0.8367735147476196,0.0311431884765625,0.0362006276845932,-0.0550994873046875
1887391514812,0.5386953949928284,-9.804256439208984,0.8427590131759644,0.02794901467859745,0.0396609827876091,-0.0574951171875
1887392752112,0.5339069962501526,-9.836577415466309,0.8367735147476196,0.0295461006462574,0.038330078125,-0.0569627545773983
1887393989375,0.5805939435958862,-9.818621635437012,0.8607155084609985,0.03087700717151165,0.0425889752805233,-0.0588260218501091
1887395226675,0.585382342338562,-9.795876502990723,0.8248025178909302,0.033272635191679,0.0409918874502182,-0.0641496405005455
1887396463937,0.5482721924781799,-9.862914085388184,0.8415619134902954,0.0306108258664608,0.0417904332280159,-0.0630849227309227
1887397701237,0.5710170865058899,-9.81263542175293,0.8367735147476196,0.0322079136967659,0.0444522425532341,-0.0633511021733284
1887398938500,0.5758054852485657,-9.807847023010254,0.8547300100326538,0.0295461006462574,0.0439198799431324,-0.0633511021733284
1887400175787,0.52552729845047,-9.829395294189453,0.8343793153762817,0.03034464456140995,0.0369991734623909,-0.0625525563955307
1887401413062,0.5566518902778625,-9.792284965515137,0.8571242094039917,0.02741665206849575,0.0468478724360466,-0.0652143657207489
1887402650337,0.5374982953071594,-9.827000617980957,0.8343793153762817,0.0271504707634449,0.0441860631108284,-0.0630849227309227
1887403887625,0.5518634915351868,-9.806650161743164,0.8236054182052612,0.03087700717151165,0.0399271659553051,-0.0654805526137352
1887405124912,0.6057330369949341,-9.805453300476074,0.8547300100326538,0.0367329902946949,0.0407257080078125,-0.0636172816157341
1887406362187,0.5267243981361389,-9.855731010437012,0.8463503122329712,0.0367329902946949,0.0436537005007267,-0.0662790909409523
1887407599475,0.5482721924781799,-9.817423820495605,0.849941611289978,0.03087700717151165,0.0484449602663517,-0.0636172816157341
1887408836750,0.5422866940498352,-9.785102844238281,0.7996633648872375,0.0295461006462574,0.052703857421875,-0.0628187358379364
1887410074025,0.5039794445037842,-9.769539833068848,0.8152256608009338,0.02874755859375,0.0497758649289608,-0.0694732666015625
1887411311325,0.5339069962501526,-9.791088104248047,0.8319851160049438,0.0276828333735466,0.0452507846057415,-0.0601569265127182
1887412548600,0.5650315880775452,-9.832986831665039,0.8056488633155823,0.03034464456140995,0.0511067695915699,-0.0630849227309227
1887413785875,0.6045359373092651,-9.795876502990723,0.8523358106613159,0.0292799212038517,0.0481787770986557,-0.0646820068359375
1887415023175,0.5734112858772278,-9.80904483795166,0.8667010068893433,0.03034464456140995,0.047646414488554,-0.0598907470703125
1887416260462,0.6177040338516235,-9.774328231811523,0.8188169598579407,0.0354020856320858,0.04791259765625,-0.0614878311753273
1887417497700,0.568622887134552,-9.803058624267578,0.8571242094039917,0.0356682650744915,0.0471140518784523,-0.0628187358379364
1887418735012,0.5434837937355042,-9.818621635437012,0.8487445116043091,0.0330064557492733,0.0449846051633358,-0.0617540143430233
1887419972287,0.5793968439102173,-9.80904483795166,0.8248025178909302,0.0348697230219841,0.0473802350461483,-0.0593583844602108
1887421209550,0.5590460896492004,-9.803058624267578,0.8403648138046265,0.0343373604118824,0.0492435023188591,-0.0668114572763443
1887422446862,0.6009446382522583,-9.805453300476074,0.8571242094039917,0.0319417305290699,0.047646414488554,-0.0630849227309227
1887423684150,0.6883329749107361,-9.823410034179688,0.8475474119186401,0.0340711809694767,0.0465816929936409,-0.0606892891228199
1887424921400,0.5973533391952515,-9.813833236694336,0.8463503122329712,0.0369991734623909,0.0468478724360466,-0.0644158273935318
1887426158700,0.5949591398239136,-9.803058624267578,0.8451532125473022,0.0372653529047966,0.0535023994743824,-0.0641496405005455
1887427395962,0.6141127347946167,-9.828198432922363,0.8259996175765991,0.0316755510866642,0.04791259765625,-0.0654805526137352
1887428633275,0.6404489874839783,-9.786299705505371,0.851138710975647,0.0324740931391716,0.0497758649289608,-0.0684085413813591
1887429870550,0.6200982332229614,-9.7791166305542,0.8248025178909302,0.0354020856320858,0.0441860631108284,-0.062286376953125
1887431107825,0.6260837316513062,-9.72165584564209,0.8523358106613159,0.0351359061896801,0.0436537005007267,-0.0612216517329216
1887432345100,0.6033388376235962,-9.734824180603027,0.8571242094039917,0.0316755510866642,0.0513729527592659,-0.071336530148983
1887433582387,0.6308721303939819,-9.7420072555542,0.8702923059463501,0.0340711809694767,0.0495096817612648,-0.0673438161611557
1887434819650,0.6763619780540466,-9.770737648010254,0.8571242094039917,0.0316755510866642,0.0489773228764534,-0.06707763671875
1887436056950,0.6607996821403503,-9.77791976928711,0.8403648138046265,0.02608574740588665,0.0484449602663517,-0.0660129114985466
1887437294225,0.6931213736534119,-9.771934509277344,0.8535329103469849,0.02848137728869915,0.0433875173330307,-0.0649481862783432
1887438531487,0.6416460871696472,-9.7791166305542,0.8750807046890259,0.0295461006462574,0.0436537005007267,-0.0678761824965477
1887439768800,0.6512228846549988,-9.737218856811523,0.829590916633606,0.0343373604118824,0.0471140518784523,-0.0668114572763443
1887441006075,0.6835445761680603,-9.733627319335938,0.8535329103469849,0.0359344482421875,0.0471140518784523,-0.0684085413813591
1887442243362,0.6643909811973572,-9.710882186889648,0.8822633624076843,0.0377977155148983,0.0452507846057415,-0.06707763671875
1887443480637,0.6967126727104187,-9.697713851928711,0.8307880163192749,0.0367329902946949,0.0425889752805233,-0.0654805526137352
1887444717912,0.6775590777397156,-9.697713851928711,0.8702923059463501,0.0377977155148983,0.0441860631108284,-0.0681423619389534
1887445955200,0.6991068720817566,-9.716867446899414,0.8391677141189575,0.0425889752805233,0.043121337890625,-0.0700056254863739
1887447192475,0.6967126727104187,-9.6989107131958,0.8966285586357117,0.0425889752805233,0.0391286201775074,-0.0660129114985466
1887448429750,0.6823474764823914,-9.718064308166504,0.8379706144332886,0.0460493303835392,0.0385962575674057,-0.0681423619389534
1887449667025,0.6572083830833435,-9.703699111938477,0.8379706144332886,0.0388624407351017,0.0417904332280159,-0.0697394460439682
1887450904337,0.6991068720817566,-9.696516990661621,0.8523358106613159,0.0436537005007267,0.0377977155148983,-0.066545270383358
1887452141612,0.6979097723960876,-9.677363395690918,0.8667010068893433,0.0455169677734375,0.0420566126704216,-0.0697394460439682
1887453378862,0.6967126727104187,-9.673771858215332,0.8248025178909302,0.0444522425532341,0.0417904332280159,-0.0731998011469841
1887454616175,0.6967126727104187,-9.653421401977539,0.8236054182052612,0.0468478724360466,0.0401933453977108,-0.071336530148983
1887455853450,0.7362170219421387,-9.682151794433594,0.8798691034317017,0.0495096817612648,0.0423227921128273,-0.0721350759267807
1887457090725,0.706289529800415,-9.713275909423828,0.9074024558067322,0.0497758649289608,0.0391286201775074,-0.0710703507065773
1887458328000,0.7182605266571045,-9.72285270690918,0.8834604620933533,0.0508405901491642,0.0316755510866642,-0.0734659805893898
1887459565300,0.6967126727104187,-9.7420072555542,0.8918401598930359,0.0492435023188591,0.0367329902946949,-0.0731998011469841
1887460802575,0.7038953304290771,-9.747992515563965,0.8487445116043091,0.0508405901491642,0.0351359061896801,-0.0708041712641716
1887462039862,0.729034423828125,-9.718064308166504,0.8583213090896606,0.0500420443713665,0.0356682650744915,-0.0705379918217659
1887463277125,0.7589619159698486,-9.7791166305542,0.8655039072036743,0.0540347620844841,0.0364668108522892,-0.0731998011469841
1887464514412,0.7206547260284424,-9.771934509277344,0.8870517611503601,0.0535023994743824,0.0316755510866642,-0.0734659805893898
1887465751700,0.7481880187988281,-9.77791976928711,0.8930372595787048,0.0516391322016716,0.0330064557492733,-0.0769263356924057
1887466988975,0.7254431247711182,-9.757569313049316,0.8463503122329712,0.0481787770986557,0.0316755510866642,-0.07666015625
1887468226262,0.7158663272857666,-9.732430458068848,0.8798691034317017,0.0468478724360466,0.0327402763068676,-0.0739983469247818
1887469463550,0.7170634269714355,-9.769539833068848,0.8667010068893433,0.0492435023188591,0.02874755859375,-0.0726674422621727
1887470700800,0.7086837291717529,-9.747992515563965,0.8427590131759644,0.0532362200319767,0.0316755510866642,-0.0801205113530159
1887471938100,0.6799532771110535,-9.774328231811523,0.8774749040603638,0.0540347620844841,0.0340711809694767,-0.0758616104722023
1887473175387,0.6883329749107361,-9.75397777557373,0.8990227580070496,0.0550994873046875,0.0369991734623909,-0.0763939768075943
1887474412687,0.6991068720817566,-9.746795654296875,0.9014169573783875,0.0543009415268898,0.0348697230219841,-0.0755954310297966
1887475649950,0.7589619159698486,-9.738415718078613,0.9014169573783875,0.0489773228764534,0.0263519287109375,-0.0747968852519989
1887476887225,0.7601590752601624,-9.747992515563965,0.8786720037460327,0.0556318499147892,0.0282151959836483,-0.0782572403550148
1887478124512,0.7613561749458313,-9.733627319335938,0.8978256583213806,0.0550994873046875,0.0258195661008358,-0.076127789914608
1887479361775,0.7841010689735413,-9.750386238098145,0.9038111567497253,0.0598907470703125,0.0210283063352108,-0.0753292515873909
1887480599087,0.767341673374176,-9.739612579345703,0.8738836050033569,0.0558980293571949,0.0247548408806324,-0.0777248814702034
1887481836350,0.7613561749458313,-9.734824180603027,0.9169792532920837,0.062020193785429,0.0234239362180233,-0.080919049680233
1887483073637,0.7266402244567871,-9.740809440612793,0.8667010068893433,0.0606892891228199,0.0228915736079216,-0.0782572403550148
1887484310925,0.7565677165985107,-9.732430458068848,0.8631097078323364,0.0638834610581398,0.0220930315554142,-0.07666015625
1887485548212,0.7362170219421387,-9.759963035583496,0.8798691034317017,0.0612216517329216,0.0196974016726017,-0.0729336217045784
1887486785487,0.7829039692878723,-9.763554573059082,0.8966285586357117,0.0601569265127182,0.02315775491297245,-0.0811852365732193
1887488022750,0.7481880187988281,-9.758766174316406,0.9265560507774353,0.0628187358379364,0.0204959437251091,-0.0811852365732193
1887489260050,0.7218518257141113,-9.736021041870117,0.8439561128616333,0.0609554722905159,0.023956298828125,-0.0790557861328125
1887490497337,0.7733271718025208,-9.75517463684082,0.872686505317688,0.06707763671875,0.0186326764523983,-0.0747968852519989
1887491734612,0.7733271718025208,-9.734824180603027,0.8738836050033569,0.0636172816157341,0.01943122036755085,-0.0763939768075943
1887492971887,0.7050924301147461,-9.789891242980957,0.8966285586357117,0.0638834610581398,0.01943122036755085,-0.0811852365732193
1887494209175,0.7326257228851318,-9.733627319335938,0.888248860836029,0.0649481862783432,0.01836649514734745,-0.0806528702378273
1887495446462,0.7709329724311829,-9.743204116821289,0.8918401598930359,0.0625525563955307,0.0173017717897892,-0.080919049680233
1887496683737,0.7553706169128418,-9.756372451782227,0.8774749040603638,0.0649481862783432,0.0162370465695858,-0.0747968852519989
1887497921012,0.7625532746315002,-9.736021041870117,0.9157821536064148,0.062286376953125,0.015172322280704975,-0.0758616104722023
1887499158300,0.7972691655158997,-9.733627319335938,0.9062053561210632,0.0662790909409523,0.0157046839594841,-0.0787896066904068
1887500395587,0.7972691655158997,-9.747992515563965,0.9361328482627869,0.0633511021733284,0.01117960549890995,-0.07666015625
1887501632862,0.8068459630012512,-9.750386238098145,0.9277531504631042,0.0668114572763443,0.015438503585755825,-0.081451416015625
1887502870150,0.7565677165985107,-9.77791976928711,0.94930100440979,0.06707763671875,0.01117960549890995,-0.0833146795630455
1887504107450,0.788889467716217,-9.757569313049316,0.9433155059814453,0.0729336217045784,0.00958251953125,-0.0843794047832489
1887505344700,0.7817068696022034,-9.781511306762695,0.9313444495201111,0.0657467320561409,0.010381062515079975,-0.0865088552236557
1887506581975,0.7445967197418213,-9.801861763000488,0.93254154920578,0.066545270383358,0.0063883461989462376,-0.0819837749004364
1887507819275,0.7433996200561523,-9.825803756713867,0.910993754863739,0.0676099956035614,0.0021294488105922937,-0.081451416015625
1887509056550,0.7230489253997803,-9.84376049041748,0.9085995554924011,0.0697394460439682,0.0071868896484375,-0.0825161412358284
1887510293825,0.7529764175415039,-9.840168952941895,0.872686505317688,0.0689409002661705,0.005855984054505825,-0.076127789914608
1887511531125,0.7254431247711182,-9.840168952941895,0.9217676520347595,0.06707763671875,0.0031941730994731188,-0.0835808664560318
1887512768412,0.7817068696022034,-9.862914085388184,0.8463503122329712,0.066545270383358,0.007453070487827063,-0.0811852365732193
1887514005675,0.7541735172271729,-9.858125686645508,0.8834604620933533,0.0692070871591568,0.0071868896484375,-0.0785234197974205
1887515242975,0.7733271718025208,-9.86650562286377,0.8930372595787048,0.0668114572763443,0.0021294488105922937,-0.07666015625
1887516480250,0.7589619159698486,-9.84495735168457,0.8906430602073669,0.0676099956035614,0.0010647244052961469,-0.0758616104722023
1887517717525,0.7565677165985107,-9.818621635437012,0.9576807022094727,0.0646820068359375,0.0,-0.076127789914608
1887518954825,0.7781155705451965,-9.823410034179688,0.9313444495201111,0.066545270383358,0.0039927163161337376,-0.0726674422621727
1887520192087,0.7398083209991455,-9.859322547912598,0.910993754863739,0.0681423619389534,0.0013309054775163531,-0.0710703507065773
1887521429362,0.768538773059845,-9.84256362915039,0.9038111567497253,0.0654805526137352,0.0015970865497365594,-0.0750630721449852
1887522666662,0.7661445736885071,-9.806650161743164,0.8930372595787048,0.0654805526137352,0.0031941730994731188,-0.0739983469247818
1887523903937,0.7649474740028381,-9.853337287902832,0.912190854549408,0.0692070871591568,0.0021294488105922937,-0.0737321600317955
1887525141225,0.7613561749458313,-9.84376049041748,0.9289502501487732,0.0585598424077034,-0.0002661811013240367,-0.0747968852519989
1887526378500,0.7422025203704834,-9.805453300476074,0.9145850539207458,0.0633511021733284,-0.0042588976211845875,-0.0686747208237648
1887527615787,0.7422025203704834,-9.821015357971191,0.912190854549408,0.0692070871591568,-0.0007985432748682797,-0.0678761824965477
1887528853062,0.751779317855835,-9.831789016723633,0.9014169573783875,0.0708041712641716,0.0,-0.0662790909409523
1887530090350,0.7110779285430908,-9.838972091674805,0.8834604620933533,0.0681423619389534,-0.0031941730994731188,-0.066545270383358
1887531327612,0.7134721279144287,-9.81263542175293,0.9085995554924011,0.0636172816157341,-0.0077192517928779125,-0.066545270383358
1887532564900,0.727837324142456,-9.858125686645508,0.9349357485771179,0.062286376953125,0.0007985432748682797,-0.0702718123793602
1887533802187,0.7410054206848145,-9.835380554199219,0.9181763529777527,0.0662790909409523,0.0,-0.0625525563955307
1887535039462,0.7266402244567871,-9.848548889160156,0.9253589510917664,0.0726674422621727,-0.0021294488105922937,-0.0604231096804142
1887536276762,0.7350199222564697,-9.897629737854004,0.9157821536064148,0.0638834610581398,-0.0018632676219567657,-0.06707763671875
1887537514025,0.7122750282287598,-9.897629737854004,0.9014169573783875,0.0604231096804142,-0.0018632676219567657,-0.0681423619389534
1887538751312,0.7326257228851318,-9.876082420349121,0.9528923034667969,0.0636172816157341,-0.0026618109550327063,-0.0641496405005455
1887539988587,0.7398083209991455,-9.888052940368652,0.8978256583213806,0.0630849227309227,-0.0037265352439135313,-0.0646820068359375
1887541225862,0.7206547260284424,-9.904812812805176,0.9253589510917664,0.0612216517329216,-0.0039927163161337376,-0.0644158273935318
1887542463162,0.7362170219421387,-9.908403396606445,0.9229647517204285,0.0582936592400074,-0.005855984054505825,-0.0606892891228199
1887543700437,0.7541735172271729,-9.93474006652832,0.8822633624076843,0.062286376953125,0.0010647244052961469,-0.0660129114985466
1887544937725,0.7398083209991455,-9.947908401489258,0.8930372595787048,0.0617540143430233,-0.0015970865497365594,-0.0636172816157341
1887546175012,0.727837324142456,-9.93474006652832,0.9373299479484558,0.0582936592400074,0.0007985432748682797,-0.0596245639026165
1887547412287,0.7613561749458313,-9.943120002746582,0.9277531504631042,0.0543009415268898,0.0015970865497365594,-0.0582936592400074
1887548649575,0.7326257228851318,-9.939528465270996,0.9193734526634216,0.057228934019804,-0.0002661811013240367,-0.0545671246945858
1887549886862,0.7661445736885071,-9.9586820602417,0.9421183466911316,0.0556318499147892,-0.0023956298828125,-0.0588260218501091
1887551124150,0.7721300721168518,-9.928754806518555,0.9014169573783875,0.0553656667470932,-0.0015970865497365594,-0.0577612966299057
1887552361437,0.7433996200561523,-9.953893661499023,0.9445126056671143,0.0548333041369915,-0.0026618109550327063,-0.052703857421875
1887553598712,0.8068459630012512,-9.980230331420898,0.9540894031524658,0.0553656667470932,-0.0042588976211845875,-0.0543009415268898
1887554835987,0.7697358727455139,-9.971850395202637,0.9349357485771179,0.0561642125248909,-0.00692070834338665,-0.052437674254179
1887556073275,0.7469909191131592,-9.940725326538086,0.9074024558067322,0.0503082275390625,-0.007453070487827063,-0.0529700368642807
1887557310562,0.7793126702308655,-9.939528465270996,0.94930100440979,0.0535023994743824,-0.005855984054505825,-0.04791259765625
1887558547837,0.7601590752601624,-9.940725326538086,0.9349357485771179,0.0505744069814682,-0.00958251953125,-0.0425889752805233
1887559785125,0.7374141216278076,-9.891644477844238,0.9265560507774353,0.0508405901491642,-0.00452507846057415,-0.0481787770986557
1887561022412,0.7924807667732239,-9.932345390319824,0.9313444495201111,0.0492435023188591,-0.004791259765625,-0.0455169677734375
1887562259675,0.729034423828125,-9.929951667785645,0.912190854549408,0.04791259765625,-0.008517795242369175,-0.0433875173330307
1887563496962,0.7709329724311829,-9.898826599121094,0.9421183466911316,0.04791259765625,-0.0042588976211845875,-0.0425889752805233
1887564734237,0.7793126702308655,-9.892841339111328,0.9097966551780701,0.0473802350461483,-0.00692070834338665,-0.0444522425532341
1887565971525,0.7410054206848145,-9.932345390319824,0.9361328482627869,0.0457831472158432,-0.010114881210029125,-0.0452507846057415
1887567208812,0.7529764175415039,-9.885659217834473,0.9588778018951416,0.0436537005007267,-0.00931633822619915,-0.0457831472158432
1887568446087,0.768538773059845,-9.885659217834473,0.9660604000091553,0.047646414488554,-0.0071868896484375,-0.0425889752805233
1887569683387,0.7948749661445618,-9.910798072814941,0.9528923034667969,0.0444522425532341,-0.006122165359556675,-0.0409918874502182
1887570920650,0.7493851184844971,-9.919178009033203,0.9265560507774353,0.0457831472158432,-0.0066545275039970875,-0.0441860631108284
1887572157937,0.7529764175415039,-9.929951667785645,0.9289502501487732,0.0457831472158432,-0.004791259765625,-0.0417904332280159
1887573395237,0.7206547260284424,-9.913191795349121,0.9540894031524658,0.0471140518784523,-0.00452507846057415,-0.0362006276845932
1887574632500,0.7254431247711182,-9.906009674072266,0.9648633003234863,0.0457831472158432,-0.004791259765625,-0.0417904332280159
1887575869775,0.7242460250854492,-9.90361499786377,0.9457097053527832,0.047646414488554,-0.0039927163161337376,-0.0425889752805233
1887577107062,0.7541735172271729,-9.904812812805176,0.94930100440979,0.0401933453977108,-0.0021294488105922937,-0.0375315360724926
1887578344325,0.7625532746315002,-9.880870819091797,0.9528923034667969,0.0407257080078125,-0.005589802749454975,-0.0338049978017807
1887579581637,0.7350199222564697,-9.882067680358887,0.9528923034667969,0.042855154722929,-0.0037265352439135313,-0.0396609827876091
1887580818912,0.7589619159698486,-9.90122127532959,0.9385270476341248,0.0391286201775074,-0.00692070834338665,-0.0346035435795784
1887582056200,0.7314286231994629,-9.852140426635742,0.9253589510917664,0.0417904332280159,-0.01224433071911335,-0.0322079136967659
1887583293487,0.7350199222564697,-9.894038200378418,0.9792284965515137,0.0404595248401165,-0.008783976547420025,-0.033538818359375
1887584530775,0.7829039692878723,-9.908403396606445,0.9744400978088379,0.038063894957304,-0.0066545275039970875,-0.033538818359375
1887585768050,0.729034423828125,-9.86889934539795,0.9361328482627869,0.0433875173330307,-0.007453070487827063,-0.0300784632563591
1887587005325,0.7481880187988281,-9.886856079101562,0.9469068050384521,0.0372653529047966,-0.007453070487827063,-0.0295461006462574
1887588242600,0.7613561749458313,-9.953893661499023,0.9720458984375,0.0391286201775074,-0.010381062515079975,-0.0327402763068676
1887589479912,0.7769184708595276,-9.904812812805176,0.973242998123169,0.0417904332280159,-0.010114881210029125,-0.0306108258664608
1887590717175,0.7098808288574219,-9.909601211547852,0.9540894031524658,0.033272635191679,-0.010647243820130825,-0.02981228195130825
1887591954450,0.7374141216278076,-9.895236015319824,0.9193734526634216,0.0340711809694767,-0.0090501569211483,-0.03034464456140995
1887593191750,0.7122750282287598,-9.931148529052734,0.9576807022094727,0.0351359061896801,-0.010381062515079975,-0.0300784632563591
1887594429012,0.729034423828125,-9.97065258026123,0.9397241473197937,0.0306108258664608,-0.005589802749454975,-0.033272635191679
1887595666312,0.6859387755393982,-9.956287384033203,0.9373299479484558,0.0343373604118824,-0.00452507846057415,-0.0319417305290699
1887596903587,0.7445967197418213,-9.950302124023438,0.9313444495201111,0.0324740931391716,-0.008517795242369175,-0.02555338479578495
1887598140850,0.7314286231994629,-9.922768592834473,0.970848798751831,0.033538818359375,-0.0042588976211845875,-0.0234239362180233
1887599378175,0.7170634269714355,-9.981427192687988,0.9469068050384521,0.0311431884765625,-0.006122165359556675,-0.02315775491297245
1887600615437,0.7182605266571045,-9.99100399017334,0.9600749015808105,0.02874755859375,-0.007453070487827063,-0.02262539230287075
1887601852712,0.7015011310577393,-9.995792388916016,0.9516952037811279,0.0306108258664608,-0.0071868896484375,-0.0167694091796875
1887603090000,0.6883329749107361,-10.006566047668457,0.9528923034667969,0.0276828333735466,-0.007453070487827063,-0.0210283063352108
1887604327275,0.6883329749107361,-9.986215591430664,0.9253589510917664,0.02981228195130825,-0.0021294488105922937,-0.0204959437251091
1887605564562,0.7206547260284424,-9.963470458984375,0.9349357485771179,0.0234239362180233,-0.005057440605014563,-0.0196974016726017
1887606801862,0.7098808288574219,-9.99220085144043,0.9552865028381348,0.02262539230287075,-0.010114881210029125,-0.01703559048473835
1887608039112,0.7206547260284424,-10.013749122619629,0.9038111567497253,0.02794901467859745,-0.008783976547420025,-0.01650322787463665
1887609276400,0.7589619159698486,-9.976638793945312,0.9002198576927185,0.0228915736079216,-0.0042588976211845875,-0.0167694091796875
1887610513700,0.7086837291717529,-10.002974510192871,0.9624691009521484,0.01943122036755085,-0.0015970865497365594,-0.02022976242005825
1887611750975,0.7218518257141113,-9.982624053955078,0.9217676520347595,0.0223592109978199,-0.01117960549890995,-0.01357523538172245
1887612988262,0.7445967197418213,-9.982624053955078,0.889445960521698,0.01783413253724575,-0.007985432632267475,-0.013042873702943325
1887614225537,0.7314286231994629,-9.995792388916016,0.9421183466911316,0.014906140975654125,0.0007985432748682797,-0.01703559048473835
1887615462825,0.7182605266571045,-9.964667320251465,0.9756371974945068,0.01756795309484005,-0.0031941730994731188,-0.01889885775744915
1887616700112,0.7541735172271729,-9.956287384033203,0.9528923034667969,0.0181003138422966,-0.00452507846057415,-0.013309055007994175
1887617937387,0.7422025203704834,-9.949105262756348,0.9564836025238037,0.01597086526453495,-0.00452507846057415,-0.012776692397892475
1887619174662,0.7254431247711182,-9.956287384033203,1.0019733905792236,0.01357523538172245,-0.010647243820130825,-0.008517795242369175
1887620411950,0.7242460250854492,-9.926360130310059,0.9576807022094727,0.010913425125181675,-0.0015970865497365594,-0.012776692397892475
1887621649237,0.7015011310577393,-9.949105262756348,0.9229647517204285,0.010647243820130825,0.0023956298828125,-0.013042873702943325
1887622886525,0.6811503767967224,-9.93354320526123,0.9277531504631042,0.008251613937318325,-0.0029279920272529125,-0.008517795242369175
1887624123800,0.7206547260284424,-9.951498985290527,0.9576807022094727,0.0063883461989462376,-0.003460354171693325,-0.008517795242369175
1887625361075,0.7230489253997803,-9.876082420349121,0.9409212470054626,0.008251613937318325,-0.005589802749454975,-0.0063883461989462376
1887626598350,0.7457938194274902,-9.914389610290527,0.973242998123169,0.008517795242369175,0.0005323622026480734,-0.003460354171693325
1887627835637,0.7206547260284424,-9.921571731567383,0.9385270476341248,0.008783976547420025,0.005589802749454975,-0.005855984054505825
1887629072912,0.6643909811973572,-9.90122127532959,0.9026140570640564,0.0015970865497365594,0.0002661811013240367,-0.005589802749454975
1887630310212,0.7134721279144287,-9.916783332824707,0.9289502501487732,-0.00452507846057415,-0.0053236219100654125,-0.005855984054505825
1887631547500,0.7374141216278076,-9.87967300415039,0.9026140570640564,0.0,-0.0013309054775163531,-0.008251613937318325
1887632784775,0.6560112833976746,-9.93593692779541,0.9074024558067322,0.0053236219100654125,-0.0021294488105922937,-0.007453070487827063
1887634022075,0.6955155730247498,-9.90241813659668,0.888248860836029,0.0013309054775163531,0.0029279920272529125,-0.0031941730994731188
1887635259337,0.6332663297653198,-9.949105262756348,0.9133879542350769,-0.0039927163161337376,0.0023956298828125,-0.006122165359556675
1887636496612,0.727837324142456,-9.950302124023438,0.9062053561210632,-0.0021294488105922937,-0.0018632676219567657,-0.0071868896484375
1887637733900,0.7314286231994629,-9.940725326538086,0.9409212470054626,0.0,-0.00452507846057415,-0.0090501569211483
1887638971212,0.7038953304290771,-9.93593692779541,0.9301473498344421,-0.0018632676219567657,0.0,-0.0071868896484375
1887640208475,0.7158663272857666,-9.919178009033203,0.9038111567497253,-0.0071868896484375,0.0031941730994731188,-0.0031941730994731188
1887641445750,0.6823474764823914,-9.955090522766113,0.9457097053527832,-0.0031941730994731188,0.0005323622026480734,-0.0071868896484375
1887642683037,0.7134721279144287,-9.906009674072266,0.912190854549408,-0.003460354171693325,0.0023956298828125,-0.0037265352439135313
1887643920350,0.6979097723960876,-9.982624053955078,0.9241618514060974,-0.006122165359556675,-0.0026618109550327063,0.0029279920272529125
1887645157600,0.706289529800415,-9.971850395202637,0.8858546614646912,-0.013309055007994175,-0.003460354171693325,0.0007985432748682797
1887646394900,0.6883329749107361,-9.927556991577148,0.9373299479484558,-0.012776692397892475,0.0007985432748682797,0.0015970865497365594
1887647632175,0.7110779285430908,-9.889249801635742,0.9481039047241211,-0.0077192517928779125,0.0015970865497365594,0.004791259765625
1887648869450,0.7326257228851318,-9.947908401489258,0.9373299479484558,-0.01117960549890995,-0.0013309054775163531,0.004791259765625
1887650106737,0.730231523513794,-9.953893661499023,0.9361328482627869,-0.010381062515079975,-0.0026618109550327063,0.0013309054775163531
1887651344037,0.6991068720817566,-9.908403396606445,0.9409212470054626,-0.01224433071911335,0.003460354171693325,0.0013309054775163531
1887652581300,0.6775590777397156,-9.9000244140625,0.9481039047241211,-0.01117960549890995,0.0023956298828125,0.004791259765625
1887653818600,0.7230489253997803,-9.916783332824707,0.9373299479484558,-0.008517795242369175,0.0023956298828125,0.0077192517928779125
1887655055862,0.6967126727104187,-9.883264541625977,0.9253589510917664,-0.0114457868039608,0.0002661811013240367,0.007453070487827063
1887656293150,0.6871358752250671,-9.897629737854004,0.9014169573783875,-0.015438503585755825,0.0015970865497365594,0.00931633822619915
1887657530437,0.6548141837120056,-9.896432876586914,0.9097966551780701,-0.01650322787463665,0.0002661811013240367,0.008783976547420025
1887658767700,0.6739677786827087,-9.904812812805176,0.9229647517204285,-0.01650322787463665,0.0029279920272529125,0.013309055007994175
1887660005000,0.6919242739677429,-9.894038200378418,0.8966285586357117,-0.0138414166867733,0.0031941730994731188,0.0157046839594841
1887661242287,0.7158663272857666,-9.916783332824707,0.9253589510917664,-0.0167694091796875,0.0002661811013240367,0.014906140975654125
1887662479575,0.6787561774253845,-9.9000244140625,0.910993754863739,-0.01650322787463665,0.004791259765625,0.0042588976211845875
1887663716850,0.6943184733390808,-9.921571731567383,0.9229647517204285,-0.0191650390625,0.0053236219100654125,0.010647243820130825
1887664954137,0.707486629486084,-9.914389610290527,0.9289502501487732,-0.0215606689453125,0.0026618109550327063,0.01357523538172245
1887666191425,0.6943184733390808,-9.877279281616211,0.8978256583213806,-0.01943122036755085,0.0026618109550327063,0.0090501569211483
1887667428700,0.6955155730247498,-9.892841339111328,0.910993754863739,-0.01889885775744915,0.005855984054505825,0.007453070487827063
1887668665987,0.7170634269714355,-9.876082420349121,0.9241618514060974,-0.02022976242005825,0.005057440605014563,0.008517795242369175
1887669903262,0.7038953304290771,-9.855731010437012,0.9097966551780701,-0.02076212503015995,0.0066545275039970875,0.0063883461989462376
1887671140537,0.6715735793113708,-9.848548889160156,0.9181763529777527,-0.0252872034907341,0.00452507846057415,0.007985432632267475
1887672377825,0.7026982307434082,-9.874884605407715,0.8906430602073669,-0.02076212503015995,0.0066545275039970875,0.010381062515079975
1887673615112,0.6596025824546814,-9.87967300415039,0.9062053561210632,-0.0244886614382267,0.00452507846057415,0.010647243820130825
1887674852387,0.7003040313720703,-9.877279281616211,0.9026140570640564,-0.02502102218568325,0.0071868896484375,0.00958251953125
1887676089687,0.7314286231994629,-9.864110946655273,0.9038111567497253,-0.0252872034907341,0.008251613937318325,0.00931633822619915
1887677326950,0.6536170840263367,-9.827000617980957,0.8906430602073669,-0.02741665206849575,0.01117960549890995,0.008251613937318325
1887678564250,0.629675030708313,-9.872490882873535,0.888248860836029,-0.02741665206849575,0.010913425125181675,0.008517795242369175
1887679801512,0.669179379940033,-9.892841339111328,0.9050082564353943,-0.02422248013317585,0.008517795242369175,0.010913425125181675
1887681038812,0.6739677786827087,-9.891644477844238,0.8870517611503601,-0.0268842913210392,0.00452507846057415,0.0042588976211845875
1887682276075,0.7218518257141113,-9.860519409179688,0.8870517611503601,-0.0292799212038517,0.014373779296875,0.004791259765625
1887683513375,0.6727706789970398,-9.873687744140625,0.872686505317688,-0.0268842913210392,0.014906140975654125,0.010114881210029125
1887684750662,0.6380547285079956,-9.8784761428833,0.8655039072036743,-0.02874755859375,0.010647243820130825,0.010114881210029125
1887685987937,0.6799532771110535,-9.86650562286377,0.8942343592643738,-0.0314093679189682,0.0119781494140625,0.0053236219100654125
1887687225212,0.7170634269714355,-9.895236015319824,0.8678981065750122,-0.033272635191679,0.010381062515079975,0.0039927163161337376
1887688462512,0.7338228225708008,-9.892841339111328,0.9097966551780701,-0.0311431884765625,0.0090501569211483,0.0053236219100654125
1887689699787,0.6955155730247498,-9.87967300415039,0.8822633624076843,-0.03087700717151165,0.0063883461989462376,0.0042588976211845875
1887690937062,0.7110779285430908,-9.827000617980957,0.8870517611503601,-0.0314093679189682,0.0063883461989462376,0.0071868896484375
1887692174362,0.707486629486084,-9.853337287902832,0.8822633624076843,-0.0282151959836483,0.007453070487827063,0.010114881210029125
1887693411637,0.6727706789970398,-9.800664901733398,0.8535329103469849,-0.0346035435795784,0.00692070834338665,0.005855984054505825
1887694648937,0.6991068720817566,-9.829395294189453,0.8678981065750122,-0.0351359061896801,0.01224433071911335,0.0026618109550327063
1887695886200,0.645237386226654,-9.830592155456543,0.9169792532920837,-0.03034464456140995,0.01943122036755085,-0.0010647244052961469
1887697123487,0.6655880808830261,-9.805453300476074,0.9265560507774353,-0.0372653529047966,0.01224433071911335,0.0015970865497365594
1887698360775,0.6991068720817566,-9.838972091674805,0.9133879542350769,-0.0324740931391716,0.012510511092841625,0.0023956298828125
1887699598050,0.6847416758537292,-9.781511306762695,0.871489405632019,-0.0346035435795784,0.010647243820130825,0.00452507846057415
1887700835325,0.6871358752250671,-9.793481826782227,0.8451532125473022,-0.0340711809694767,0.010913425125181675,0.003460354171693325
1887702072625,0.667982280254364,-9.785102844238281,0.8786720037460327,-0.0343373604118824,0.014906140975654125,-0.0005323622026480734
1887703309912,0.6799532771110535,-9.783905029296875,0.872686505317688,-0.0346035435795784,0.01171196810901165,0.0
1887704547187,0.6703764796257019,-9.799468040466309,0.8810662031173706,-0.0324740931391716,0.0114457868039608,0.0053236219100654125
1887705784475,0.6751648783683777,-9.77672290802002,0.8906430602073669,-0.0314093679189682,0.014373779296875,-0.003460354171693325
1887707021737,0.689530074596405,-9.758766174316406,0.8738836050033569,-0.0322079136967659,0.015438503585755825,-0.0005323622026480734
1887708259037,0.6715735793113708,-9.794679641723633,0.889445960521698,-0.0316755510866642,0.014373779296875,-0.0037265352439135313
1887709496325,0.6919242739677429,-9.749189376831055,0.8774749040603638,-0.0292799212038517,0.013309055007994175,-0.0031941730994731188
1887710733600,0.6991068720817566,-9.761160850524902,0.8738836050033569,-0.0324740931391716,0.014906140975654125,-0.00452507846057415
1887711970875,0.6871358752250671,-9.771934509277344,0.8930372595787048,-0.0316755510866642,0.015172322280704975,-0.007985432632267475
1887713208150,0.7086837291717529,-9.769539833068848,0.9026140570640564,-0.02901373989880085,0.012510511092841625,-0.01171196810901165
1887714445450,0.7206547260284424,-9.743204116821289,0.8942343592643738,-0.0330064557492733,0.0071868896484375,-0.006122165359556675
1887715682750,0.7086837291717529,-9.762357711791992,0.8702923059463501,-0.0268842913210392,0.01597086526453495,-0.005589802749454975
1887716920025,0.6811503767967224,-9.767146110534668,0.8331822156906128,-0.0247548408806324,0.01783413253724575,-0.007453070487827063
1887718157300,0.6835445761680603,-9.75517463684082,0.8702923059463501,-0.0282151959836483,0.01597086526453495,-0.008783976547420025
1887719394587,0.6607996821403503,-9.782708168029785,0.8702923059463501,-0.02661811001598835,0.015438503585755825,-0.008251613937318325
1887720631862,0.6883329749107361,-9.761160850524902,0.8403648138046265,-0.0204959437251091,0.0173017717897892,-0.006122165359556675
1887721869150,0.7050924301147461,-9.738415718078613,0.8475474119186401,-0.02262539230287075,0.014906140975654125,-0.005057440605014563
1887723106412,0.6536170840263367,-9.769539833068848,0.8762778043746948,-0.02315775491297245,0.01889885775744915,-0.0071868896484375
1887724343712,0.6619967818260193,-9.749189376831055,0.8990227580070496,-0.0271504707634449,0.01756795309484005,-0.008783976547420025
1887725581000,0.6332663297653198,-9.749189376831055,0.8595184087753296,-0.02502102218568325,0.012510511092841625,-0.008783976547420025
1887726818287,0.628477931022644,-9.718064308166504,0.8487445116043091,-0.02182685025036335,0.01357523538172245,-0.01357523538172245
1887728055587,0.6847416758537292,-9.764751434326172,0.8439561128616333,-0.023956298828125,0.015172322280704975,-0.013042873702943325
1887729292837,0.6667851805686951,-9.774328231811523,0.8774749040603638,-0.02874755859375,0.02422248013317585,-0.012776692397892475
1887730530125,0.6057330369949341,-9.7420072555542,0.8942343592643738,-0.02608574740588665,0.02076212503015995,-0.01410759799182415
1887731767400,0.7003040313720703,-9.716867446899414,0.8762778043746948,-0.0210283063352108,0.0181003138422966,-0.012776692397892475
1887733004687,0.6715735793113708,-9.737218856811523,0.8188169598579407,-0.0191650390625,0.01650322787463665,-0.014373779296875
1887734241975,0.6835445761680603,-9.743204116821289,0.8367735147476196,-0.0186326764523983,0.0162370465695858,-0.0114457868039608
1887735479275,0.7481880187988281,-9.745597839355469,0.8547300100326538,-0.01783413253724575,0.01943122036755085,-0.014373779296875
1887736716562,0.7134721279144287,-9.734824180603027,0.872686505317688,-0.02182685025036335,0.02262539230287075,-0.0138414166867733
1887737953837,0.6572083830833435,-9.744400978088379,0.8475474119186401,-0.01943122036755085,0.01756795309484005,-0.010647243820130825
1887739191112,0.750582218170166,-9.733627319335938,0.8846575617790222,-0.0157046839594841,0.0228915736079216,-0.013309055007994175
1887740428387,0.707486629486084,-9.737218856811523,0.8427590131759644,-0.0167694091796875,0.0204959437251091,-0.01224433071911335
1887741665675,0.7098808288574219,-9.713275909423828,0.8667010068893433,-0.013042873702943325,0.0204959437251091,-0.0167694091796875
1887742902962,0.7398083209991455,-9.726444244384766,0.8810662031173706,-0.0138414166867733,0.01650322787463665,-0.01650322787463665
1887744140237,0.7410054206848145,-9.716867446899414,0.9085995554924011,-0.013042873702943325,0.01943122036755085,-0.01171196810901165
1887745377525,0.7589619159698486,-9.713275909423828,0.851138710975647,-0.006122165359556675,0.0196974016726017,-0.014906140975654125
1887746614800,0.768538773059845,-9.759963035583496,0.8786720037460327,-0.008517795242369175,0.01943122036755085,-0.0157046839594841
1887747852100,0.7577648162841797,-9.737218856811523,0.8595184087753296,-0.0119781494140625,0.015172322280704975,-0.01410759799182415
1887749089387,0.7769184708595276,-9.740809440612793,0.9026140570640564,-0.015172322280704975,0.01836649514734745,-0.013042873702943325
1887750326662,0.7769184708595276,-9.736021041870117,0.872686505317688,-0.005855984054505825,0.015172322280704975,-0.01357523538172245
1887751563937,0.7553706169128418,-9.757569313049316,0.8786720037460327,-0.00958251953125,0.01756795309484005,-0.0119781494140625
1887752801237,0.7721300721168518,-9.712079048156738,0.871489405632019,-0.010913425125181675,0.01996358297765255,-0.01357523538172245
1887754038512,0.7146692276000977,-9.68933391571045,0.8643068075180054,-0.00692070834338665,0.0138414166867733,-0.0157046839594841
1887755275787,0.7422025203704834,-9.68813705444336,0.8595184087753296,0.0010647244052961469,0.01171196810901165,-0.02315775491297245
1887756513075,0.7026982307434082,-9.702502250671387,0.8451532125473022,-0.0007985432748682797,0.01783413253724575,-0.0186326764523983
1887757750362,0.7625532746315002,-9.697713851928711,0.8667010068893433,-0.0015970865497365594,0.010647243820130825,-0.01410759799182415
1887758987637,0.7469909191131592,-9.690531730651855,0.8583213090896606,0.0021294488105922937,0.012776692397892475,-0.01703559048473835
1887760224912,0.7254431247711182,-9.710882186889648,0.7864952683448792,0.0005323622026480734,0.01996358297765255,-0.013309055007994175
1887761462212,0.7086837291717529,-9.724050521850586,0.7912836670875549,-0.0007985432748682797,0.012776692397892475,-0.0157046839594841
1887762699487,0.7338228225708008,-9.731232643127441,0.8032546639442444,0.0,0.01117960549890995,-0.014373779296875
1887763936800,0.7625532746315002,-9.714473724365234,0.7972691655158997,0.00452507846057415,0.01650322787463665,-0.01836649514734745
1887765174050,0.7529764175415039,-9.747992515563965,0.828393816947937,0.0029279920272529125,0.015172322280704975,-0.02076212503015995
1887766411337,0.7493851184844971,-9.739612579345703,0.812831461429596,-0.0013309054775163531,0.015172322280704975,-0.01996358297765255
1887767648637,0.7709329724311829,-9.77791976928711,0.8738836050033569,0.0021294488105922937,0.008783976547420025,-0.0204959437251091
1887768885900,0.7445967197418213,-9.747992515563965,0.8379706144332886,0.006122165359556675,0.014373779296875,-0.0215606689453125
1887770123200,0.767341673374176,-9.780314445495605,0.8403648138046265,0.007985432632267475,0.0162370465695858,-0.0204959437251091
1887771360475,0.767341673374176,-9.765949249267578,0.8439561128616333,0.008783976547420025,0.014373779296875,-0.01463996060192585
1887772597750,0.727837324142456,-9.75397777557373,0.8631097078323364,0.00931633822619915,0.0157046839594841,-0.0196974016726017
1887773835037,0.7697358727455139,-9.80904483795166,0.8487445116043091,0.0053236219100654125,0.01463996060192585,-0.01783413253724575
1887775072325,0.8188169598579407,-9.780314445495605,0.8607155084609985,0.010647243820130825,0.010913425125181675,-0.012510511092841625
1887776309612,0.7876923680305481,-9.817423820495605,0.8571242094039917,0.006122165359556675,0.0138414166867733,-0.0157046839594841
1887777546900,0.7637503743171692,-9.799468040466309,0.8259996175765991,0.00692070834338665,0.013309055007994175,-0.015172322280704975
1887778784175,0.7769184708595276,-9.835380554199219,0.8678981065750122,0.005589802749454975,0.010114881210029125,-0.015438503585755825
1887780021462,0.7805097699165344,-9.84495735168457,0.8667010068893433,0.010913425125181675,0.0114457868039608,-0.01783413253724575
1887781258737,0.7398083209991455,-9.835380554199219,0.851138710975647,0.00692070834338665,0.01171196810901165,-0.01783413253724575
1887782496037,0.7721300721168518,-9.81263542175293,0.829590916633606,0.008517795242369175,0.008783976547420025,-0.01410759799182415
1887783733300,0.7433996200561523,-9.829395294189453,0.8535329103469849,0.0077192517928779125,0.01410759799182415,-0.0157046839594841
1887784970612,0.7541735172271729,-9.81024169921875,0.8475474119186401,0.008783976547420025,0.00931633822619915,-0.015438503585755825
1887786207887,0.7541735172271729,-9.861717224121094,0.790086567401886,0.0119781494140625,0.0090501569211483,-0.0138414166867733
1887787445162,0.7433996200561523,-9.872490882873535,0.8271967172622681,0.004791259765625,0.010647243820130825,-0.0119781494140625
1887788682450,0.790086567401886,-9.865307807922363,0.8080430626869202,0.0018632676219567657,0.0071868896484375,-0.01410759799182415
1887789919725,0.7577648162841797,-9.910798072814941,0.811634361743927,0.0042588976211845875,0.0066545275039970875,-0.013309055007994175
1887791157012,0.7625532746315002,-9.87967300415039,0.8224083185195923,0.0053236219100654125,0.0157046839594841,-0.01650322787463665
1887792394275,0.7553706169128418,-9.873687744140625,0.8439561128616333,0.005855984054505825,0.01224433071911335,-0.00984870083630085
1887793631587,0.7769184708595276,-9.891644477844238,0.8535329103469849,0.0010647244052961469,0.00692070834338665,-0.013042873702943325
1887794868862,0.7553706169128418,-9.911994934082031,0.8523358106613159,-0.0005323622026480734,0.01171196810901165,-0.014906140975654125
1887796106150,0.7709329724311829,-9.927556991577148,0.8619126081466675,0.005057440605014563,0.0063883461989462376,-0.013042873702943325
1887797343425,0.7948749661445618,-9.952696800231934,0.8475474119186401,0.0063883461989462376,0.0077192517928779125,-0.010381062515079975
1887798580700,0.7996633648872375,-9.919178009033203,0.8355764150619507,0.006122165359556675,0.007453070487827063,-0.0063883461989462376
1887799818000,0.7864952683448792,-9.883264541625977,0.8331822156906128,0.0005323622026480734,0.0071868896484375,-0.00931633822619915
1887801055275,0.7589619159698486,-9.913191795349121,0.8200140595436096,-0.0015970865497365594,0.0053236219100654125,-0.00692070834338665
1887802292550,0.7924807667732239,-9.896432876586914,0.8523358106613159,-0.0018632676219567657,0.005855984054505825,-0.005855984054505825
1887803529837,0.767341673374176,-9.907206535339355,0.8942343592643738,0.0053236219100654125,0.0039927163161337376,-0.0114457868039608
1887804767137,0.7649474740028381,-9.940725326538086,0.8331822156906128,-0.0015970865497365594,0.0037265352439135313,-0.0077192517928779125
1887806004412,0.788889467716217,-9.947908401489258,0.851138710975647,-0.0015970865497365594,0.003460354171693325,-0.0039927163161337376
1887807241687,0.7565677165985107,-9.93474006652832,0.8846575617790222,0.0,0.003460354171693325,-0.0029279920272529125
1887808478975,0.750582218170166,-9.909601211547852,0.8738836050033569,-0.0015970865497365594,0.003460354171693325,-0.010913425125181675
1887809716250,0.7529764175415039,-9.919178009033203,0.8762778043746948,-0.0063883461989462376,0.0,-0.00692070834338665
1887810953550,0.7805097699165344,-9.975441932678223,0.8164227604866028,-0.003460354171693325,0.0063883461989462376,-0.0018632676219567657
1887812190812,0.7338228225708008,-9.951498985290527,0.8523358106613159,-0.004791259765625,0.0039927163161337376,-0.0007985432748682797
1887813428125,0.7386112213134766,-9.932345390319824,0.8331822156906128,-0.005589802749454975,0.0039927163161337376,-0.0029279920272529125
1887814665387,0.7745242714881897,-9.914389610290527,0.8631097078323364,-0.0053236219100654125,0.0023956298828125,-0.0018632676219567657
1887815902675,0.7433996200561523,-9.926360130310059,0.8487445116043091,-0.0037265352439135313,-0.0013309054775163531,0.0023956298828125
1887817139962,0.7577648162841797,-9.97065258026123,0.8547300100326538,-0.006122165359556675,-0.0013309054775163531,-0.0007985432748682797
1887818377237,0.7146692276000977,-9.940725326538086,0.8020575642585754,-0.01171196810901165,0.0013309054775163531,0.0010647244052961469
1887819614537,0.7326257228851318,-9.927556991577148,0.8212112188339233,-0.005589802749454975,0.005855984054505825,0.0018632676219567657
1887820851800,0.7254431247711182,-9.974244117736816,0.8547300100326538,-0.01117960549890995,0.0042588976211845875,0.0037265352439135313
1887822089087,0.7553706169128418,-9.995792388916016,0.8571242094039917,-0.0138414166867733,0.004791259765625,0.0002661811013240367
1887823326375,0.7577648162841797,-9.973047256469727,0.8571242094039917,-0.01463996060192585,0.0007985432748682797,-0.0018632676219567657
1887824563675,0.730231523513794,-9.975441932678223,0.8978256583213806,-0.013042873702943325,-0.00452507846057415,0.0002661811013240367
1887825800937,0.7613561749458313,-9.99339771270752,0.8092401623725891,-0.010114881210029125,0.0029279920272529125,0.0005323622026480734
1887827038250,0.8176198601722717,-9.962273597717285,0.8427590131759644,-0.014373779296875,0.0037265352439135313,0.004791259765625
1887828275512,0.7805097699165344,-9.973047256469727,0.8188169598579407,-0.01463996060192585,-0.0013309054775163531,-0.0005323622026480734
1887829512800,0.7972691655158997,-10.037691116333008,0.8224083185195923,-0.0186326764523983,-0.00452507846057415,0.0039927163161337376
1887830750087,0.7206547260284424,-10.007762908935547,0.8271967172622681,-0.015172322280704975,-0.003460354171693325,0.00452507846057415
1887831987375,0.8068459630012512,-9.974244117736816,0.8678981065750122,-0.0181003138422966,0.0015970865497365594,0.0
1887833224637,0.7398083209991455,-9.963470458984375,0.8738836050033569,-0.0204959437251091,-0.0015970865497365594,0.005589802749454975
1887834461925,0.7733271718025208,-9.9586820602417,0.8786720037460327,-0.0196974016726017,0.0002661811013240367,0.0053236219100654125
1887835699212,0.7841010689735413,-9.956287384033203,0.8918401598930359,-0.0186326764523983,0.0026618109550327063,0.0005323622026480734
1887836936500,0.7565677165985107,-9.96825885772705,0.829590916633606,-0.0157046839594841,-0.0005323622026480734,-0.0023956298828125
1887838173800,0.750582218170166,-9.95748519897461,0.8259996175765991,-0.02022976242005825,0.0010647244052961469,-0.0031941730994731188
1887839411050,0.7817068696022034,-9.974244117736816,0.8690952062606812,-0.02369011752307415,-0.0031941730994731188,0.0015970865497365594
1887840648350,0.7601590752601624,-9.977835655212402,0.8379706144332886,-0.0234239362180233,-0.0037265352439135313,0.0
1887841885637,0.7793126702308655,-9.979032516479492,0.8643068075180054,-0.02022976242005825,-0.0015970865497365594,0.0002661811013240367
1887843122925,0.7960720658302307,-9.977835655212402,0.8810662031173706,-0.02022976242005825,0.0005323622026480734,-0.0002661811013240367
1887844360187,0.8176198601722717,-9.967061996459961,0.8535329103469849,-0.02262539230287075,-0.0007985432748682797,0.0002661811013240367
1887845597500,0.7876923680305481,-9.910798072814941,0.8152256608009338,-0.02555338479578495,-0.0007985432748682797,0.0013309054775163531
1887846834775,0.7793126702308655,-9.946710586547852,0.8798691034317017,-0.0263519287109375,-0.008783976547420025,-0.0002661811013240367
1887848072062,0.7625532746315002,-9.931148529052734,0.8092401623725891,-0.0223592109978199,-0.0066545275039970875,0.005057440605014563
1887849309337,0.7721300721168518,-9.967061996459961,0.8367735147476196,-0.0234239362180233,-0.0015970865497365594,0.0023956298828125
1887850546600,0.7350199222564697,-9.947908401489258,0.8224083185195923,-0.02369011752307415,-0.0010647244052961469,0.0026618109550327063
1887851783925,0.7733271718025208,-9.945513725280762,0.8331822156906128,-0.02848137728869915,-0.005855984054505825,0.004791259765625
1887853021175,0.7972691655158997,-9.931148529052734,0.8271967172622681,-0.0364668108522892,-0.0037265352439135313,-0.0007985432748682797
1887854258462,0.8331822156906128,-9.919178009033203,0.8643068075180054,-0.0314093679189682,-0.00452507846057415,-0.0021294488105922937
1887855495750,0.7829039692878723,-9.928754806518555,0.8044517636299133,-0.0314093679189682,-0.008517795242369175,0.00452507846057415
1887856733050,0.7445967197418213,-9.962273597717285,0.8044517636299133,-0.0338049978017807,-0.004791259765625,0.0071868896484375
1887857970312,0.7493851184844971,-9.90241813659668,0.8271967172622681,-0.0354020856320858,-0.0029279920272529125,0.005057440605014563
1887859207587,0.7876923680305481,-9.9000244140625,0.8367735147476196,-0.0300784632563591,-0.0066545275039970875,0.0026618109550327063
1887860444862,0.7805097699165344,-9.928754806518555,0.8319851160049438,-0.0322079136967659,-0.005855984054505825,0.0023956298828125
1887861682175,0.7864952683448792,-9.908403396606445,0.8439561128616333,-0.03087700717151165,-0.00452507846057415,0.0031941730994731188
1887862919462,0.7433996200561523,-9.917980194091797,0.8786720037460327,-0.038063894957304,-0.0021294488105922937,0.0026618109550327063
1887864156737,0.7589619159698486,-9.883264541625977,0.8571242094039917,-0.0314093679189682,-0.0013309054775163531,0.006122165359556675
1887865394025,0.7242460250854492,-9.86770248413086,0.8583213090896606,-0.0343373604118824,-0.0039927163161337376,0.0063883461989462376
1887866631300,0.7948749661445618,-9.927556991577148,0.8619126081466675,-0.0348697230219841,-0.00452507846057415,0.005057440605014563
1887867868600,0.7757213711738586,-9.882067680358887,0.8259996175765991,-0.02794901467859745,-0.0026618109550327063,0.004791259765625
1887869105862,0.7230489253997803,-9.90122127532959,0.8451532125473022,-0.0316755510866642,-0.0029279920272529125,0.0029279920272529125
1887870343162,0.7410054206848145,-9.898826599121094,0.8619126081466675,-0.033538818359375,-0.005589802749454975,0.00931633822619915
1887871580437,0.7326257228851318,-9.892841339111328,0.849941611289978,-0.0300784632563591,-0.006122165359556675,0.008517795242369175
1887872817712,0.730231523513794,-9.894038200378418,0.8008604645729065,-0.0322079136967659,-0.0066545275039970875,0.012776692397892475
1887874055000,0.7254431247711182,-9.885659217834473,0.8355764150619507,-0.033538818359375,-0.0031941730994731188,0.008517795242369175
1887875292300,0.7469909191131592,-9.919178009033203,0.8619126081466675,-0.0295461006462574,-0.0042588976211845875,0.00958251953125
1887876529575,0.7338228225708008,-9.90122127532959,0.812831461429596,-0.033272635191679,-0.0021294488105922937,0.0077192517928779125
1887877766850,0.7733271718025208,-9.872490882873535,0.8008604645729065,-0.0343373604118824,-0.0037265352439135313,0.008251613937318325
1887879004137,0.7362170219421387,-9.886856079101562,0.8164227604866028,-0.0319417305290699,0.0,0.013309055007994175
1887880241425,0.730231523513794,-9.884461402893066,0.8583213090896606,-0.033538818359375,0.005057440605014563,0.0071868896484375
1887881478700,0.7410054206848145,-9.909601211547852,0.8176198601722717,-0.0369991734623909,-0.0015970865497365594,0.00958251953125
1887882715987,0.7481880187988281,-9.864110946655273,0.7829039692878723,-0.0316755510866642,-0.0031941730994731188,0.007453070487827063
1887883953275,0.7146692276000977,-9.889249801635742,0.8140285611152649,-0.0292799212038517,-0.0015970865497365594,0.010381062515079975
1887885190575,0.7362170219421387,-9.848548889160156,0.829590916633606,-0.0399271659553051,0.0005323622026480734,0.0138414166867733
1887886427837,0.7410054206848145,-9.86770248413086,0.8224083185195923,-0.0375315360724926,-0.0037265352439135313,0.013309055007994175
1887887665137,0.7721300721168518,-9.86650562286377,0.7972691655158997,-0.0391286201775074,0.0010647244052961469,0.008251613937318325
1887888902425,0.7565677165985107,-9.882067680358887,0.8200140595436096,-0.0377977155148983,-0.0026618109550327063,0.010647243820130825
1887890139687,0.7805097699165344,-9.886856079101562,0.8487445116043091,-0.0348697230219841,-0.0021294488105922937,0.01463996060192585
1887891376987,0.7422025203704834,-9.859322547912598,0.8571242094039917,-0.0354020856320858,-0.005855984054505825,0.0119781494140625
1887892614262,0.7026982307434082,-9.852140426635742,0.8104372620582581,-0.0330064557492733,-0.0026618109550327063,0.015172322280704975
1887893851537,0.729034423828125,-9.862914085388184,0.7936778664588928,-0.0338049978017807,-0.0018632676219567657,0.01703559048473835
1887895088825,0.7230489253997803,-9.888052940368652,0.8068459630012512,-0.0391286201775074,-0.0029279920272529125,0.013042873702943325
1887896326112,0.7098808288574219,-9.859322547912598,0.7793126702308655,-0.038063894957304,-0.008517795242369175,0.0119781494140625
1887897563387,0.6859387755393982,-9.841365814208984,0.7841010689735413,-0.0330064557492733,-0.0015970865497365594,0.0173017717897892
1887898800675,0.6500257849693298,-9.895236015319824,0.7948749661445618,-0.038330078125,0.0005323622026480734,0.01357523538172245
1887900037975,0.6847416758537292,-9.872490882873535,0.7625532746315002,-0.0367329902946949,0.0007985432748682797,0.01463996060192585
1887901275262,0.6440402865409851,-9.86770248413086,0.7936778664588928,-0.0348697230219841,0.0005323622026480734,0.01783413253724575
1887902512550,0.6631938815116882,-9.883264541625977,0.7637503743171692,-0.0375315360724926,-0.0042588976211845875,0.010913425125181675
1887903749812,0.6260837316513062,-9.894038200378418,0.7709329724311829,-0.038330078125,0.0026618109550327063,0.015438503585755825
1887904987087,0.6488286852836609,-9.895236015319824,0.7876923680305481,-0.0391286201775074,0.00452507846057415,0.0173017717897892
1887906224375,0.6739677786827087,-9.86650562286377,0.751779317855835,-0.0348697230219841,0.0018632676219567657,0.01756795309484005
1887907461662,0.6524199843406677,-9.840168952941895,0.8224083185195923,-0.033538818359375,0.003460354171693325,0.01943122036755085
1887908698975,0.6991068720817566,-9.872490882873535,0.7733271718025208,-0.038330078125,0.0042588976211845875,0.0157046839594841
1887909936225,0.6931213736534119,-9.858125686645508,0.7972691655158997,-0.0401933453977108,0.0037265352439135313,0.0204959437251091
1887911173512,0.669179379940033,-9.871294021606445,0.7960720658302307,-0.0420566126704216,0.0029279920272529125,0.0173017717897892
1887912410812,0.6943184733390808,-9.873687744140625,0.768538773059845,-0.0415242500603199,0.005855984054505825,0.01836649514734745
1887913648075,0.7469909191131592,-9.835380554199219,0.7805097699165344,-0.0399271659553051,0.006122165359556675,0.02022976242005825
1887914885375,0.7134721279144287,-9.904812812805176,0.8104372620582581,-0.0393948033452034,0.0023956298828125,0.0173017717897892
1887916122662,0.7649474740028381,-9.864110946655273,0.8020575642585754,-0.0343373604118824,0.0031941730994731188,0.014906140975654125
1887917359950,0.7266402244567871,-9.84495735168457,0.8008604645729065,-0.0391286201775074,0.008517795242369175,0.0167694091796875
1887918597225,0.7374141216278076,-9.836577415466309,0.7637503743171692,-0.0415242500603199,0.008517795242369175,0.01836649514734745
1887919834525,0.7326257228851318,-9.84256362915039,0.8176198601722717,-0.0407257080078125,0.010114881210029125,0.01996358297765255
1887921071775,0.7254431247711182,-9.77672290802002,0.8056488633155823,-0.0388624407351017,0.005057440605014563,0.02182685025036335
1887922309062,0.7098808288574219,-9.80904483795166,0.8020575642585754,-0.0388624407351017,0.0031941730994731188,0.02182685025036335
1887923546387,0.6919242739677429,-9.835380554199219,0.7817068696022034,-0.0399271659553051,0.0031941730994731188,0.0228915736079216
1887924783637,0.7038953304290771,-9.801861763000488,0.7829039692878723,-0.0399271659553051,0.0119781494140625,0.02182685025036335
1887926020925,0.7457938194274902,-9.818621635437012,0.7445967197418213,-0.0420566126704216,0.00958251953125,0.01783413253724575
1887927258212,0.707486629486084,-9.749189376831055,0.790086567401886,-0.0425889752805233,0.006122165359556675,0.0220930315554142
1887928495500,0.7098808288574219,-9.799468040466309,0.7757213711738586,-0.0420566126704216,0.008517795242369175,0.0220930315554142
1887929732775,0.7015011310577393,-9.799468040466309,0.788889467716217,-0.042855154722929,0.01117960549890995,0.02076212503015995
1887930970062,0.6584054827690125,-9.758766174316406,0.7601590752601624,-0.0401933453977108,0.010913425125181675,0.0223592109978199
1887932207337,0.6871358752250671,-9.780314445495605,0.7649474740028381,-0.0407257080078125,0.010913425125181675,0.0263519287109375
1887933444650,0.6835445761680603,-9.792284965515137,0.7457938194274902,-0.0415242500603199,0.0071868896484375,0.02315775491297245
1887934681912,0.7242460250854492,-9.71926212310791,0.7948749661445618,-0.0409918874502182,0.006122165359556675,0.02369011752307415
1887935919187,0.6799532771110535,-9.769539833068848,0.7721300721168518,-0.0423227921128273,0.0063883461989462376,0.0234239362180233
1887937156487,0.706289529800415,-9.739612579345703,0.7362170219421387,-0.0433875173330307,0.0063883461989462376,0.0271504707634449
1887938393775,0.7314286231994629,-9.767146110534668,0.8020575642585754,-0.0385962575674057,0.008251613937318325,0.0258195661008358
1887939631062,0.7182605266571045,-9.758766174316406,0.7661445736885071,-0.0375315360724926,0.010114881210029125,0.02182685025036335
1887940868375,0.7314286231994629,-9.734824180603027,0.7912836670875549,-0.0425889752805233,0.008517795242369175,0.0271504707634449
1887942105625,0.729034423828125,-9.747992515563965,0.8008604645729065,-0.0433875173330307,0.0026618109550327063,0.0263519287109375
1887943342900,0.729034423828125,-9.770737648010254,0.7350199222564697,-0.0375315360724926,0.0007985432748682797,0.0282151959836483
1887944580187,0.7134721279144287,-9.781511306762695,0.7230489253997803,-0.0351359061896801,0.005057440605014563,0.0234239362180233
1887945817462,0.6955155730247498,-9.77791976928711,0.7457938194274902,-0.033272635191679,0.008251613937318325,0.0234239362180233
1887947054762,0.7086837291717529,-9.759963035583496,0.727837324142456,-0.0375315360724926,0.008783976547420025,0.02369011752307415
1887948292037,0.7362170219421387,-9.765949249267578,0.768538773059845,-0.038330078125,0.00958251953125,0.0220930315554142
1887949529312,0.6488286852836609,-9.75397777557373,0.7781155705451965,-0.0362006276845932,0.0071868896484375,0.0247548408806324
1887950766600,0.6847416758537292,-9.757569313049316,0.7445967197418213,-0.0340711809694767,0.0077192517928779125,0.02608574740588665
1887952003912,0.7086837291717529,-9.787496566772461,0.7553706169128418,-0.0415242500603199,0.008251613937318325,0.0295461006462574
1887953241162,0.6751648783683777,-9.77552604675293,0.7206547260284424,-0.0417904332280159,0.008783976547420025,0.02608574740588665
1887954478450,0.667982280254364,-9.782708168029785,0.750582218170166,-0.0399271659553051,0.008783976547420025,0.0244886614382267
1887955715750,0.6787561774253845,-9.792284965515137,0.7457938194274902,-0.0399271659553051,0.008517795242369175,0.02369011752307415
1887956953025,0.6871358752250671,-9.797073364257812,0.7661445736885071,-0.0452507846057415,0.00931633822619915,0.0252872034907341
1887958190325,0.6703764796257019,-9.7420072555542,0.7266402244567871,-0.0441860631108284,0.007453070487827063,0.0268842913210392
1887959427600,0.7194576263427734,-9.739612579345703,0.7469909191131592,-0.0377977155148983,0.005589802749454975,0.0316755510866642
1887960664875,0.6751648783683777,-9.746795654296875,0.7613561749458313,-0.0356682650744915,0.0114457868039608,0.02661811001598835
1887961902175,0.6955155730247498,-9.739612579345703,0.7350199222564697,-0.0377977155148983,0.0071868896484375,0.0258195661008358
1887963139437,0.707486629486084,-9.75397777557373,0.768538773059845,-0.0364668108522892,0.0029279920272529125,0.0271504707634449
1887964376725,0.7026982307434082,-9.740809440612793,0.727837324142456,-0.033272635191679,0.00931633822619915,0.02794901467859745
1887965614012,0.6715735793113708,-9.750386238098145,0.7422025203704834,-0.0327402763068676,0.0077192517928779125,0.02661811001598835
1887966851300,0.690727174282074,-9.747992515563965,0.7350199222564697,-0.0364668108522892,0.010913425125181675,0.0244886614382267
1887968088575,0.6859387755393982,-9.708487510681152,0.7852981686592102,-0.0351359061896801,0.014906140975654125,0.02661811001598835
1887969325862,0.6727706789970398,-9.720458984375,0.7469909191131592,-0.0340711809694767,0.010381062515079975,0.0292799212038517
1887970563162,0.6943184733390808,-9.714473724365234,0.7386112213134766,-0.0330064557492733,0.006122165359556675,0.0268842913210392
1887971800425,0.6823474764823914,-9.724050521850586,0.7242460250854492,-0.03087700717151165,0.00931633822619915,0.0252872034907341
1887973037737,0.730231523513794,-9.727641105651855,0.7793126702308655,-0.0354020856320858,0.008517795242369175,0.02608574740588665
1887974275000,0.7398083209991455,-9.75278091430664,0.7601590752601624,-0.03034464456140995,0.007453070487827063,0.02315775491297245
1887975512287,0.6739677786827087,-9.749189376831055,0.730231523513794,-0.0300784632563591,0.0039927163161337376,0.0247548408806324
1887976749587,0.7170634269714355,-9.696516990661621,0.7338228225708008,-0.0343373604118824,0.008251613937318325,0.02262539230287075
1887977986862,0.7134721279144287,-9.68574333190918,0.767341673374176,-0.0354020856320858,0.01117960549890995,0.0196974016726017
1887979224150,0.7350199222564697,-9.701305389404297,0.730231523513794,-0.0311431884765625,0.010114881210029125,0.02182685025036335
1887980461437,0.7386112213134766,-9.707290649414062,0.751779317855835,-0.0300784632563591,0.008517795242369175,0.0162370465695858
1887981698700,0.7445967197418213,-9.666589736938477,0.7721300721168518,-0.02848137728869915,0.00452507846057415,0.0162370465695858
1887982935987,0.7601590752601624,-9.692925453186035,0.7398083209991455,-0.0319417305290699,0.0053236219100654125,0.0223592109978199
1887984173287,0.751779317855835,-9.708487510681152,0.7218518257141113,-0.02901373989880085,0.010114881210029125,0.0186326764523983
1887985410562,0.7829039692878723,-9.690531730651855,0.7829039692878723,-0.02129448764026165,0.007453070487827063,0.0210283063352108
1887986647850,0.7422025203704834,-9.732430458068848,0.729034423828125,-0.0263519287109375,0.0031941730994731188,0.0210283063352108
1887987885137,0.7134721279144287,-9.676166534423828,0.7589619159698486,-0.02555338479578495,0.0015970865497365594,0.01836649514734745
1887989122425,0.7493851184844971,-9.696516990661621,0.7350199222564697,-0.02262539230287075,0.0071868896484375,0.01783413253724575
1887990359712,0.7841010689735413,-9.668983459472656,0.8152256608009338,-0.01597086526453495,0.0042588976211845875,0.012776692397892475
1887991596962,0.7829039692878723,-9.708487510681152,0.8104372620582581,-0.0157046839594841,0.0005323622026480734,0.008783976547420025
1887992834250,0.7398083209991455,-9.746795654296875,0.7841010689735413,-0.0196974016726017,-0.0018632676219567657,0.010913425125181675
1887994071550,0.7433996200561523,-9.734824180603027,0.7649474740028381,-0.01703559048473835,0.0013309054775163531,0.010913425125181675
1887995308850,0.7757213711738586,-9.727641105651855,0.7541735172271729,-0.0162370465695858,0.0007985432748682797,0.012776692397892475
1887996546112,0.7661445736885071,-9.703699111938477,0.7649474740028381,-0.01783413253724575,-0.005057440605014563,0.01224433071911335
1887997783400,0.768538773059845,-9.707290649414062,0.7481880187988281,-0.015172322280704975,-0.0023956298828125,0.0042588976211845875
1887999020687,0.7996633648872375,-9.68933391571045,0.7541735172271729,-0.008251613937318325,-0.0026618109550327063,0.00452507846057415
1888000257975,0.7709329724311829,-9.667786598205566,0.7338228225708008,-0.015172322280704975,-0.0031941730994731188,0.00452507846057415
1888001495250,0.7493851184844971,-9.641449928283691,0.7469909191131592,-0.01171196810901165,-0.0031941730994731188,0.0039927163161337376
1888002732537,0.7924807667732239,-9.655815124511719,0.727837324142456,-0.01171196810901165,-0.0013309054775163531,0.0013309054775163531
1888003969837,0.7805097699165344,-9.63187313079834,0.790086567401886,-0.010913425125181675,-0.008251613937318325,-0.0013309054775163531
1888005207112,0.790086567401886,-9.651026725769043,0.7721300721168518,-0.0042588976211845875,-0.0090501569211483,-0.005057440605014563
1888006444387,0.8104372620582581,-9.667786598205566,0.7529764175415039,-0.003460354171693325,-0.010114881210029125,-0.0010647244052961469
1888007681675,0.7876923680305481,-9.673771858215332,0.7242460250854492,0.0002661811013240367,-0.00931633822619915,-0.005057440605014563
1888008918962,0.7577648162841797,-9.636661529541016,0.7577648162841797,-0.0037265352439135313,-0.010913425125181675,-0.0071868896484375
1888010156250,0.7769184708595276,-9.651026725769043,0.7697358727455139,-0.005855984054505825,-0.010913425125181675,-0.0053236219100654125
1888011393537,0.7613561749458313,-9.627084732055664,0.7769184708595276,0.0002661811013240367,-0.013309055007994175,-0.005057440605014563
1888012630825,0.7457938194274902,-9.66539192199707,0.7529764175415039,0.007985432632267475,-0.01357523538172245,-0.005589802749454975
1888013868100,0.7230489253997803,-9.66539192199707,0.7637503743171692,0.008783976547420025,-0.007985432632267475,-0.013042873702943325
1888015105387,0.730231523513794,-9.666589736938477,0.7433996200561523,0.008783976547420025,-0.00931633822619915,-0.010647243820130825
1888016342662,0.7469909191131592,-9.6989107131958,0.7924807667732239,0.010381062515079975,-0.013309055007994175,-0.0031941730994731188
1888017579950,0.7134721279144287,-9.655815124511719,0.7386112213134766,0.0157046839594841,-0.0181003138422966,-0.0119781494140625
1888018817262,0.7314286231994629,-9.646238327026367,0.7374141216278076,0.014906140975654125,-0.0181003138422966,-0.01171196810901165
1888020054537,0.7541735172271729,-9.700108528137207,0.7457938194274902,0.015172322280704975,-0.01357523538172245,-0.0119781494140625
1888021291812,0.7254431247711182,-9.712079048156738,0.8092401623725891,0.0173017717897892,-0.014906140975654125,-0.007453070487827063
1888022529100,0.7493851184844971,-9.728838920593262,0.7745242714881897,0.015438503585755825,-0.01889885775744915,-0.0119781494140625
1888023766387,0.750582218170166,-9.68933391571045,0.7254431247711182,0.01597086526453495,-0.01703559048473835,-0.01224433071911335
1888025003662,0.7362170219421387,-9.712079048156738,0.7398083209991455,0.02262539230287075,-0.0162370465695858,-0.013309055007994175
1888026240962,0.7445967197418213,-9.759963035583496,0.7469909191131592,0.01943122036755085,-0.012776692397892475,-0.015172322280704975
1888027478225,0.7841010689735413,-9.75517463684082,0.7996633648872375,0.01703559048473835,-0.0162370465695858,-0.0181003138422966
1888028715512,0.7649474740028381,-9.732430458068848,0.7422025203704834,0.0210283063352108,-0.01756795309484005,-0.015438503585755825
1888029952787,0.812831461429596,-9.743204116821289,0.7433996200561523,0.02608574740588665,-0.014906140975654125,-0.01650322787463665
1888031190075,0.7829039692878723,-9.791088104248047,0.7757213711738586,0.0258195661008358,-0.02182685025036335,-0.02315775491297245
1888032427375,0.7841010689735413,-9.787496566772461,0.7709329724311829,0.02076212503015995,-0.01889885775744915,-0.02076212503015995
1888033664662,0.7745242714881897,-9.768342971801758,0.7637503743171692,0.02608574740588665,-0.02129448764026165,-0.0215606689453125
1888034901937,0.7852981686592102,-9.771934509277344,0.7996633648872375,0.02608574740588665,-0.0252872034907341,-0.02901373989880085
1888036139225,0.7841010689735413,-9.770737648010254,0.790086567401886,0.0268842913210392,-0.01996358297765255,-0.0268842913210392
1888037376500,0.7972691655158997,-9.745597839355469,0.7709329724311829,0.0276828333735466,-0.02129448764026165,-0.02262539230287075
1888038613800,0.8271967172622681,-9.75517463684082,0.7852981686592102,0.0282151959836483,-0.0234239362180233,-0.0252872034907341
1888039851087,0.8068459630012512,-9.744400978088379,0.7577648162841797,0.0220930315554142,-0.02608574740588665,-0.0314093679189682
1888041088362,0.767341673374176,-9.77672290802002,0.7996633648872375,0.02661811001598835,-0.02608574740588665,-0.02661811001598835
1888042325637,0.767341673374176,-9.745597839355469,0.8056488633155823,0.03087700717151165,-0.0263519287109375,-0.02608574740588665
1888043562925,0.7613561749458313,-9.7420072555542,0.7721300721168518,0.033272635191679,-0.0258195661008358,-0.0324740931391716
1888044800225,0.7386112213134766,-9.793481826782227,0.7781155705451965,0.0340711809694767,-0.02901373989880085,-0.0234239362180233
1888046037512,0.7422025203704834,-9.726444244384766,0.8140285611152649,0.0276828333735466,-0.02741665206849575,-0.0295461006462574
1888047274800,0.7637503743171692,-9.763554573059082,0.7769184708595276,0.0338049978017807,-0.02848137728869915,-0.0268842913210392
1888048512075,0.7445967197418213,-9.765949249267578,0.7601590752601624,0.0348697230219841,-0.02661811001598835,-0.02794901467859745
1888049749362,0.7445967197418213,-9.7420072555542,0.790086567401886,0.02848137728869915,-0.0268842913210392,-0.0330064557492733
1888050986650,0.751779317855835,-9.757569313049316,0.7960720658302307,0.0319417305290699,-0.02981228195130825,-0.0322079136967659
1888052223912,0.751779317855835,-9.792284965515137,0.7493851184844971,0.0346035435795784,-0.0324740931391716,-0.0276828333735466
1888053461212,0.7469909191131592,-9.789891242980957,0.7852981686592102,0.0348697230219841,-0.033538818359375,-0.0306108258664608
1888054698500,0.7398083209991455,-9.786299705505371,0.7805097699165344,0.0324740931391716,-0.02794901467859745,-0.0322079136967659
1888055935787,0.729034423828125,-9.787496566772461,0.7649474740028381,0.0399271659553051,-0.0276828333735466,-0.03034464456140995
1888057173075,0.7577648162841797,-9.737218856811523,0.768538773059845,0.0385962575674057,-0.0300784632563591,-0.02848137728869915
1888058410350,0.7422025203704834,-9.749189376831055,0.7709329724311829,0.0362006276845932,-0.0330064557492733,-0.0311431884765625
1888059647625,0.7003040313720703,-9.744400978088379,0.7984662652015686,0.0385962575674057,-0.033538818359375,-0.0340711809694767
1888060884912,0.7529764175415039,-9.780314445495605,0.8008604645729065,0.0404595248401165,-0.02981228195130825,-0.0292799212038517
1888062122200,0.7565677165985107,-9.77672290802002,0.7996633648872375,0.0369991734623909,-0.0306108258664608,-0.0319417305290699
1888063359487,0.7493851184844971,-9.743204116821289,0.7493851184844971,0.0364668108522892,-0.033538818359375,-0.0343373604118824
1888064596762,0.7589619159698486,-9.75397777557373,0.7733271718025208,0.0407257080078125,-0.0324740931391716,-0.033272635191679
1888065834062,0.706289529800415,-9.774328231811523,0.7948749661445618,0.0468478724360466,-0.0314093679189682,-0.0295461006462574
1888067071350,0.7350199222564697,-9.77552604675293,0.7769184708595276,0.0425889752805233,-0.0348697230219841,-0.0338049978017807
1888068308637,0.7493851184844971,-9.816226959228516,0.7242460250854492,0.0420566126704216,-0.0417904332280159,-0.0375315360724926
1888069545900,0.7350199222564697,-9.78869342803955,0.812831461429596,0.0425889752805233,-0.0385962575674057,-0.0369991734623909
1888070783200,0.706289529800415,-9.799468040466309,0.811634361743927,0.0393948033452034,-0.0351359061896801,-0.03087700717151165
1888072020487,0.6631938815116882,-9.785102844238281,0.8104372620582581,0.0441860631108284,-0.0364668108522892,-0.0367329902946949
1888073257762,0.6931213736534119,-9.765949249267578,0.8164227604866028,0.0463155098259449,-0.0367329902946949,-0.033538818359375
1888074495050,0.7146692276000977,-9.761160850524902,0.7781155705451965,0.042855154722929,-0.0396609827876091,-0.0372653529047966
1888075732350,0.7206547260284424,-9.745597839355469,0.790086567401886,0.0452507846057415,-0.0423227921128273,-0.0388624407351017
1888076969625,0.7194576263427734,-9.737218856811523,0.7829039692878723,0.0433875173330307,-0.0367329902946949,-0.0401933453977108
1888078206925,0.7218518257141113,-9.787496566772461,0.8236054182052612,0.0468478724360466,-0.033538818359375,-0.0351359061896801
1888079444200,0.6991068720817566,-9.770737648010254,0.7972691655158997,0.0505744069814682,-0.0351359061896801,-0.0369991734623909
1888080681487,0.6931213736534119,-9.793481826782227,0.8355764150619507,0.0513729527592659,-0.0375315360724926,-0.0364668108522892
1888081918775,0.727837324142456,-9.789891242980957,0.7829039692878723,0.0497758649289608,-0.0346035435795784,-0.0338049978017807
1888083156050,0.7038953304290771,-9.80904483795166,0.7948749661445618,0.0492435023188591,-0.0362006276845932,-0.0319417305290699
1888084393337,0.7003040313720703,-9.829395294189453,0.8451532125473022,0.052703857421875,-0.038063894957304,-0.0364668108522892
1888085630625,0.7038953304290771,-9.80904483795166,0.7841010689735413,0.0484449602663517,-0.033538818359375,-0.0362006276845932
1888086867900,0.7110779285430908,-9.855731010437012,0.788889467716217,0.0508405901491642,-0.0324740931391716,-0.0354020856320858
1888088105200,0.6883329749107361,-9.838972091674805,0.7661445736885071,0.0500420443713665,-0.0340711809694767,-0.038330078125
1888089342462,0.6991068720817566,-9.84256362915039,0.7876923680305481,0.052703857421875,-0.0351359061896801,-0.0367329902946949
1888090579750,0.669179379940033,-9.849745750427246,0.8259996175765991,0.052703857421875,-0.0316755510866642,-0.0348697230219841
1888091817037,0.6703764796257019,-9.889249801635742,0.8068459630012512,0.0529700368642807,-0.0351359061896801,-0.0385962575674057
1888093054325,0.6799532771110535,-9.874884605407715,0.8367735147476196,0.0545671246945858,-0.03087700717151165,-0.033272635191679
1888094291612,0.6572083830833435,-9.891644477844238,0.8044517636299133,0.0500420443713665,-0.0311431884765625,-0.033272635191679
1888095528912,0.6979097723960876,-9.8784761428833,0.7841010689735413,0.0503082275390625,-0.0324740931391716,-0.03087700717151165
1888096766162,0.6967126727104187,-9.870096206665039,0.8451532125473022,0.0500420443713665,-0.0346035435795784,-0.02794901467859745
1888098003475,0.6931213736534119,-9.891644477844238,0.8822633624076843,0.0492435023188591,-0.0295461006462574,-0.03034464456140995
1888099240750,0.7038953304290771,-9.86650562286377,0.7841010689735413,0.052437674254179,-0.03034464456140995,-0.0324740931391716
1888100478025,0.707486629486084,-9.865307807922363,0.8068459630012512,0.0484449602663517,-0.0268842913210392,-0.0369991734623909
1888101715325,0.6871358752250671,-9.872490882873535,0.7817068696022034,0.0489773228764534,-0.0263519287109375,-0.0354020856320858
1888102952625,0.6835445761680603,-9.848548889160156,0.851138710975647,0.0484449602663517,-0.0295461006462574,-0.0359344482421875
1888104189887,0.7338228225708008,-9.865307807922363,0.7984662652015686,0.0468478724360466,-0.023956298828125,-0.0343373604118824
1888105427175,0.767341673374176,-9.86889934539795,0.8200140595436096,0.0471140518784523,-0.0252872034907341,-0.038063894957304
1888106664450,0.7529764175415039,-9.883264541625977,0.8463503122329712,0.0503082275390625,-0.0247548408806324,-0.0359344482421875
1888107901725,0.7541735172271729,-9.897629737854004,0.8224083185195923,0.0516391322016716,-0.023956298828125,-0.0351359061896801
1888109139025,0.7469909191131592,-9.93474006652832,0.8056488633155823,0.0508405901491642,-0.0258195661008358,-0.0362006276845932
1888110376312,0.7398083209991455,-9.885659217834473,0.8786720037460327,0.0489773228764534,-0.02661811001598835,-0.0346035435795784
1888111613587,0.7206547260284424,-9.913191795349121,0.8164227604866028,0.0468478724360466,-0.0306108258664608,-0.0276828333735466
1888112850887,0.7326257228851318,-9.87967300415039,0.8451532125473022,0.0495096817612648,-0.0330064557492733,-0.0292799212038517
1888114088162,0.6967126727104187,-9.892841339111328,0.8906430602073669,0.052437674254179,-0.0271504707634449,-0.033538818359375
1888115325450,0.7218518257141113,-9.928754806518555,0.8846575617790222,0.0484449602663517,-0.0244886614382267,-0.0372653529047966
1888116562737,0.7422025203704834,-9.908403396606445,0.8798691034317017,0.0449846051633358,-0.02741665206849575,-0.0362006276845932
1888117800025,0.7170634269714355,-9.876082420349121,0.8523358106613159,0.0473802350461483,-0.0247548408806324,-0.0300784632563591
1888119037312,0.7254431247711182,-9.877279281616211,0.8319851160049438,0.047646414488554,-0.0228915736079216,-0.0327402763068676
1888120274587,0.7721300721168518,-9.882067680358887,0.871489405632019,0.0433875173330307,-0.0263519287109375,-0.0362006276845932
1888121511887,0.7086837291717529,-9.852140426635742,0.8164227604866028,0.0447184219956398,-0.0247548408806324,-0.0348697230219841
1888122749162,0.7338228225708008,-9.86770248413086,0.828393816947937,0.0460493303835392,-0.02262539230287075,-0.033272635191679
1888123986450,0.6955155730247498,-9.860519409179688,0.8104372620582581,0.042855154722929,-0.01836649514734745,-0.0330064557492733
1888125223737,0.6847416758537292,-9.864110946655273,0.8188169598579407,0.0457831472158432,-0.02129448764026165,-0.0338049978017807
1888126461037,0.690727174282074,-9.859322547912598,0.8104372620582581,0.0433875173330307,-0.0244886614382267,-0.0338049978017807
1888127698300,0.6763619780540466,-9.829395294189453,0.8200140595436096,0.0417904332280159,-0.0223592109978199,-0.0300784632563591
1888128935575,0.6871358752250671,-9.832986831665039,0.8032546639442444,0.0471140518784523,-0.0220930315554142,-0.02794901467859745
1888130172887,0.7110779285430908,-9.828198432922363,0.8068459630012512,0.0463155098259449,-0.02315775491297245,-0.03087700717151165
1888131410162,0.6871358752250671,-9.818621635437012,0.7996633648872375,0.0441860631108284,-0.0181003138422966,-0.02741665206849575
1888132647450,0.6955155730247498,-9.828198432922363,0.8200140595436096,0.047646414488554,-0.02076212503015995,-0.02874755859375
1888133884725,0.7601590752601624,-9.852140426635742,0.8355764150619507,0.0455169677734375,-0.0186326764523983,-0.0322079136967659
1888135122025,0.7110779285430908,-9.836577415466309,0.8690952062606812,0.0412580706179142,-0.01756795309484005,-0.0330064557492733
1888136359300,0.6775590777397156,-9.86650562286377,0.8738836050033569,0.042855154722929,-0.01463996060192585,-0.0324740931391716
1888137596600,0.7445967197418213,-9.852140426635742,0.8188169598579407,0.0481787770986557,-0.01357523538172245,-0.0324740931391716
1888138833862,0.690727174282074,-9.801861763000488,0.8535329103469849,0.0417904332280159,-0.0181003138422966,-0.0375315360724926
1888140071150,0.707486629486084,-9.823410034179688,0.872686505317688,0.0407257080078125,-0.0196974016726017,-0.0340711809694767
1888141308425,0.7254431247711182,-9.841365814208984,0.8236054182052612,0.043121337890625,-0.014373779296875,-0.0276828333735466
1888142545737,0.6919242739677429,-9.823410034179688,0.8786720037460327,0.0367329902946949,-0.013309055007994175,-0.0340711809694767
1888143783012,0.7242460250854492,-9.862914085388184,0.8667010068893433,0.0391286201775074,-0.015438503585755825,-0.0362006276845932
1888145020287,0.7613561749458313,-9.854534149169922,0.8307880163192749,0.0393948033452034,-0.01597086526453495,-0.0393948033452034
1888146257587,0.7026982307434082,-9.816226959228516,0.8774749040603638,0.0396609827876091,-0.01410759799182415,-0.0354020856320858
1888147494862,0.6763619780540466,-9.860519409179688,0.8559271097183228,0.0401933453977108,-0.00692070834338665,-0.0316755510866642
1888148732150,0.7146692276000977,-9.859322547912598,0.8643068075180054,0.0420566126704216,-0.01171196810901165,-0.03034464456140995
1888149969450,0.727837324142456,-9.87967300415039,0.8631097078323364,0.0393948033452034,-0.0138414166867733,-0.03087700717151165
1888151206737,0.6991068720817566,-9.862914085388184,0.8331822156906128,0.0441860631108284,-0.015438503585755825,-0.0258195661008358
1888152444012,0.6991068720817566,-9.864110946655273,0.8271967172622681,0.0388624407351017,-0.015172322280704975,-0.02874755859375
1888153681287,0.6799532771110535,-9.864110946655273,0.872686505317688,0.0409918874502182,-0.013309055007994175,-0.0276828333735466
1888154918562,0.6823474764823914,-9.859322547912598,0.8415619134902954,0.0425889752805233,-0.010114881210029125,-0.0300784632563591
1888156155850,0.7110779285430908,-9.852140426635742,0.8367735147476196,0.038063894957304,-0.00958251953125,-0.0271504707634449
1888157393150,0.6991068720817566,-9.884461402893066,0.8678981065750122,0.0399271659553051,-0.01224433071911335,-0.0292799212038517
1888158630437,0.7182605266571045,-9.90241813659668,0.851138710975647,0.0417904332280159,-0.00692070834338665,-0.033272635191679
1888159867712,0.6823474764823914,-9.909601211547852,0.8595184087753296,0.0393948033452034,-0.00958251953125,-0.0354020856320858
1888161105012,0.7386112213134766,-9.892841339111328,0.8068459630012512,0.038063894957304,-0.008783976547420025,-0.0292799212038517
1888162342287,0.7182605266571045,-9.9000244140625,0.8906430602073669,0.0362006276845932,-0.008783976547420025,-0.02901373989880085
1888163579562,0.7649474740028381,-9.911994934082031,0.8702923059463501,0.0388624407351017,-0.008783976547420025,-0.0338049978017807
1888164816862,0.7194576263427734,-9.86889934539795,0.8331822156906128,0.0375315360724926,-0.008251613937318325,-0.02794901467859745
1888166054175,0.7553706169128418,-9.883264541625977,0.8343793153762817,0.0359344482421875,-0.0063883461989462376,-0.02901373989880085
1888167291437,0.6811503767967224,-9.8784761428833,0.8164227604866028,0.0316755510866642,-0.010381062515079975,-0.0319417305290699
1888168528712,0.6979097723960876,-9.864110946655273,0.8870517611503601,0.0364668108522892,-0.007985432632267475,-0.0282151959836483
1888169765987,0.7182605266571045,-9.886856079101562,0.8690952062606812,0.0348697230219841,-0.0071868896484375,-0.02741665206849575
1888171003300,0.6871358752250671,-9.860519409179688,0.8367735147476196,0.0369991734623909,-0.0037265352439135313,-0.033538818359375
1888172240600,0.7242460250854492,-9.880870819091797,0.889445960521698,0.0295461006462574,-0.00692070834338665,-0.02981228195130825
1888173477875,0.6811503767967224,-9.897629737854004,0.8259996175765991,0.0247548408806324,-0.004791259765625,-0.0300784632563591
1888174715150,0.729034423828125,-9.90361499786377,0.8319851160049438,0.02901373989880085,-0.0042588976211845875,-0.02794901467859745
1888175952437,0.7038953304290771,-9.913191795349121,0.8523358106613159,0.0316755510866642,-0.003460354171693325,-0.02981228195130825
1888177189712,0.690727174282074,-9.897629737854004,0.8523358106613159,0.03034464456140995,0.0029279920272529125,-0.0338049978017807
1888178427000,0.727837324142456,-9.9000244140625,0.8762778043746948,0.0282151959836483,0.0066545275039970875,-0.0271504707634449
1888179664262,0.7553706169128418,-9.917980194091797,0.8870517611503601,0.02794901467859745,-0.0026618109550327063,-0.02794901467859745
1888180901587,0.7146692276000977,-9.8784761428833,0.8595184087753296,0.0327402763068676,-0.004791259765625,-0.03087700717151165
1888182138862,0.6823474764823914,-9.883264541625977,0.8978256583213806,0.0311431884765625,0.0,-0.033272635191679
1888183376137,0.751779317855835,-9.9371337890625,0.8798691034317017,0.02555338479578495,0.003460354171693325,-0.02901373989880085
1888184613412,0.7613561749458313,-9.90122127532959,0.8750807046890259,0.02901373989880085,0.0053236219100654125,-0.0300784632563591
1888185850725,0.750582218170166,-9.93593692779541,0.8523358106613159,0.0295461006462574,0.0,-0.0314093679189682
1888187088012,0.7218518257141113,-9.946710586547852,0.8415619134902954,0.0244886614382267,0.0,-0.02901373989880085
1888188325300,0.750582218170166,-9.947908401489258,0.849941611289978,0.02555338479578495,-0.0023956298828125,-0.0276828333735466
1888189562550,0.7050924301147461,-9.9371337890625,0.8774749040603638,0.0223592109978199,0.0005323622026480734,-0.0314093679189682
1888190799850,0.767341673374176,-9.922768592834473,0.8631097078323364,0.02076212503015995,0.0042588976211845875,-0.0306108258664608
1888192037137,0.7721300721168518,-9.927556991577148,0.8631097078323364,0.01996358297765255,0.0039927163161337376,-0.02661811001598835
1888193274425,0.7661445736885071,-9.923966407775879,0.8858546614646912,0.0210283063352108,0.0010647244052961469,-0.0258195661008358
1888194511712,0.7398083209991455,-9.913191795349121,0.8930372595787048,0.0204959437251091,0.0007985432748682797,-0.023956298828125
1888195749012,0.7577648162841797,-9.920374870300293,0.8966285586357117,0.0181003138422966,0.0026618109550327063,-0.0252872034907341
1888196986275,0.7733271718025208,-9.921571731567383,0.8571242094039917,0.01783413253724575,0.0039927163161337376,-0.02661811001598835
1888198223562,0.7745242714881897,-9.884461402893066,0.8319851160049438,0.010114881210029125,0.0026618109550327063,-0.0191650390625
1888199460862,0.7625532746315002,-9.915586471557617,0.8535329103469849,0.014373779296875,0.0053236219100654125,-0.02555338479578495
1888200698150,0.750582218170166,-9.894038200378418,0.8631097078323364,0.015172322280704975,0.0066545275039970875,-0.0258195661008358
1888201935412,0.7481880187988281,-9.861717224121094,0.8212112188339233,0.010913425125181675,0.006122165359556675,-0.02502102218568325
1888203172700,0.7338228225708008,-9.891644477844238,0.8559271097183228,0.010114881210029125,0.010913425125181675,-0.0314093679189682
1888204409987,0.7637503743171692,-9.909601211547852,0.811634361743927,0.0162370465695858,0.007453070487827063,-0.0282151959836483
1888205647287,0.7589619159698486,-9.90241813659668,0.8631097078323364,0.01650322787463665,0.003460354171693325,-0.0234239362180233
1888206884575,0.7661445736885071,-9.882067680358887,0.8451532125473022,0.010913425125181675,0.008251613937318325,-0.0215606689453125
1888208121837,0.7793126702308655,-9.90122127532959,0.8343793153762817,0.007453070487827063,0.006122165359556675,-0.0228915736079216
1888209359137,0.7829039692878723,-9.882067680358887,0.8451532125473022,0.01171196810901165,0.0077192517928779125,-0.02661811001598835
1888210596425,0.7445967197418213,-9.8784761428833,0.8367735147476196,0.010114881210029125,0.008251613937318325,-0.02262539230287075
1888211833712,0.767341673374176,-9.90122127532959,0.8595184087753296,0.010647243820130825,0.01117960549890995,-0.0186326764523983
1888213070975,0.7864952683448792,-9.888052940368652,0.889445960521698,0.00452507846057415,0.008783976547420025,-0.01650322787463665
1888214308287,0.7733271718025208,-9.8784761428833,0.849941611289978,0.005057440605014563,0.0053236219100654125,-0.0223592109978199
1888215545575,0.7350199222564697,-9.907206535339355,0.8439561128616333,0.0071868896484375,0.00958251953125,-0.02262539230287075
1888216782850,0.7781155705451965,-9.93474006652832,0.8403648138046265,0.006122165359556675,0.005589802749454975,-0.02022976242005825
1888218020125,0.8224083185195923,-9.940725326538086,0.8667010068893433,0.0042588976211845875,0.008251613937318325,-0.0191650390625
1888219257425,0.7829039692878723,-9.898826599121094,0.851138710975647,0.004791259765625,0.0119781494140625,-0.0220930315554142
1888220494700,0.8068459630012512,-9.9000244140625,0.8619126081466675,0.0023956298828125,0.012510511092841625,-0.015438503585755825
1888221731987,0.811634361743927,-9.949105262756348,0.8786720037460327,0.0005323622026480734,0.012776692397892475,-0.02182685025036335
1888222969300,0.7649474740028381,-9.944316864013672,0.8367735147476196,0.005057440605014563,0.013042873702943325,-0.02022976242005825
1888224206550,0.8032546639442444,-9.962273597717285,0.8259996175765991,0.003460354171693325,0.013042873702943325,-0.02262539230287075
1888225443862,0.7924807667732239,-9.929951667785645,0.8583213090896606,-0.0007985432748682797,0.010114881210029125,-0.02661811001598835
1888226681150,0.7757213711738586,-9.971850395202637,0.8559271097183228,-0.0010647244052961469,0.00958251953125,-0.01597086526453495
1888227918425,0.8212112188339233,-9.959878921508789,0.828393816947937,-0.0002661811013240367,0.0090501569211483,-0.014906140975654125
1888229155712,0.811634361743927,-9.931148529052734,0.8678981065750122,-0.0013309054775163531,0.0018632676219567657,-0.01357523538172245
1888230392987,0.8200140595436096,-9.941922187805176,0.8858546614646912,-0.0039927163161337376,0.005855984054505825,-0.01836649514734745
1888231630300,0.7948749661445618,-9.90122127532959,0.8678981065750122,-0.008783976547420025,0.005589802749454975,-0.02129448764026165
1888232867550,0.851138710975647,-9.909601211547852,0.8188169598579407,-0.005589802749454975,0.008251613937318325,-0.0191650390625
1888234104850,0.8248025178909302,-9.917980194091797,0.8236054182052612,-0.0042588976211845875,0.0053236219100654125,-0.0167694091796875
1888235342150,0.8008604645729065,-9.943120002746582,0.8176198601722717,-0.008517795242369175,0.00931633822619915,-0.0162370465695858
1888236579425,0.8056488633155823,-9.873687744140625,0.7948749661445618,-0.007453070487827063,0.0114457868039608,-0.01171196810901165
1888237816700,0.8164227604866028,-9.855731010437012,0.7960720658302307,-0.006122165359556675,0.010647243820130825,-0.01171196810901165
1888239053975,0.849941611289978,-9.84376049041748,0.7936778664588928,-0.005057440605014563,0.007985432632267475,-0.012510511092841625
1888240291287,0.8236054182052612,-9.873687744140625,0.8224083185195923,-0.0021294488105922937,0.0042588976211845875,-0.0114457868039608
1888241528537,0.8248025178909302,-9.87967300415039,0.7972691655158997,-0.0066545275039970875,0.006122165359556675,-0.01463996060192585
1888242765850,0.8188169598579407,-9.877279281616211,0.8271967172622681,-0.010381062515079975,0.008517795242369175,-0.0063883461989462376
1888244003125,0.8343793153762817,-9.825803756713867,0.8463503122329712,-0.01171196810901165,0.008251613937318325,-0.0026618109550327063
1888245240425,0.8678981065750122,-9.819818496704102,0.8475474119186401,-0.0071868896484375,0.0063883461989462376,-0.005589802749454975
1888246477700,0.8367735147476196,-9.84256362915039,0.8367735147476196,-0.0023956298828125,0.0018632676219567657,-0.005855984054505825
1888247714975,0.8236054182052612,-9.86650562286377,0.829590916633606,-0.010647243820130825,0.0018632676219567657,-0.0077192517928779125
1888248952262,0.7972691655158997,-9.828198432922363,0.7972691655158997,-0.01224433071911335,-0.0023956298828125,-0.0063883461989462376
1888250189562,0.8224083185195923,-9.792284965515137,0.8810662031173706,-0.00958251953125,0.0037265352439135313,0.0002661811013240367
1888251426850,0.8439561128616333,-9.834183692932129,0.8571242094039917,-0.010381062515079975,0.005057440605014563,-0.0039927163161337376
1888252664137,0.7841010689735413,-9.834183692932129,0.8535329103469849,-0.010647243820130825,0.005589802749454975,-0.00692070834338665
1888253901425,0.8331822156906128,-9.822212219238281,0.7960720658302307,-0.007453070487827063,0.005855984054505825,-0.006122165359556675
1888255138700,0.8259996175765991,-9.815030097961426,0.8152256608009338,-0.007453070487827063,-0.0013309054775163531,-0.0029279920272529125
1888256376000,0.8379706144332886,-9.855731010437012,0.8475474119186401,-0.00984870083630085,0.0042588976211845875,-0.0029279920272529125
1888257613275,0.8331822156906128,-9.850942611694336,0.8415619134902954,-0.0114457868039608,-0.0018632676219567657,-0.0007985432748682797
1888258850562,0.8619126081466675,-9.832986831665039,0.8176198601722717,-0.010114881210029125,0.0010647244052961469,0.0015970865497365594
1888260087850,0.8595184087753296,-9.84495735168457,0.8140285611152649,-0.010913425125181675,-0.0013309054775163531,0.0077192517928779125
1888261325125,0.8607155084609985,-9.815030097961426,0.811634361743927,-0.012776692397892475,-0.007985432632267475,0.008783976547420025
1888262562425,0.8559271097183228,-9.880870819091797,0.8535329103469849,-0.01410759799182415,-0.0013309054775163531,0.005855984054505825
1888263799712,0.8678981065750122,-9.84376049041748,0.8224083185195923,-0.010647243820130825,-0.0026618109550327063,0.005589802749454975
1888265037000,0.8212112188339233,-9.825803756713867,0.8008604645729065,-0.010381062515079975,-0.005589802749454975,0.0066545275039970875
1888266274275,0.8810662031173706,-9.86650562286377,0.8212112188339233,-0.01357523538172245,-0.005057440605014563,0.0029279920272529125
1888267511562,0.8954314589500427,-9.836577415466309,0.8547300100326538,-0.015438503585755825,0.0007985432748682797,0.0039927163161337376
1888268748850,0.8786720037460327,-9.836577415466309,0.812831461429596,-0.01357523538172245,-0.0053236219100654125,0.005589802749454975
1888269986137,0.8846575617790222,-9.84495735168457,0.8355764150619507,-0.010114881210029125,-0.0077192517928779125,0.00692070834338665
1888271223425,0.8966285586357117,-9.864110946655273,0.8224083185195923,-0.0119781494140625,-0.008783976547420025,0.004791259765625
1888272460712,0.8702923059463501,-9.865307807922363,0.8104372620582581,-0.014373779296875,-0.0053236219100654125,0.004791259765625
1888273697987,0.8667010068893433,-9.824606895446777,0.8702923059463501,-0.01597086526453495,-0.00958251953125,0.005589802749454975
1888274935275,0.8655039072036743,-9.824606895446777,0.829590916633606,-0.010381062515079975,-0.008783976547420025,0.005855984054505825
1888276172575,0.8331822156906128,-9.825803756713867,0.8248025178909302,-0.013309055007994175,-0.0071868896484375,0.0077192517928779125
1888277409862,0.888248860836029,-9.827000617980957,0.8104372620582581,-0.012776692397892475,-0.0071868896484375,0.01117960549890995
1888278647150,0.8367735147476196,-9.800664901733398,0.8248025178909302,-0.014373779296875,-0.01117960549890995,0.00958251953125
1888279884425,0.8930372595787048,-9.81143856048584,0.7793126702308655,-0.013309055007994175,-0.0090501569211483,0.0071868896484375
1888281121712,0.8846575617790222,-9.822212219238281,0.7948749661445618,-0.01650322787463665,-0.0071868896484375,0.00931633822619915
1888282358975,0.8678981065750122,-9.803058624267578,0.7984662652015686,-0.013042873702943325,-0.0138414166867733,0.01117960549890995
1888283596287,0.8702923059463501,-9.80904483795166,0.7996633648872375,-0.012510511092841625,-0.015172322280704975,0.014906140975654125
1888284833575,0.8655039072036743,-9.786299705505371,0.8439561128616333,-0.005057440605014563,-0.01224433071911335,0.012776692397892475
1888286070875,0.8822633624076843,-9.793481826782227,0.8188169598579407,-0.0031941730994731188,-0.0162370465695858,0.013309055007994175
1888287308137,0.8810662031173706,-9.785102844238281,0.7996633648872375,-0.0138414166867733,-0.01224433071911335,0.007985432632267475
1888288545412,0.8667010068893433,-9.794679641723633,0.7829039692878723,-0.010114881210029125,-0.015438503585755825,0.005855984054505825
1888289782700,0.888248860836029,-9.801861763000488,0.8331822156906128,-0.005589802749454975,-0.015172322280704975,0.00958251953125
1888291020012,0.8750807046890259,-9.77552604675293,0.8319851160049438,-0.005057440605014563,-0.02022976242005825,0.012510511092841625
1888292257287,0.8487445116043091,-9.756372451782227,0.8104372620582581,-0.0071868896484375,-0.0228915736079216,0.0053236219100654125
1888293494575,0.8559271097183228,-9.774328231811523,0.8176198601722717,-0.005855984054505825,-0.02182685025036335,0.007453070487827063
1888294731862,0.8655039072036743,-9.795876502990723,0.8044517636299133,-0.0042588976211845875,-0.0223592109978199,0.0071868896484375
1888295969162,0.9038111567497253,-9.7791166305542,0.8140285611152649,-0.0071868896484375,-0.02262539230287075,0.008251613937318325
1888297206437,0.8870517611503601,-9.77672290802002,0.8104372620582581,-0.008251613937318325,-0.0247548408806324,0.0071868896484375
1888298443700,0.910993754863739,-9.785102844238281,0.8259996175765991,-0.008783976547420025,-0.02369011752307415,0.003460354171693325
1888299681012,0.9014169573783875,-9.770737648010254,0.7948749661445618,-0.006122165359556675,-0.03034464456140995,0.0138414166867733
1888300918287,0.9097966551780701,-9.7420072555542,0.7876923680305481,-0.0015970865497365594,-0.0282151959836483,0.0138414166867733
1888302155575,0.9217676520347595,-9.795876502990723,0.7948749661445618,-0.005855984054505825,-0.0271504707634449,0.010913425125181675
1888303392862,0.888248860836029,-9.785102844238281,0.8415619134902954,-0.0002661811013240367,-0.0276828333735466,0.0063883461989462376
1888304630125,0.9516952037811279,-9.804256439208984,0.8152256608009338,-0.007985432632267475,-0.02661811001598835,0.0010647244052961469
1888305867425,0.9301473498344421,-9.81143856048584,0.8068459630012512,-0.0002661811013240367,-0.02848137728869915,0.0031941730994731188
1888307104725,0.9085995554924011,-9.795876502990723,0.8224083185195923,0.0007985432748682797,-0.0330064557492733,0.01117960549890995
1888308342000,0.8523358106613159,-9.786299705505371,0.8307880163192749,-0.0039927163161337376,-0.033538818359375,0.005589802749454975
1888309579312,0.8439561128616333,-9.77791976928711,0.8678981065750122,-0.0023956298828125,-0.0295461006462574,0.0063883461989462376
1888310816562,0.8643068075180054,-9.75517463684082,0.8379706144332886,0.003460354171693325,-0.0322079136967659,0.00931633822619915
1888312053875,0.8702923059463501,-9.791088104248047,0.812831461429596,0.0021294488105922937,-0.0300784632563591,0.005057440605014563
1888313291137,0.8690952062606812,-9.769539833068848,0.8463503122329712,-0.0007985432748682797,-0.0306108258664608,0.0031941730994731188
1888314528437,0.8667010068893433,-9.75278091430664,0.8212112188339233,0.0026618109550327063,-0.038330078125,0.005855984054505825
1888315765725,0.8978256583213806,-9.800664901733398,0.811634361743927,-0.0018632676219567657,-0.038063894957304,0.0023956298828125
1888317003012,0.8786720037460327,-9.785102844238281,0.8164227604866028,0.0021294488105922937,-0.0401933453977108,0.0037265352439135313
1888318240287,0.8978256583213806,-9.774328231811523,0.8200140595436096,0.0053236219100654125,-0.0415242500603199,0.0
1888319477587,0.9145850539207458,-9.759963035583496,0.8032546639442444,0.0018632676219567657,-0.0388624407351017,0.005589802749454975
1888320714875,0.9038111567497253,-9.785102844238281,0.8068459630012512,0.004791259765625,-0.0401933453977108,0.00984870083630085
1888321952162,0.8906430602073669,-9.823410034179688,0.7829039692878723,0.0023956298828125,-0.0399271659553051,0.0071868896484375
1888323189450,0.8439561128616333,-9.773131370544434,0.7864952683448792,0.0031941730994731188,-0.0388624407351017,0.0066545275039970875
1888324426725,0.8559271097183228,-9.75158405303955,0.8200140595436096,0.0031941730994731188,-0.0399271659553051,0.0029279920272529125
1888325664012,0.8858546614646912,-9.801861763000488,0.8152256608009338,0.003460354171693325,-0.0455169677734375,0.0018632676219567657
1888326901300,0.8595184087753296,-9.780314445495605,0.8307880163192749,0.0005323622026480734,-0.0436537005007267,-0.0018632676219567657
1888328138575,0.8774749040603638,-9.797073364257812,0.8379706144332886,0.0015970865497365594,-0.0415242500603199,0.0037265352439135313
1888329375862,0.8667010068893433,-9.763554573059082,0.8271967172622681,0.003460354171693325,-0.0457831472158432,0.0023956298828125
1888330613162,0.8655039072036743,-9.791088104248047,0.8080430626869202,0.008251613937318325,-0.0489773228764534,-0.0015970865497365594
1888331850425,0.8487445116043091,-9.746795654296875,0.8271967172622681,0.01171196810901165,-0.0463155098259449,-0.0039927163161337376
1888333087725,0.9002198576927185,-9.787496566772461,0.8271967172622681,0.00692070834338665,-0.0471140518784523,-0.0023956298828125
1888334325012,0.8870517611503601,-9.77552604675293,0.8164227604866028,-0.0002661811013240367,-0.052437674254179,-0.0007985432748682797
1888335562275,0.8331822156906128,-9.769539833068848,0.8307880163192749,0.0037265352439135313,-0.0495096817612648,-0.0077192517928779125
1888336799600,0.849941611289978,-9.746795654296875,0.8008604645729065,0.0042588976211845875,-0.0497758649289608,-0.0119781494140625
1888338036862,0.849941611289978,-9.756372451782227,0.8415619134902954,0.00931633822619915,-0.0516391322016716,-0.0066545275039970875
1888339274162,0.8750807046890259,-9.805453300476074,0.8152256608009338,0.008251613937318325,-0.0465816929936409,-0.005855984054505825
1888340511437,0.8786720037460327,-9.758766174316406,0.8008604645729065,0.0071868896484375,-0.047646414488554,-0.008783976547420025
1888341748750,0.8619126081466675,-9.733627319335938,0.8188169598579407,0.013042873702943325,-0.052437674254179,-0.00984870083630085
1888342986025,0.8535329103469849,-9.764751434326172,0.8535329103469849,0.01410759799182415,-0.0535023994743824,-0.007985432632267475
1888344223300,0.8619126081466675,-9.785102844238281,0.8068459630012512,0.008517795242369175,-0.0537685826420784,-0.008251613937318325
1888345460600,0.8762778043746948,-9.7791166305542,0.8367735147476196,0.010114881210029125,-0.0556318499147892,-0.0053236219100654125
1888346697887,0.8415619134902954,-9.771934509277344,0.7876923680305481,0.013042873702943325,-0.0503082275390625,-0.012776692397892475
1888347935175,0.849941611289978,-9.795876502990723,0.7984662652015686,0.0090501569211483,-0.0481787770986557,-0.012776692397892475
1888349172475,0.8655039072036743,-9.822212219238281,0.8319851160049438,0.010647243820130825,-0.0468478724360466,-0.008517795242369175
1888350409725,0.8559271097183228,-9.80904483795166,0.8200140595436096,0.015172322280704975,-0.052703857421875,-0.010381062515079975
1888351647050,0.8667010068893433,-9.782708168029785,0.7757213711738586,0.01224433071911335,-0.0535023994743824,-0.0138414166867733
1888352884312,0.8355764150619507,-9.765949249267578,0.8056488633155823,0.008783976547420025,-0.0529700368642807,-0.01224433071911335
1888354121600,0.8547300100326538,-9.800664901733398,0.8367735147476196,0.00984870083630085,-0.0535023994743824,-0.014906140975654125
1888355358912,0.8008604645729065,-9.81024169921875,0.8619126081466675,0.012776692397892475,-0.0561642125248909,-0.015172322280704975
1888356596175,0.8092401623725891,-9.791088104248047,0.8331822156906128,0.013309055007994175,-0.0548333041369915,-0.010647243820130825
1888357833462,0.8307880163192749,-9.80904483795166,0.7769184708595276,0.013309055007994175,-0.0540347620844841,-0.012776692397892475
1888359070750,0.8212112188339233,-9.774328231811523,0.7984662652015686,0.015172322280704975,-0.057228934019804,-0.0114457868039608
1888360308062,0.8355764150619507,-9.792284965515137,0.8343793153762817,0.0167694091796875,-0.0564303919672966,-0.01224433071911335
1888361545337,0.8271967172622681,-9.77791976928711,0.8164227604866028,0.01783413253724575,-0.0543009415268898,-0.012776692397892475
1888362782600,0.7984662652015686,-9.739612579345703,0.8224083185195923,0.01650322787463665,-0.0516391322016716,-0.01703559048473835
1888364019900,0.7757213711738586,-9.781511306762695,0.8200140595436096,0.01597086526453495,-0.047646414488554,-0.0191650390625
1888365257187,0.7912836670875549,-9.803058624267578,0.8271967172622681,0.0157046839594841,-0.0497758649289608,-0.0220930315554142
1888366494450,0.8032546639442444,-9.791088104248047,0.788889467716217,0.0162370465695858,-0.052437674254179,-0.015172322280704975
1888367731737,0.828393816947937,-9.798270225524902,0.788889467716217,0.01996358297765255,-0.0556318499147892,-0.0162370465695858
1888368969037,0.8607155084609985,-9.800664901733398,0.8319851160049438,0.02076212503015995,-0.0569627545773983,-0.0138414166867733
1888370206312,0.8271967172622681,-9.791088104248047,0.8547300100326538,0.01756795309484005,-0.0513729527592659,-0.01410759799182415
1888371443612,0.8271967172622681,-9.803058624267578,0.8702923059463501,0.0162370465695858,-0.0500420443713665,-0.0196974016726017
1888372680900,0.828393816947937,-9.805453300476074,0.8571242094039917,0.02422248013317585,-0.0574951171875,-0.013309055007994175
1888373918200,0.8367735147476196,-9.792284965515137,0.811634361743927,0.0223592109978199,-0.0558980293571949,-0.0167694091796875
1888375155450,0.828393816947937,-9.787496566772461,0.8331822156906128,0.0210283063352108,-0.0566965714097023,-0.0191650390625
1888376392737,0.8559271097183228,-9.876082420349121,0.8271967172622681,0.0210283063352108,-0.0550994873046875,-0.01836649514734745
1888377630050,0.8080430626869202,-9.84495735168457,0.7984662652015686,0.0204959437251091,-0.052703857421875,-0.01650322787463665
1888378867325,0.7864952683448792,-9.827000617980957,0.8463503122329712,0.01996358297765255,-0.0535023994743824,-0.0162370465695858
1888380104612,0.8451532125473022,-9.797073364257812,0.8176198601722717,0.0210283063352108,-0.0516391322016716,-0.02022976242005825
1888381341912,0.8655039072036743,-9.799468040466309,0.8331822156906128,0.01836649514734745,-0.0535023994743824,-0.02182685025036335
1888382579175,0.8451532125473022,-9.798270225524902,0.8391677141189575,0.0167694091796875,-0.0537685826420784,-0.0228915736079216
1888383816462,0.8092401623725891,-9.821015357971191,0.8451532125473022,0.014906140975654125,-0.0495096817612648,-0.02661811001598835
1888385053775,0.8212112188339233,-9.798270225524902,0.8403648138046265,0.023956298828125,-0.0516391322016716,-0.02262539230287075
1888386291050,0.7960720658302307,-9.786299705505371,0.8236054182052612,0.02608574740588665,-0.052437674254179,-0.01703559048473835
1888387528350,0.7793126702308655,-9.817423820495605,0.8702923059463501,0.0196974016726017,-0.0545671246945858,-0.01836649514734745
1888388765600,0.7793126702308655,-9.81143856048584,0.8271967172622681,0.02422248013317585,-0.0535023994743824,-0.0210283063352108
1888390002900,0.8559271097183228,-9.804256439208984,0.7984662652015686,0.0196974016726017,-0.0521714948117733,-0.0196974016726017
1888391240187,0.812831461429596,-9.835380554199219,0.8212112188339233,0.02129448764026165,-0.0532362200319767,-0.0167694091796875
1888392477487,0.8056488633155823,-9.792284965515137,0.8439561128616333,0.02555338479578495,-0.0545671246945858,-0.01650322787463665
1888393714762,0.8140285611152649,-9.838972091674805,0.8271967172622681,0.02022976242005825,-0.0449846051633358,-0.01889885775744915
1888394952050,0.8391677141189575,-9.803058624267578,0.8619126081466675,0.02129448764026165,-0.0497758649289608,-0.01889885775744915
1888396189350,0.8367735147476196,-9.798270225524902,0.8427590131759644,0.02182685025036335,-0.0543009415268898,-0.01703559048473835
1888397426637,0.8200140595436096,-9.801861763000488,0.849941611289978,0.0228915736079216,-0.0516391322016716,-0.01357523538172245
1888398663900,0.8164227604866028,-9.80904483795166,0.8319851160049438,0.02848137728869915,-0.0492435023188591,-0.014373779296875
1888399901200,0.8427590131759644,-9.829395294189453,0.8523358106613159,0.0268842913210392,-0.0492435023188591,-0.01357523538172245
1888401138500,0.8236054182052612,-9.827000617980957,0.8140285611152649,0.023956298828125,-0.0492435023188591,-0.0157046839594841
1888402375775,0.8212112188339233,-9.818621635437012,0.8212112188339233,0.0220930315554142,-0.0492435023188591,-0.014373779296875
1888403613062,0.8403648138046265,-9.818621635437012,0.8547300100326538,0.02315775491297245,-0.0492435023188591,-0.0157046839594841
1888404850362,0.8092401623725891,-9.840168952941895,0.8846575617790222,0.02369011752307415,-0.04791259765625,-0.015172322280704975
1888406087637,0.7972691655158997,-9.797073364257812,0.8271967172622681,0.0263519287109375,-0.0449846051633358,-0.012776692397892475
1888407324912,0.8032546639442444,-9.828198432922363,0.8738836050033569,0.0295461006462574,-0.0441860631108284,-0.01171196810901165
1888408562200,0.7996633648872375,-9.780314445495605,0.871489405632019,0.0276828333735466,-0.0492435023188591,-0.014906140975654125
1888409799500,0.8020575642585754,-9.773131370544434,0.8403648138046265,0.02555338479578495,-0.0441860631108284,-0.0186326764523983
1888411036787,0.788889467716217,-9.787496566772461,0.8403648138046265,0.0228915736079216,-0.0455169677734375,-0.013042873702943325
1888412274062,0.8248025178909302,-9.792284965515137,0.8451532125473022,0.0220930315554142,-0.0452507846057415,-0.0119781494140625
1888413511350,0.8080430626869202,-9.781511306762695,0.8319851160049438,0.02182685025036335,-0.0481787770986557,-0.01597086526453495
1888414748650,0.7936778664588928,-9.804256439208984,0.829590916633606,0.02502102218568325,-0.0473802350461483,-0.013042873702943325
1888415985925,0.7972691655158997,-9.81143856048584,0.8104372620582581,0.0292799212038517,-0.0417904332280159,-0.01943122036755085
1888417223225,0.828393816947937,-9.774328231811523,0.8271967172622681,0.02608574740588665,-0.0401933453977108,-0.0173017717897892
1888418460512,0.811634361743927,-9.81143856048584,0.8631097078323364,0.0244886614382267,-0.0420566126704216,-0.012510511092841625
1888419697775,0.8056488633155823,-9.795876502990723,0.8248025178909302,0.02741665206849575,-0.0441860631108284,-0.010647243820130825
1888420935062,0.8008604645729065,-9.77791976928711,0.8427590131759644,0.0258195661008358,-0.0391286201775074,-0.013309055007994175
1888422172337,0.7876923680305481,-9.815030097961426,0.8331822156906128,0.02608574740588665,-0.0415242500603199,-0.01783413253724575
1888423409650,0.8224083185195923,-9.824606895446777,0.8547300100326538,0.02262539230287075,-0.042855154722929,-0.014373779296875
1888424646937,0.8451532125473022,-9.853337287902832,0.8906430602073669,0.0204959437251091,-0.0388624407351017,-0.014906140975654125
1888425884225,0.8379706144332886,-9.828198432922363,0.8631097078323364,0.0258195661008358,-0.0377977155148983,-0.0114457868039608
1888427121525,0.8319851160049438,-9.81263542175293,0.8678981065750122,0.02555338479578495,-0.0399271659553051,-0.00931633822619915
1888428358800,0.8032546639442444,-9.834183692932129,0.8092401623725891,0.0228915736079216,-0.043121337890625,-0.01410759799182415
1888429596087,0.8702923059463501,-9.800664901733398,0.8403648138046265,0.01996358297765255,-0.0393948033452034,-0.0114457868039608
1888430833375,0.7936778664588928,-9.805453300476074,0.811634361743927,0.02076212503015995,-0.0343373604118824,-0.00958251953125
1888432070650,0.828393816947937,-9.822212219238281,0.8906430602073669,0.0223592109978199,-0.0340711809694767,-0.0138414166867733
1888433307950,0.7781155705451965,-9.800664901733398,0.9014169573783875,0.0210283063352108,-0.0351359061896801,-0.012510511092841625
1888434545225,0.8248025178909302,-9.835380554199219,0.8523358106613159,0.0181003138422966,-0.0356682650744915,-0.01171196810901165
1888435782512,0.7936778664588928,-9.84376049041748,0.8475474119186401,0.01703559048473835,-0.0346035435795784,-0.0114457868039608
1888437019787,0.8176198601722717,-9.806650161743164,0.8643068075180054,0.01783413253724575,-0.0327402763068676,-0.00984870083630085
1888438257100,0.7398083209991455,-9.847352027893066,0.8774749040603638,0.01836649514734745,-0.033272635191679,-0.005855984054505825
1888439494362,0.7829039692878723,-9.80904483795166,0.8810662031173706,0.0186326764523983,-0.0338049978017807,-0.0063883461989462376
1888440731675,0.8164227604866028,-9.801861763000488,0.8678981065750122,0.02262539230287075,-0.033538818359375,-0.008783976547420025
1888441968950,0.8152256608009338,-9.780314445495605,0.8451532125473022,0.01996358297765255,-0.0295461006462574,-0.00931633822619915
1888443206237,0.7589619159698486,-9.767146110534668,0.8738836050033569,0.02129448764026165,-0.03034464456140995,-0.006122165359556675
1888444443512,0.7829039692878723,-9.795876502990723,0.8834604620933533,0.0220930315554142,-0.0324740931391716,-0.0066545275039970875
1888445680812,0.7841010689735413,-9.785102844238281,0.8571242094039917,0.02262539230287075,-0.0271504707634449,-0.0026618109550327063
1888446918100,0.7637503743171692,-9.80904483795166,0.8918401598930359,0.01943122036755085,-0.0204959437251091,-0.0066545275039970875
1888448155375,0.7817068696022034,-9.771934509277344,0.8762778043746948,0.0223592109978199,-0.02369011752307415,-0.00692070834338665
1888449392662,0.7793126702308655,-9.7791166305542,0.8475474119186401,0.02182685025036335,-0.02502102218568325,-0.008251613937318325
1888450629950,0.8259996175765991,-9.813833236694336,0.8810662031173706,0.0223592109978199,-0.02422248013317585,-0.01224433071911335
1888451867262,0.7613561749458313,-9.7791166305542,0.8559271097183228,0.0247548408806324,-0.02262539230287075,-0.005589802749454975
1888453104550,0.7829039692878723,-9.81143856048584,0.8619126081466675,0.02182685025036335,-0.0252872034907341,-0.005589802749454975
1888454341825,0.7984662652015686,-9.786299705505371,0.872686505317688,0.0223592109978199,-0.02741665206849575,-0.0039927163161337376
1888455579125,0.8152256608009338,-9.835380554199219,0.8535329103469849,0.02076212503015995,-0.02502102218568325,-0.0063883461989462376
1888456816400,0.7805097699165344,-9.781511306762695,0.871489405632019,0.0223592109978199,-0.02022976242005825,-0.006122165359556675
1888458053687,0.8224083185195923,-9.794679641723633,0.8463503122329712,0.0204959437251091,-0.0167694091796875,-0.0029279920272529125
1888459290987,0.7793126702308655,-9.803058624267578,0.8391677141189575,0.02182685025036335,-0.0167694091796875,-0.0026618109550327063
1888460528275,0.7864952683448792,-9.785102844238281,0.8810662031173706,0.0196974016726017,-0.01703559048473835,-0.007453070487827063
1888461765550,0.8188169598579407,-9.806650161743164,0.8559271097183228,0.01996358297765255,-0.0181003138422966,-0.0053236219100654125
1888463002837,0.8164227604866028,-9.798270225524902,0.871489405632019,0.0258195661008358,-0.0162370465695858,0.0
1888464240112,0.8200140595436096,-9.797073364257812,0.8738836050033569,0.01836649514734745,-0.01117960549890995,-0.0037265352439135313
1888465477412,0.8523358106613159,-9.816226959228516,0.8846575617790222,0.0223592109978199,-0.0138414166867733,-0.008517795242369175
1888466714700,0.8319851160049438,-9.783905029296875,0.8834604620933533,0.02502102218568325,-0.0191650390625,-0.0071868896484375
1888467951975,0.788889467716217,-9.783905029296875,0.872686505317688,0.0204959437251091,-0.01357523538172245,-0.0021294488105922937
1888469189287,0.828393816947937,-9.781511306762695,0.8966285586357117,0.02369011752307415,-0.01117960549890995,-0.0005323622026480734
1888470426562,0.8188169598579407,-9.761160850524902,0.8846575617790222,0.02262539230287075,-0.012510511092841625,-0.0029279920272529125
1888471663837,0.8391677141189575,-9.819818496704102,0.8690952062606812,0.023956298828125,-0.01597086526453495,-0.0013309054775163531
1888472901137,0.7948749661445618,-9.799468040466309,0.8212112188339233,0.0223592109978199,-0.012776692397892475,0.0002661811013240367
1888474138412,0.7912836670875549,-9.793481826782227,0.8463503122329712,0.02555338479578495,-0.0090501569211483,-0.0037265352439135313
1888475375700,0.8044517636299133,-9.792284965515137,0.871489405632019,0.0258195661008358,-0.008783976547420025,-0.007453070487827063
1888476613000,0.8068459630012512,-9.815030097961426,0.8918401598930359,0.02129448764026165,-0.0090501569211483,-0.0005323622026480734
1888477850275,0.7972691655158997,-9.81143856048584,0.8774749040603638,0.02315775491297245,-0.005057440605014563,0.0021294488105922937
1888479087562,0.7924807667732239,-9.81263542175293,0.8690952062606812,0.0234239362180233,-0.007453070487827063,-0.0002661811013240367
1888480324850,0.7948749661445618,-9.823410034179688,0.8475474119186401,0.0220930315554142,-0.008517795242369175,0.0053236219100654125
1888481562137,0.7553706169128418,-9.847352027893066,0.8786720037460327,0.0258195661008358,-0.0071868896484375,-0.0005323622026480734
1888482799450,0.7781155705451965,-9.818621635437012,0.8343793153762817,0.02262539230287075,-0.010913425125181675,-0.0053236219100654125
1888484036725,0.7661445736885071,-9.830592155456543,0.8870517611503601,0.0228915736079216,-0.0053236219100654125,-0.008783976547420025
1888485274012,0.7996633648872375,-9.853337287902832,0.8487445116043091,0.0234239362180233,-0.0039927163161337376,-0.0005323622026480734
1888486511300,0.811634361743927,-9.799468040466309,0.8403648138046265,0.02502102218568325,-0.0037265352439135313,-0.0021294488105922937
1888487748587,0.8104372620582581,-9.81024169921875,0.8475474119186401,0.02741665206849575,-0.0031941730994731188,-0.0037265352439135313
1888488985850,0.8080430626869202,-9.817423820495605,0.8690952062606812,0.0220930315554142,-0.0037265352439135313,-0.0039927163161337376
1888490223162,0.8068459630012512,-9.786299705505371,0.9181763529777527,0.0247548408806324,-0.003460354171693325,0.0013309054775163531
1888491460450,0.788889467716217,-9.805453300476074,0.8774749040603638,0.02369011752307415,-0.0071868896484375,0.0015970865497365594
1888492697750,0.8164227604866028,-9.806650161743164,0.8786720037460327,0.02608574740588665,-0.005589802749454975,-0.0018632676219567657
1888493935037,0.8212112188339233,-9.81024169921875,0.8846575617790222,0.023956298828125,0.0026618109550327063,-0.0029279920272529125
1888495172337,0.7960720658302307,-9.795876502990723,0.8942343592643738,0.0196974016726017,0.0023956298828125,-0.005855984054505825
1888496409600,0.8259996175765991,-9.786299705505371,0.8966285586357117,0.02369011752307415,0.0,-0.0021294488105922937
1888497646887,0.8140285611152649,-9.789891242980957,0.888248860836029,0.023956298828125,-0.0013309054775163531,-0.0053236219100654125
1888498884175,0.8702923059463501,-9.782708168029785,0.8834604620933533,0.0234239362180233,0.0015970865497365594,-0.00452507846057415
1888500121462,0.8427590131759644,-9.749189376831055,0.9085995554924011,0.02369011752307415,0.0031941730994731188,-0.003460354171693325
1888501358737,0.8750807046890259,-9.791088104248047,0.8667010068893433,0.02076212503015995,0.003460354171693325,-0.00984870083630085
1888502596037,0.8367735147476196,-9.847352027893066,0.871489405632019,0.02369011752307415,0.0026618109550327063,-0.0026618109550327063
1888503833325,0.8259996175765991,-9.801861763000488,0.9038111567497253,0.0252872034907341,0.0013309054775163531,-0.0005323622026480734
1888505070612,0.8224083185195923,-9.813833236694336,0.8846575617790222,0.0234239362180233,-0.0013309054775163531,-0.008517795242369175
1888506307887,0.8212112188339233,-9.821015357971191,0.8355764150619507,0.0228915736079216,0.003460354171693325,-0.0039927163161337376
1888507545187,0.7984662652015686,-9.803058624267578,0.912190854549408,0.02661811001598835,0.003460354171693325,-0.0031941730994731188
1888508782475,0.8463503122329712,-9.764751434326172,0.9050082564353943,0.0252872034907341,0.003460354171693325,-0.005855984054505825
1888510019762,0.829590916633606,-9.84615421295166,0.8786720037460327,0.02502102218568325,0.0023956298828125,-0.006122165359556675
1888511257037,0.8331822156906128,-9.783905029296875,0.9193734526634216,0.0263519287109375,0.003460354171693325,-0.0018632676219567657
1888512494337,0.8224083185195923,-9.780314445495605,0.9085995554924011,0.02901373989880085,0.006122165359556675,-0.004791259765625
1888513731612,0.8319851160049438,-9.847352027893066,0.9014169573783875,0.03087700717151165,0.0063883461989462376,-0.0042588976211845875
1888514968912,0.8020575642585754,-9.806650161743164,0.8750807046890259,0.0300784632563591,0.0042588976211845875,-0.005855984054505825
1888516206200,0.8020575642585754,-9.791088104248047,0.8738836050033569,0.02981228195130825,0.0029279920272529125,-0.0066545275039970875
1888517443487,0.8236054182052612,-9.806650161743164,0.8978256583213806,0.0306108258664608,0.0023956298828125,-0.008517795242369175
1888518680787,0.812831461429596,-9.856928825378418,0.8487445116043091,0.02848137728869915,0.0066545275039970875,-0.0077192517928779125
1888519918062,0.788889467716217,-9.821015357971191,0.9085995554924011,0.0268842913210392,0.007985432632267475,-0.0037265352439135313
1888521155325,0.8032546639442444,-9.807847023010254,0.9409212470054626,0.0282151959836483,0.007985432632267475,-0.0010647244052961469
1888522392637,0.7984662652015686,-9.828198432922363,0.910993754863739,0.0292799212038517,0.007453070487827063,-0.005589802749454975
1888523629912,0.7876923680305481,-9.840168952941895,0.9097966551780701,0.0306108258664608,0.00984870083630085,-0.007453070487827063
1888524867212,0.7781155705451965,-9.800664901733398,0.910993754863739,0.02874755859375,0.0071868896484375,-0.004791259765625
1888526104500,0.8008604645729065,-9.824606895446777,0.910993754863739,0.0268842913210392,0.008783976547420025,-0.0023956298828125
1888527341775,0.812831461429596,-9.81143856048584,0.888248860836029,0.033538818359375,0.010114881210029125,-0.0039927163161337376
1888528579075,0.8068459630012512,-9.84256362915039,0.9062053561210632,0.0346035435795784,0.00931633822619915,-0.005855984054505825
1888529816362,0.8702923059463501,-9.801861763000488,0.9038111567497253,0.0319417305290699,0.00692070834338665,-0.0119781494140625
1888531053650,0.8212112188339233,-9.849745750427246,0.9002198576927185,0.02661811001598835,0.0119781494140625,-0.007453070487827063
1888532290937,0.7996633648872375,-9.836577415466309,0.910993754863739,0.0268842913210392,0.01357523538172245,-0.0063883461989462376
1888533528212,0.7960720658302307,-9.891644477844238,0.889445960521698,0.0322079136967659,0.00984870083630085,-0.006122165359556675
1888534765512,0.8655039072036743,-9.804256439208984,0.9205705523490906,0.0340711809694767,0.008251613937318325,-0.0026618109550327063
1888536002800,0.8427590131759644,-9.860519409179688,0.8810662031173706,0.0252872034907341,0.008251613937318325,-0.003460354171693325
1888537240087,0.8319851160049438,-9.84615421295166,0.8954314589500427,0.02874755859375,0.010381062515079975,-0.00931633822619915
1888538477387,0.8523358106613159,-9.800664901733398,0.8990227580070496,0.0319417305290699,0.012510511092841625,-0.01224433071911335
1888539714662,0.8463503122329712,-9.818621635437012,0.8655039072036743,0.0292799212038517,0.00692070834338665,-0.0037265352439135313
1888540951950,0.8140285611152649,-9.818621635437012,0.8463503122329712,0.02741665206849575,0.0018632676219567657,-0.0010647244052961469
1888542189225,0.9050082564353943,-9.829395294189453,0.8870517611503601,0.02848137728869915,0.00692070834338665,-0.00452507846057415
1888543426525,0.8631097078323364,-9.861717224121094,0.9133879542350769,0.02502102218568325,0.010647243820130825,-0.00984870083630085
1888544663825,0.8451532125473022,-9.84615421295166,0.8810662031173706,0.0292799212038517,0.008251613937318325,-0.0018632676219567657
1888545901100,0.8918401598930359,-9.850942611694336,0.8762778043746948,0.0311431884765625,0.00958251953125,-0.0053236219100654125
1888547138387,0.8750807046890259,-9.877279281616211,0.8798691034317017,0.03034464456140995,0.008783976547420025,-0.007453070487827063
1888548375675,0.8439561128616333,-9.856928825378418,0.9002198576927185,0.02981228195130825,0.0090501569211483,-0.010647243820130825
1888549612962,0.8307880163192749,-9.860519409179688,0.933738648891449,0.02794901467859745,0.008251613937318325,-0.01171196810901165
1888550850262,0.8810662031173706,-9.873687744140625,0.8750807046890259,0.02608574740588665,0.0090501569211483,-0.01117960549890995
1888552087550,0.8762778043746948,-9.888052940368652,0.9181763529777527,0.0258195661008358,0.008783976547420025,-0.010913425125181675
1888553324812,0.8523358106613159,-9.870096206665039,0.872686505317688,0.02076212503015995,0.0071868896484375,-0.01171196810901165
1888554562112,0.8595184087753296,-9.904812812805176,0.8547300100326538,0.02369011752307415,0.01171196810901165,-0.010647243820130825
1888555799400,0.8343793153762817,-9.90122127532959,0.8798691034317017,0.0244886614382267,0.0066545275039970875,-0.0138414166867733
1888557036675,0.8140285611152649,-9.894038200378418,0.8750807046890259,0.02262539230287075,0.010114881210029125,-0.01171196810901165
1888558273975,0.8259996175765991,-9.898826599121094,0.9229647517204285,0.01943122036755085,0.012510511092841625,-0.0138414166867733
1888559511250,0.8044517636299133,-9.90241813659668,0.8822633624076843,0.023956298828125,0.007985432632267475,-0.0138414166867733
1888560748562,0.8092401623725891,-9.8784761428833,0.8798691034317017,0.02794901467859745,0.007985432632267475,-0.0119781494140625
1888561985825,0.8631097078323364,-9.90361499786377,0.8786720037460327,0.02262539230287075,0.013042873702943325,-0.01410759799182415
1888563223137,0.8583213090896606,-9.910798072814941,0.8667010068893433,0.0186326764523983,0.0138414166867733,-0.014373779296875
1888564460412,0.8607155084609985,-9.911994934082031,0.9014169573783875,0.01889885775744915,0.00958251953125,-0.0114457868039608
1888565697700,0.8523358106613159,-9.914389610290527,0.9014169573783875,0.01943122036755085,0.008517795242369175,-0.013042873702943325
1888566934987,0.8906430602073669,-9.872490882873535,0.8798691034317017,0.015438503585755825,0.01650322787463665,-0.015438503585755825
1888568172275,0.888248860836029,-9.859322547912598,0.9097966551780701,0.01996358297765255,0.01224433071911335,-0.01756795309484005
1888569409562,0.8750807046890259,-9.850942611694336,0.9014169573783875,0.01889885775744915,0.00692070834338665,-0.014906140975654125
1888570646850,0.888248860836029,-9.891644477844238,0.9193734526634216,0.013309055007994175,0.01171196810901165,-0.01463996060192585
1888571884150,0.9014169573783875,-9.859322547912598,0.9169792532920837,0.0162370465695858,0.01463996060192585,-0.01463996060192585
1888573121437,0.8942343592643738,-9.854534149169922,0.9002198576927185,0.0157046839594841,0.00931633822619915,-0.012776692397892475
1888574358725,0.9002198576927185,-9.838972091674805,0.9265560507774353,0.0157046839594841,0.008251613937318325,-0.01756795309484005
1888575596012,0.9002198576927185,-9.831789016723633,0.8762778043746948,0.014906140975654125,0.008783976547420025,-0.0173017717897892
1888576833287,0.8619126081466675,-9.829395294189453,0.8822633624076843,0.02129448764026165,0.012776692397892475,-0.015172322280704975
1888578070587,0.8822633624076843,-9.862914085388184,0.912190854549408,0.012510511092841625,0.012510511092841625,-0.01597086526453495
1888579307862,0.8595184087753296,-9.837775230407715,0.9217676520347595,0.013042873702943325,0.00984870083630085,-0.014373779296875
1888580545150,0.8475474119186401,-9.819818496704102,0.9229647517204285,0.01463996060192585,0.01171196810901165,-0.01783413253724575
1888581782437,0.829590916633606,-9.84376049041748,0.9241618514060974,0.02129448764026165,0.00984870083630085,-0.01224433071911335
1888583019725,0.8702923059463501,-9.813833236694336,0.9205705523490906,0.02022976242005825,0.008783976547420025,-0.0138414166867733
1888584257000,0.8331822156906128,-9.815030097961426,0.9062053561210632,0.01703559048473835,0.0066545275039970875,-0.015438503585755825
1888585494312,0.8188169598579407,-9.816226959228516,0.8786720037460327,0.01463996060192585,0.0114457868039608,-0.01703559048473835
1888586731587,0.8487445116043091,-9.825803756713867,0.8798691034317017,0.0215606689453125,0.005057440605014563,-0.01889885775744915
1888587968862,0.8140285611152649,-9.797073364257812,0.9014169573783875,0.02422248013317585,0.005057440605014563,-0.013309055007994175
1888589206175,0.8415619134902954,-9.84615421295166,0.910993754863739,0.0191650390625,0.01171196810901165,-0.0119781494140625
1888590443450,0.8451532125473022,-9.852140426635742,0.9289502501487732,0.01783413253724575,0.0119781494140625,-0.01171196810901165
1888591680737,0.8523358106613159,-9.873687744140625,0.93254154920578,0.01996358297765255,0.004791259765625,-0.007453070487827063
1888592918037,0.8595184087753296,-9.828198432922363,0.8990227580070496,0.01650322787463665,0.00931633822619915,-0.003460354171693325
1888594155337,0.9050082564353943,-9.816226959228516,0.9074024558067322,0.015172322280704975,0.013042873702943325,-0.0031941730994731188
1888595392612,0.8846575617790222,-9.821015357971191,0.9038111567497253,0.01996358297765255,0.00958251953125,-0.007985432632267475
1888596629900,0.8774749040603638,-9.841365814208984,0.93254154920578,0.0181003138422966,0.010381062515079975,-0.00931633822619915
1888597867200,0.889445960521698,-9.850942611694336,0.8475474119186401,0.01996358297765255,0.0114457868039608,-0.005589802749454975
1888599104462,0.8667010068893433,-9.837775230407715,0.9217676520347595,0.0204959437251091,0.01357523538172245,-0.00931633822619915
1888600341762,0.8774749040603638,-9.84615421295166,0.888248860836029,0.013309055007994175,0.01171196810901165,-0.008783976547420025
1888601579050,0.849941611289978,-9.914389610290527,0.9062053561210632,0.0167694091796875,0.0063883461989462376,-0.0018632676219567657
1888602816337,0.8439561128616333,-9.855731010437012,0.9373299479484558,0.0181003138422966,0.0090501569211483,-0.0039927163161337376
1888604053612,0.851138710975647,-9.909601211547852,0.9133879542350769,0.0162370465695858,0.00931633822619915,0.0037265352439135313
1888605290925,0.8702923059463501,-9.865307807922363,0.8906430602073669,0.01783413253724575,0.005057440605014563,-0.0029279920272529125
1888606528200,0.8631097078323364,-9.870096206665039,0.9074024558067322,0.02129448764026165,0.008251613937318325,-0.0053236219100654125
1888607765487,0.8583213090896606,-9.824606895446777,0.9433155059814453,0.01597086526453495,0.008517795242369175,-0.0007985432748682797
1888609002762,0.8236054182052612,-9.816226959228516,0.8834604620933533,0.01117960549890995,0.0066545275039970875,-0.0029279920272529125
1888610240062,0.8104372620582581,-9.81143856048584,0.9050082564353943,0.01463996060192585,0.00931633822619915,0.0002661811013240367
1888611477350,0.8056488633155823,-9.816226959228516,0.9229647517204285,0.01410759799182415,0.00958251953125,-0.008783976547420025
1888612714637,0.8678981065750122,-9.789891242980957,0.9145850539207458,0.0119781494140625,0.0114457868039608,-0.008251613937318325
1888613951925,0.8463503122329712,-9.864110946655273,0.9062053561210632,0.0119781494140625,0.01410759799182415,-0.0053236219100654125
1888615189212,0.8762778043746948,-9.836577415466309,0.8846575617790222,0.013309055007994175,0.012510511092841625,-0.007985432632267475
1888616426500,0.8607155084609985,-9.838972091674805,0.910993754863739,0.0138414166867733,0.012510511092841625,-0.010913425125181675
1888617663800,0.8367735147476196,-9.854534149169922,0.8906430602073669,0.0167694091796875,0.00692070834338665,-0.004791259765625
1888618901100,0.8355764150619507,-9.860519409179688,0.8846575617790222,0.014373779296875,0.00931633822619915,-0.005589802749454975
1888620138387,0.8559271097183228,-9.876082420349121,0.9026140570640564,0.0138414166867733,0.014373779296875,-0.007453070487827063
1888621375662,0.8463503122329712,-9.889249801635742,0.9193734526634216,0.0162370465695858,0.012510511092841625,-0.003460354171693325
1888622612962,0.8822633624076843,-9.836577415466309,0.9229647517204285,0.010114881210029125,0.013309055007994175,-0.0071868896484375
1888623850225,0.8858546614646912,-9.847352027893066,0.8918401598930359,0.008783976547420025,0.0090501569211483,-0.01357523538172245
1888625087512,0.8655039072036743,-9.86650562286377,0.9217676520347595,0.0162370465695858,0.01410759799182415,-0.01224433071911335
1888626324812,0.8702923059463501,-9.90361499786377,0.9157821536064148,0.01650322787463665,0.015172322280704975,-0.0042588976211845875
1888627562112,0.828393816947937,-9.882067680358887,0.9169792532920837,0.01171196810901165,0.01410759799182415,-0.0018632676219567657
1888628799375,0.8762778043746948,-9.864110946655273,0.9038111567497253,0.005855984054505825,0.008783976547420025,-0.0042588976211845875
1888630036675,0.8559271097183228,-9.885659217834473,0.889445960521698,0.008517795242369175,0.015172322280704975,-0.0021294488105922937
1888631273975,0.8619126081466675,-9.898826599121094,0.9385270476341248,0.01224433071911335,0.01463996060192585,-0.006122165359556675
1888632511262,0.8798691034317017,-9.884461402893066,0.9074024558067322,0.007985432632267475,0.0157046839594841,-0.0063883461989462376
1888633748537,0.849941611289978,-9.865307807922363,0.8690952062606812,0.0090501569211483,0.01650322787463665,-0.010381062515079975
1888634985825,0.8439561128616333,-9.86770248413086,0.9217676520347595,0.01171196810901165,0.012776692397892475,-0.00984870083630085
1888636223112,0.812831461429596,-9.90361499786377,0.9385270476341248,0.005855984054505825,0.0191650390625,-0.0026618109550327063
1888637460425,0.829590916633606,-9.898826599121094,0.8655039072036743,0.0021294488105922937,0.0223592109978199,-0.0037265352439135313
1888638697687,0.8798691034317017,-9.914389610290527,0.8870517611503601,0.0039927163161337376,0.01171196810901165,-0.0037265352439135313
1888639934962,0.829590916633606,-9.891644477844238,0.9085995554924011,0.004791259765625,0.01410759799182415,-0.0053236219100654125
1888641172262,0.871489405632019,-9.864110946655273,0.9038111567497253,0.0021294488105922937,0.01703559048473835,-0.008783976547420025
1888642409550,0.8188169598579407,-9.859322547912598,0.9157821536064148,-0.0021294488105922937,0.02076212503015995,-0.003460354171693325
1888643646850,0.8319851160049438,-9.861717224121094,0.888248860836029,0.007985432632267475,0.0220930315554142,-0.005855984054505825
1888644884137,0.8104372620582581,-9.885659217834473,0.8798691034317017,0.0002661811013240367,0.01703559048473835,-0.00692070834338665
1888646121425,0.8319851160049438,-9.890447616577148,0.8631097078323364,0.0005323622026480734,0.01410759799182415,-0.0090501569211483
1888647358712,0.8487445116043091,-9.886856079101562,0.8571242094039917,0.0010647244052961469,0.01889885775744915,-0.007453070487827063
1888648596000,0.8475474119186401,-9.86770248413086,0.8966285586357117,0.0037265352439135313,0.0181003138422966,-0.0015970865497365594
1888649833287,0.8702923059463501,-9.853337287902832,0.9205705523490906,0.0002661811013240367,0.01836649514734745,-0.0090501569211483
1888651070575,0.8188169598579407,-9.855731010437012,0.8607155084609985,0.0010647244052961469,0.01783413253724575,-0.010381062515079975
1888652307850,0.8391677141189575,-9.880870819091797,0.9038111567497253,0.0013309054775163531,0.01650322787463665,-0.007985432632267475
1888653545162,0.8523358106613159,-9.853337287902832,0.8990227580070496,-0.0042588976211845875,0.01996358297765255,-0.00958251953125
1888654782462,0.8619126081466675,-9.895236015319824,0.8966285586357117,-0.005855984054505825,0.0181003138422966,-0.010114881210029125
1888656019737,0.8798691034317017,-9.860519409179688,0.9217676520347595,-0.003460354171693325,0.01463996060192585,-0.0042588976211845875
1888657257025,0.8439561128616333,-9.87967300415039,0.9038111567497253,-0.0042588976211845875,0.012510511092841625,-0.0031941730994731188
1888658494300,0.8583213090896606,-9.864110946655273,0.9014169573783875,-0.0029279920272529125,0.01836649514734745,-0.005855984054505825
1888659731587,0.8547300100326538,-9.871294021606445,0.9074024558067322,-0.0037265352439135313,0.0244886614382267,-0.007453070487827063
1888660968887,0.8212112188339233,-9.84256362915039,0.8846575617790222,-0.0090501569211483,0.0223592109978199,-0.0013309054775163531
1888662206162,0.8248025178909302,-9.824606895446777,0.8954314589500427,-0.005855984054505825,0.02315775491297245,-0.0023956298828125
1888663443450,0.8403648138046265,-9.792284965515137,0.8822633624076843,-0.008783976547420025,0.01996358297765255,-0.0053236219100654125
1888664680725,0.8571242094039917,-9.782708168029785,0.8954314589500427,-0.0063883461989462376,0.0157046839594841,-0.0002661811013240367
1888665918037,0.8355764150619507,-9.816226959228516,0.8954314589500427,-0.0018632676219567657,0.0196974016726017,0.0015970865497365594
1888667155325,0.851138710975647,-9.783905029296875,0.933738648891449,-0.0026618109550327063,0.02262539230287075,0.0029279920272529125
1888668392612,0.8427590131759644,-9.824606895446777,0.9433155059814453,-0.0066545275039970875,0.0223592109978199,0.004791259765625
1888669629900,0.8439561128616333,-9.783905029296875,0.8906430602073669,-0.0029279920272529125,0.023956298828125,0.0010647244052961469
1888670867175,0.8966285586357117,-9.827000617980957,0.9157821536064148,-0.0007985432748682797,0.0228915736079216,-0.0005323622026480734
1888672104487,0.8667010068893433,-9.806650161743164,0.8906430602073669,-0.0031941730994731188,0.0220930315554142,-0.0039927163161337376
1888673341750,0.8750807046890259,-9.816226959228516,0.8942343592643738,0.0015970865497365594,0.01597086526453495,0.004791259765625
1888674579050,0.8750807046890259,-9.807847023010254,0.9193734526634216,0.003460354171693325,0.01463996060192585,0.006122165359556675
1888675816337,0.8427590131759644,-9.829395294189453,0.9169792532920837,-0.0023956298828125,0.02262539230287075,0.006122165359556675
1888677053612,0.8750807046890259,-9.7791166305542,0.9050082564353943,-0.0015970865497365594,0.01943122036755085,0.0021294488105922937
1888678290912,0.8918401598930359,-9.762357711791992,0.8391677141189575,-0.0002661811013240367,0.02182685025036335,-0.0015970865497365594
1888679528212,0.8846575617790222,-9.763554573059082,0.8343793153762817,0.0015970865497365594,0.02076212503015995,-0.0029279920272529125
1888680765500,0.8846575617790222,-9.773131370544434,0.8702923059463501,0.0053236219100654125,0.01996358297765255,0.0029279920272529125
1888682002787,0.851138710975647,-9.77672290802002,0.9229647517204285,0.0005323622026480734,0.0196974016726017,0.0007985432748682797
1888683240087,0.8391677141189575,-9.787496566772461,0.889445960521698,-0.0002661811013240367,0.02129448764026165,0.0023956298828125
1888684477350,0.8152256608009338,-9.792284965515137,0.9026140570640564,-0.0015970865497365594,0.014373779296875,0.0021294488105922937
1888685714650,0.8834604620933533,-9.827000617980957,0.8774749040603638,0.0005323622026480734,0.0119781494140625,0.0013309054775163531
1888686951937,0.889445960521698,-9.831789016723633,0.9026140570640564,0.0018632676219567657,0.01117960549890995,0.0010647244052961469
1888688189225,0.8798691034317017,-9.81143856048584,0.889445960521698,0.0021294488105922937,0.014373779296875,0.0021294488105922937
1888689426512,0.8870517611503601,-9.794679641723633,0.8774749040603638,0.0010647244052961469,0.02022976242005825,0.005057440605014563
1888690663800,0.8631097078323364,-9.819818496704102,0.9074024558067322,-0.0037265352439135313,0.01703559048473835,0.0066545275039970875
1888691901100,0.8068459630012512,-9.823410034179688,0.8870517611503601,-0.00452507846057415,0.0173017717897892,0.0005323622026480734
1888693138387,0.8379706144332886,-9.80904483795166,0.8930372595787048,0.0015970865497365594,0.014906140975654125,0.0018632676219567657
1888694375675,0.8487445116043091,-9.836577415466309,0.8750807046890259,0.00452507846057415,0.01357523538172245,0.0023956298828125
1888695612950,0.8655039072036743,-9.858125686645508,0.8942343592643738,0.0013309054775163531,0.01650322787463665,0.0
1888696850237,0.8810662031173706,-9.824606895446777,0.8990227580070496,-0.0018632676219567657,0.0223592109978199,0.0005323622026480734
1888698087512,0.871489405632019,-9.807847023010254,0.9074024558067322,0.0005323622026480734,0.01703559048473835,0.0021294488105922937
1888699324825,0.8822633624076843,-9.81263542175293,0.889445960521698,-0.0005323622026480734,0.0138414166867733,0.007985432632267475
1888700562125,0.8822633624076843,-9.771934509277344,0.8822633624076843,0.0013309054775163531,0.0173017717897892,0.006122165359556675
1888701799400,0.8762778043746948,-9.795876502990723,0.9026140570640564,0.0018632676219567657,0.01996358297765255,0.0013309054775163531
1888703036687,0.8834604620933533,-9.835380554199219,0.8906430602073669,0.0018632676219567657,0.01836649514734745,-0.0010647244052961469
1888704273975,0.8583213090896606,-9.793481826782227,0.8954314589500427,0.0026618109550327063,0.01410759799182415,-0.0010647244052961469
1888705511262,0.8702923059463501,-9.793481826782227,0.9062053561210632,0.0018632676219567657,0.0186326764523983,-0.0015970865497365594
1888706748550,0.8631097078323364,-9.789891242980957,0.9097966551780701,-0.0023956298828125,0.013309055007994175,0.0005323622026480734
1888707985850,0.8762778043746948,-9.824606895446777,0.9074024558067322,-0.0029279920272529125,0.015172322280704975,0.0037265352439135313
1888709223125,0.8200140595436096,-9.84376049041748,0.8954314589500427,-0.0013309054775163531,0.0181003138422966,0.0026618109550327063
1888710460425,0.8906430602073669,-9.806650161743164,0.9026140570640564,0.0,0.0191650390625,0.0
1888711697712,0.8810662031173706,-9.781511306762695,0.8978256583213806,0.0005323622026480734,0.0167694091796875,-0.0005323622026480734
1888712934987,0.872686505317688,-9.806650161743164,0.9074024558067322,0.0013309054775163531,0.012510511092841625,0.0023956298828125
1888714172287,0.8643068075180054,-9.789891242980957,0.9133879542350769,0.0007985432748682797,0.0167694091796875,0.0053236219100654125
1888715409562,0.8595184087753296,-9.80904483795166,0.8750807046890259,0.0,0.01650322787463665,-0.0002661811013240367
1888716646875,0.8391677141189575,-9.782708168029785,0.889445960521698,0.0007985432748682797,0.01410759799182415,0.0
1888717884162,0.8619126081466675,-9.856928825378418,0.8786720037460327,0.0013309054775163531,0.01597086526453495,0.0021294488105922937
1888719121437,0.9002198576927185,-9.822212219238281,0.8583213090896606,0.0026618109550327063,0.012510511092841625,0.0053236219100654125
1888720358737,0.8990227580070496,-9.838972091674805,0.8451532125473022,-0.0023956298828125,0.012776692397892475,0.0066545275039970875
1888721595987,0.8846575617790222,-9.806650161743164,0.872686505317688,0.0018632676219567657,0.01117960549890995,0.0013309054775163531
1888722833312,0.871489405632019,-9.828198432922363,0.9205705523490906,0.008251613937318325,0.012510511092841625,0.0002661811013240367
1888724070587,0.8870517611503601,-9.862914085388184,0.9062053561210632,0.0031941730994731188,0.014373779296875,-0.0023956298828125
1888725307887,0.9097966551780701,-9.825803756713867,0.8954314589500427,0.0026618109550327063,0.01410759799182415,0.0007985432748682797
1888726545150,0.8643068075180054,-9.84615421295166,0.9050082564353943,0.0023956298828125,0.014373779296875,0.005589802749454975
1888727782462,0.8858546614646912,-9.854534149169922,0.9026140570640564,0.0013309054775163531,0.010114881210029125,0.0002661811013240367
1888729019725,0.8774749040603638,-9.841365814208984,0.8954314589500427,0.0042588976211845875,0.007985432632267475,-0.0002661811013240367
1888730257037,0.889445960521698,-9.823410034179688,0.9229647517204285,-0.0013309054775163531,0.01224433071911335,0.0053236219100654125
1888731494325,0.8930372595787048,-9.841365814208984,0.8918401598930359,-0.0029279920272529125,0.010913425125181675,0.0029279920272529125
1888732731625,0.9169792532920837,-9.81143856048584,0.9133879542350769,-0.005057440605014563,0.015172322280704975,-0.0007985432748682797
1888733968900,0.8834604620933533,-9.864110946655273,0.8846575617790222,0.0010647244052961469,0.010913425125181675,-0.0053236219100654125
1888735206200,0.8846575617790222,-9.78869342803955,0.8870517611503601,-0.0005323622026480734,0.012776692397892475,-0.0053236219100654125
1888736443475,0.8930372595787048,-9.803058624267578,0.8631097078323364,-0.0021294488105922937,0.013042873702943325,0.0021294488105922937
1888737680775,0.8810662031173706,-9.838972091674805,0.9157821536064148,0.0015970865497365594,0.008517795242369175,0.0029279920272529125
1888738918075,0.8667010068893433,-9.837775230407715,0.872686505317688,-0.0010647244052961469,0.00958251953125,-0.0013309054775163531
1888740155350,0.8786720037460327,-9.80904483795166,0.9193734526634216,-0.0002661811013240367,0.0063883461989462376,0.0066545275039970875
1888741392637,0.9062053561210632,-9.835380554199219,0.9002198576927185,0.0026618109550327063,0.0018632676219567657,0.0042588976211845875
1888742629912,0.8798691034317017,-9.84256362915039,0.9038111567497253,0.0015970865497365594,0.00692070834338665,0.0002661811013240367
1888743867225,0.889445960521698,-9.856928825378418,0.8822633624076843,-0.0031941730994731188,0.0114457868039608,-0.0007985432748682797
1888745104512,0.8846575617790222,-9.792284965515137,0.9062053561210632,-0.0026618109550327063,0.005589802749454975,0.0002661811013240367
1888746341787,0.8978256583213806,-9.80904483795166,0.8930372595787048,-0.0029279920272529125,0.007985432632267475,-0.0005323622026480734
1888747579075,0.9169792532920837,-9.824606895446777,0.9026140570640564,-0.006122165359556675,0.005855984054505825,-0.0010647244052961469
1888748816350,0.910993754863739,-9.803058624267578,0.9265560507774353,-0.0066545275039970875,0.003460354171693325,-0.0026618109550327063
1888750053650,0.9074024558067322,-9.840168952941895,0.9038111567497253,-0.0039927163161337376,0.004791259765625,-0.0039927163161337376
1888751290937,0.8954314589500427,-9.848548889160156,0.8942343592643738,0.0010647244052961469,0.00692070834338665,-0.0031941730994731188
1888752528212,0.9145850539207458,-9.829395294189453,0.8846575617790222,0.0005323622026480734,0.0053236219100654125,-0.0029279920272529125
1888753765537,0.8690952062606812,-9.81024169921875,0.8906430602073669,-0.0015970865497365594,0.0023956298828125,0.0005323622026480734
1888755002825,0.8858546614646912,-9.783905029296875,0.8583213090896606,-0.0007985432748682797,0.0029279920272529125,-0.0029279920272529125
1888756240100,0.9085995554924011,-9.819818496704102,0.9085995554924011,-0.0029279920272529125,0.0077192517928779125,-0.0031941730994731188
1888757477387,0.8930372595787048,-9.818621635437012,0.9289502501487732,-0.0037265352439135313,0.0039927163161337376,-0.0026618109550327063
1888758714675,0.8690952062606812,-9.823410034179688,0.8810662031173706,-0.0005323622026480734,-0.0005323622026480734,0.0005323622026480734
1888759951975,0.8858546614646912,-9.80904483795166,0.8990227580070496,-0.003460354171693325,0.0015970865497365594,0.0031941730994731188
1888761189262,0.9169792532920837,-9.830592155456543,0.9026140570640564,-0.0021294488105922937,0.005589802749454975,-0.0007985432748682797
1888762426537,0.8678981065750122,-9.80904483795166,0.8858546614646912,0.0023956298828125,0.00452507846057415,-0.0010647244052961469
1888763663837,0.8595184087753296,-9.86889934539795,0.8954314589500427,0.0026618109550327063,-0.0042588976211845875,-0.0018632676219567657
1888764901125,0.9038111567497253,-9.853337287902832,0.9301473498344421,-0.005589802749454975,0.0018632676219567657,0.0029279920272529125
1888766138400,0.8834604620933533,-9.819818496704102,0.9205705523490906,-0.0066545275039970875,0.0037265352439135313,0.004791259765625
1888767375712,0.9181763529777527,-9.84495735168457,0.8834604620933533,-0.0066545275039970875,0.0015970865497365594,-0.0002661811013240367
1888768612987,0.9085995554924011,-9.828198432922363,0.8762778043746948,-0.004791259765625,0.0018632676219567657,0.0
1888769850275,0.9229647517204285,-9.847352027893066,0.8966285586357117,-0.008251613937318325,-0.0002661811013240367,-0.0018632676219567657
1888771087562,0.9265560507774353,-9.816226959228516,0.9193734526634216,-0.007453070487827063,-0.0002661811013240367,0.0018632676219567657
1888772324875,0.8966285586357117,-9.799468040466309,0.9038111567497253,-0.0029279920272529125,-0.0021294488105922937,0.0018632676219567657
1888773562150,0.912190854549408,-9.823410034179688,0.8451532125473022,-0.0037265352439135313,0.0063883461989462376,0.0013309054775163531
1888774799425,0.9169792532920837,-9.823410034179688,0.8750807046890259,-0.007453070487827063,0.005855984054505825,0.0
1888776036737,0.8667010068893433,-9.795876502990723,0.9026140570640564,-0.0013309054775163531,-0.0002661811013240367,0.0037265352439135313
1888777274012,0.9062053561210632,-9.837775230407715,0.8738836050033569,-0.0031941730994731188,-0.0053236219100654125,-0.0013309054775163531
1888778511312,0.8403648138046265,-9.81024169921875,0.8439561128616333,-0.0023956298828125,-0.0053236219100654125,-0.0007985432748682797
1888779748600,0.8786720037460327,-9.805453300476074,0.9217676520347595,0.0010647244052961469,-0.0066545275039970875,-0.0023956298828125
1888780985875,0.9229647517204285,-9.80904483795166,0.8738836050033569,-0.0029279920272529125,-0.008251613937318325,-0.0021294488105922937
1888782223162,0.9085995554924011,-9.805453300476074,0.8559271097183228,-0.004791259765625,-0.0007985432748682797,0.004791259765625
1888783460462,0.8954314589500427,-9.797073364257812,0.9074024558067322,-0.0015970865497365594,-0.00452507846057415,0.0071868896484375
1888784697750,0.9038111567497253,-9.804256439208984,0.9205705523490906,-0.0026618109550327063,-0.007453070487827063,0.00452507846057415
1888785935025,0.8870517611503601,-9.840168952941895,0.8918401598930359,-0.005855984054505825,-0.0042588976211845875,0.0007985432748682797
1888787172312,0.9050082564353943,-9.80904483795166,0.9062053561210632,-0.004791259765625,-0.0063883461989462376,0.003460354171693325
1888788409612,0.8978256583213806,-9.81143856048584,0.8858546614646912,-0.0023956298828125,-0.01171196810901165,0.00931633822619915
1888789646900,0.9074024558067322,-9.821015357971191,0.9026140570640564,-0.0066545275039970875,-0.010647243820130825,0.008517795242369175
1888790884175,0.8667010068893433,-9.831789016723633,0.9038111567497253,-0.0077192517928779125,-0.00984870083630085,0.0031941730994731188
1888792121462,0.9169792532920837,-9.840168952941895,0.8954314589500427,-0.0029279920272529125,-0.0090501569211483,0.00958251953125
1888793358762,0.9097966551780701,-9.823410034179688,0.8798691034317017,-0.0039927163161337376,-0.00958251953125,0.007453070487827063
1888794596050,0.9038111567497253,-9.782708168029785,0.9145850539207458,-0.0071868896484375,-0.005589802749454975,0.0021294488105922937
1888795833350,0.8990227580070496,-9.835380554199219,0.8978256583213806,-0.005057440605014563,-0.010114881210029125,-0.0013309054775163531
1888797070637,0.9181763529777527,-9.81143856048584,0.9014169573783875,-0.00452507846057415,-0.014373779296875,0.0037265352439135313
1888798307925,0.9205705523490906,-9.824606895446777,0.8786720037460327,-0.0063883461989462376,-0.00692070834338665,0.0031941730994731188
1888799545212,0.9157821536064148,-9.84256362915039,0.8846575617790222,-0.01117960549890995,-0.005589802749454975,-0.0005323622026480734
1888800782500,0.912190854549408,-9.855731010437012,0.8966285586357117,-0.008251613937318325,-0.0066545275039970875,0.005589802749454975
1888802019787,0.8774749040603638,-9.836577415466309,0.8535329103469849,-0.005855984054505825,-0.00931633822619915,0.006122165359556675
1888803257075,0.93254154920578,-9.81024169921875,0.8463503122329712,-0.008251613937318325,-0.0042588976211845875,0.0029279920272529125
1888804494375,0.8798691034317017,-9.84615421295166,0.912190854549408,-0.005589802749454975,-0.014906140975654125,0.008783976547420025
1888805731662,0.8846575617790222,-9.794679641723633,0.9145850539207458,-0.007985432632267475,-0.014373779296875,0.010114881210029125
1888806968950,0.9157821536064148,-9.792284965515137,0.8990227580070496,-0.010913425125181675,-0.01171196810901165,0.0042588976211845875
1888808206225,0.9181763529777527,-9.803058624267578,0.8559271097183228,-0.008251613937318325,-0.010647243820130825,0.0037265352439135313
1888809443525,0.8678981065750122,-9.81024169921875,0.9277531504631042,-0.004791259765625,-0.00958251953125,0.0010647244052961469
1888810680825,0.8858546614646912,-9.800664901733398,0.8990227580070496,-0.005589802749454975,-0.00452507846057415,0.0077192517928779125
1888811918087,0.9229647517204285,-9.838972091674805,0.8655039072036743,-0.006122165359556675,-0.00984870083630085,0.008517795242369175
1888813155387,0.9038111567497253,-9.836577415466309,0.8643068075180054,-0.007985432632267475,-0.015438503585755825,0.005589802749454975
1888814392675,0.9085995554924011,-9.793481826782227,0.9193734526634216,-0.01224433071911335,-0.01703559048473835,0.0063883461989462376
1888815629962,0.8834604620933533,-9.805453300476074,0.8846575617790222,-0.0063883461989462376,-0.007453070487827063,0.0071868896484375
1888816867262,0.8643068075180054,-9.799468040466309,0.8846575617790222,-0.0039927163161337376,-0.010913425125181675,0.008783976547420025
1888818104537,0.8810662031173706,-9.807847023010254,0.9265560507774353,-0.005855984054505825,-0.010913425125181675,0.0066545275039970875
1888819341837,0.8942343592643738,-9.819818496704102,0.8798691034317017,-0.007985432632267475,-0.01171196810901165,0.010114881210029125
1888820579137,0.9097966551780701,-9.818621635437012,0.9002198576927185,-0.01410759799182415,-0.01410759799182415,0.0114457868039608
1888821816412,0.8966285586357117,-9.783905029296875,0.8930372595787048,-0.00931633822619915,-0.012776692397892475,0.0090501569211483
1888823053700,0.9038111567497253,-9.767146110534668,0.9157821536064148,-0.0029279920272529125,-0.012776692397892475,0.0114457868039608
1888824290987,0.9050082564353943,-9.818621635437012,0.8858546614646912,-0.00452507846057415,-0.01224433071911335,0.010114881210029125
1888825528287,0.8583213090896606,-9.786299705505371,0.9409212470054626,-0.008783976547420025,-0.01224433071911335,0.004791259765625
1888826765575,0.8870517611503601,-9.745597839355469,0.9014169573783875,-0.006122165359556675,-0.013042873702943325,0.0013309054775163531
1888828002862,0.8990227580070496,-9.7791166305542,0.8547300100326538,-0.0042588976211845875,-0.0119781494140625,0.0026618109550327063
1888829240150,0.8655039072036743,-9.77672290802002,0.8678981065750122,-0.0013309054775163531,-0.010647243820130825,0.006122165359556675
1888830477450,0.8343793153762817,-9.77791976928711,0.9265560507774353,-0.00692070834338665,-0.0119781494140625,0.0053236219100654125
1888831714725,0.9026140570640564,-9.794679641723633,0.8918401598930359,-0.00931633822619915,-0.0066545275039970875,-0.0005323622026480734
1888832952012,0.8643068075180054,-9.764751434326172,0.8750807046890259,-0.0053236219100654125,-0.0071868896484375,0.0066545275039970875
1888834189312,0.8906430602073669,-9.765949249267578,0.8690952062606812,-0.0066545275039970875,-0.0138414166867733,0.008517795242369175
1888835426600,0.9014169573783875,-9.798270225524902,0.9145850539207458,-0.0090501569211483,-0.00958251953125,0.0021294488105922937
1888836663887,0.872686505317688,-9.762357711791992,0.889445960521698,-0.005855984054505825,-0.0066545275039970875,0.0007985432748682797
1888837901187,0.8810662031173706,-9.77672290802002,0.9241618514060974,-0.0029279920272529125,-0.010114881210029125,0.0029279920272529125
1888839138475,0.8930372595787048,-9.816226959228516,0.9552865028381348,-0.0053236219100654125,-0.00958251953125,0.0029279920272529125
1888840375762,0.8810662031173706,-9.762357711791992,0.9469068050384521,-0.004791259765625,-0.007985432632267475,0.0031941730994731188
1888841613062,0.8690952062606812,-9.78869342803955,0.9133879542350769,-0.0077192517928779125,-0.00931633822619915,0.0039927163161337376
1888842850337,0.9062053561210632,-9.77552604675293,0.9014169573783875,-0.008517795242369175,-0.0114457868039608,0.0010647244052961469
1888844087625,0.9409212470054626,-9.789891242980957,0.9050082564353943,-0.0071868896484375,-0.012510511092841625,-0.0007985432748682797
1888845324925,0.9062053561210632,-9.749189376831055,0.9014169573783875,-0.0119781494140625,-0.008251613937318325,0.0010647244052961469
1888846562187,0.9133879542350769,-9.795876502990723,0.9289502501487732,-0.00692070834338665,-0.0037265352439135313,-0.0026618109550327063
1888847799487,0.9026140570640564,-9.77552604675293,0.9301473498344421,-0.0029279920272529125,-0.0077192517928779125,-0.0005323622026480734
1888849036775,0.8786720037460327,-9.767146110534668,0.912190854549408,0.0002661811013240367,-0.01117960549890995,0.0007985432748682797
1888850274087,0.93254154920578,-9.813833236694336,0.9169792532920837,-0.0021294488105922937,-0.008517795242369175,0.0010647244052961469
1888851511337,0.8954314589500427,-9.785102844238281,0.9157821536064148,-0.00931633822619915,-0.0077192517928779125,0.0010647244052961469
1888852748650,0.8870517611503601,-9.781511306762695,0.9528923034667969,-0.0026618109550327063,-0.010647243820130825,-0.0018632676219567657
1888853985937,0.8427590131759644,-9.794679641723633,0.9457097053527832,-0.0021294488105922937,-0.007985432632267475,0.0002661811013240367
1888855223225,0.8954314589500427,-9.853337287902832,0.8678981065750122,-0.0042588976211845875,-0.00692070834338665,-0.0039927163161337376
1888856460512,0.8822633624076843,-9.744400978088379,0.8750807046890259,-0.0023956298828125,-0.01117960549890995,0.0013309054775163531
1888857697800,0.8966285586357117,-9.77672290802002,0.9457097053527832,-0.0037265352439135313,-0.008783976547420025,0.0018632676219567657
1888858935075,0.9026140570640564,-9.799468040466309,0.910993754863739,-0.005057440605014563,-0.008251613937318325,-0.0007985432748682797
1888860172387,0.8810662031173706,-9.781511306762695,0.8954314589500427,-0.005589802749454975,-0.00452507846057415,-0.005057440605014563
1888861409662,0.889445960521698,-9.817423820495605,0.8834604620933533,-0.0018632676219567657,-0.0071868896484375,-0.0031941730994731188
1888862646975,0.8774749040603638,-9.815030097961426,0.8930372595787048,-0.0002661811013240367,-0.0114457868039608,-0.0007985432748682797
1888863884250,0.8846575617790222,-9.7791166305542,0.9349357485771179,-0.006122165359556675,-0.0042588976211845875,0.0007985432748682797
1888865121550,0.888248860836029,-9.789891242980957,0.8846575617790222,-0.005057440605014563,-0.0015970865497365594,-0.007453070487827063
1888866358837,0.889445960521698,-9.803058624267578,0.8918401598930359,-0.0005323622026480734,-0.003460354171693325,-0.0077192517928779125
1888867596112,0.9062053561210632,-9.780314445495605,0.9026140570640564,0.0005323622026480734,-0.0039927163161337376,-0.003460354171693325
1888868833387,0.9026140570640564,-9.805453300476074,0.8762778043746948,0.0010647244052961469,-0.005589802749454975,0.0005323622026480734
1888870070687,0.888248860836029,-9.798270225524902,0.9050082564353943,0.0013309054775163531,-0.0039927163161337376,0.0005323622026480734
1888871307975,0.9361328482627869,-9.798270225524902,0.9145850539207458,0.0039927163161337376,-0.01171196810901165,-0.0026618109550327063
1888872545275,0.8738836050033569,-9.783905029296875,0.9157821536064148,0.0007985432748682797,-0.008251613937318325,-0.0042588976211845875
1888873782575,0.8655039072036743,-9.77791976928711,0.93254154920578,-0.0021294488105922937,-0.0039927163161337376,-0.003460354171693325
1888875019850,0.8427590131759644,-9.773131370544434,0.9672574996948242,0.0002661811013240367,-0.0071868896484375,-0.007985432632267475
1888876257150,0.8762778043746948,-9.805453300476074,0.8810662031173706,-0.0026618109550327063,-0.004791259765625,-0.0071868896484375
1888877494450,0.8655039072036743,-9.807847023010254,0.8990227580070496,-0.003460354171693325,-0.0029279920272529125,-0.0026618109550327063
1888878731725,0.8690952062606812,-9.780314445495605,0.9050082564353943,-0.0026618109550327063,-0.0018632676219567657,-0.0077192517928779125
1888879969012,0.8990227580070496,-9.782708168029785,0.9301473498344421,0.0002661811013240367,-0.004791259765625,-0.005057440605014563
1888881206312,0.9205705523490906,-9.791088104248047,0.9014169573783875,0.0029279920272529125,-0.0031941730994731188,-0.0037265352439135313
1888882443587,0.9062053561210632,-9.807847023010254,0.9253589510917664,0.0002661811013240367,-0.0042588976211845875,-0.0071868896484375
1888883680887,0.8954314589500427,-9.787496566772461,0.9277531504631042,-0.0015970865497365594,-0.0018632676219567657,-0.0021294488105922937
1888884918187,0.8631097078323364,-9.77672290802002,0.8978256583213806,0.0021294488105922937,-0.0015970865497365594,-0.0029279920272529125
1888886155450,0.8762778043746948,-9.75158405303955,0.8906430602073669,0.0031941730994731188,-0.0018632676219567657,-0.0053236219100654125
1888887392750,0.8690952062606812,-9.81263542175293,0.9014169573783875,0.005589802749454975,0.0005323622026480734,-0.0042588976211845875
1888888630050,0.8690952062606812,-9.805453300476074,0.9133879542350769,0.005057440605014563,-0.006122165359556675,-0.0026618109550327063
1888889867312,0.8930372595787048,-9.799468040466309,0.8858546614646912,0.0013309054775163531,-0.0023956298828125,-0.0026618109550327063
1888891104600,0.8846575617790222,-9.787496566772461,0.9085995554924011,0.004791259765625,0.0010647244052961469,-0.005855984054505825
1888892341900,0.8954314589500427,-9.792284965515137,0.9085995554924011,-0.0002661811013240367,0.0029279920272529125,-0.00692070834338665
1888893579200,0.8786720037460327,-9.770737648010254,0.912190854549408,-0.0026618109550327063,-0.0013309054775163531,-0.0039927163161337376
1888894816487,0.8667010068893433,-9.801861763000488,0.8942343592643738,0.0037265352439135313,-0.0026618109550327063,-0.00452507846057415
1888896053775,0.9133879542350769,-9.801861763000488,0.9409212470054626,0.005057440605014563,-0.0007985432748682797,-0.005855984054505825
1888897291087,0.9157821536064148,-9.780314445495605,0.910993754863739,0.0023956298828125,0.0015970865497365594,-0.005855984054505825
1888898528362,0.8918401598930359,-9.774328231811523,0.9433155059814453,0.005589802749454975,-0.0023956298828125,-0.0053236219100654125
1888899765650,0.8786720037460327,-9.782708168029785,0.8906430602073669,0.0018632676219567657,-0.0007985432748682797,-0.00931633822619915
1888901002950,0.9349357485771179,-9.80904483795166,0.9301473498344421,0.00452507846057415,0.0031941730994731188,-0.008251613937318325
1888902240225,0.9050082564353943,-9.780314445495605,0.9193734526634216,0.003460354171693325,-0.0002661811013240367,-0.0042588976211845875
1888903477525,0.9074024558067322,-9.813833236694336,0.9241618514060974,0.0029279920272529125,0.003460354171693325,-0.010114881210029125
1888904714812,0.8942343592643738,-9.774328231811523,0.910993754863739,0.006122165359556675,0.0026618109550327063,-0.00984870083630085
1888905952087,0.872686505317688,-9.769539833068848,0.9157821536064148,0.0063883461989462376,0.0026618109550327063,-0.00984870083630085
1888907189400,0.9062053561210632,-9.805453300476074,0.9074024558067322,0.006122165359556675,0.0010647244052961469,-0.0071868896484375
1888908426650,0.8954314589500427,-9.789891242980957,0.9181763529777527,0.008517795242369175,0.0,-0.008517795242369175
1888909663962,0.8870517611503601,-9.793481826782227,0.9289502501487732,0.0029279920272529125,0.0066545275039970875,-0.01410759799182415
1888910901262,0.8930372595787048,-9.81143856048584,0.9481039047241211,0.004791259765625,0.0039927163161337376,-0.015172322280704975
1888912138537,0.8834604620933533,-9.756372451782227,0.9217676520347595,0.008783976547420025,-0.0031941730994731188,-0.00984870083630085
1888913375837,0.9038111567497253,-9.785102844238281,0.933738648891449,0.0119781494140625,0.0026618109550327063,-0.0090501569211483
1888914613125,0.8858546614646912,-9.758766174316406,0.9181763529777527,0.00692070834338665,0.0066545275039970875,-0.010114881210029125
1888915850400,0.9253589510917664,-9.739612579345703,0.9181763529777527,0.00452507846057415,0.0026618109550327063,-0.010381062515079975
1888917087712,0.888248860836029,-9.763554573059082,0.9397241473197937,0.006122165359556675,0.0039927163161337376,-0.007985432632267475
1888918324987,0.9002198576927185,-9.794679641723633,0.9445126056671143,0.008783976547420025,0.0031941730994731188,-0.00452507846057415
1888919562287,0.8846575617790222,-9.769539833068848,0.9145850539207458,0.0066545275039970875,0.005589802749454975,-0.007453070487827063
1888920799562,0.9133879542350769,-9.78869342803955,0.9612720012664795,0.006122165359556675,0.008251613937318325,-0.010647243820130825
1888922036862,0.9181763529777527,-9.795876502990723,0.8918401598930359,0.008783976547420025,0.008251613937318325,-0.0090501569211483
1888923274162,0.8702923059463501,-9.822212219238281,0.9265560507774353,0.007985432632267475,0.0090501569211483,-0.005057440605014563
1888924511437,0.8942343592643738,-9.799468040466309,0.9133879542350769,0.005855984054505825,0.007453070487827063,-0.007453070487827063
1888925748725,0.8918401598930359,-9.758766174316406,0.9373299479484558,0.010647243820130825,-0.0002661811013240367,-0.005855984054505825
1888926986037,0.8870517611503601,-9.786299705505371,0.9385270476341248,0.01224433071911335,0.005057440605014563,-0.007453070487827063
1888928223312,0.8762778043746948,-9.783905029296875,0.9217676520347595,0.00984870083630085,0.0042588976211845875,-0.010381062515079975
1888929460600,0.8774749040603638,-9.804256439208984,0.9145850539207458,0.008251613937318325,0.0021294488105922937,-0.01463996060192585
1888930697887,0.9062053561210632,-9.767146110534668,0.912190854549408,0.008517795242369175,0.004791259765625,-0.010381062515079975
1888931935175,0.912190854549408,-9.797073364257812,0.9014169573783875,0.0053236219100654125,0.010381062515079975,-0.0114457868039608
1888933172462,0.8738836050033569,-9.791088104248047,0.9085995554924011,0.008783976547420025,0.0071868896484375,-0.0173017717897892
1888934409750,0.889445960521698,-9.78869342803955,0.8942343592643738,0.01117960549890995,0.0021294488105922937,-0.012776692397892475
1888935647037,0.8547300100326538,-9.830592155456543,0.8822633624076843,0.0090501569211483,0.010913425125181675,-0.010381062515079975
1888936884325,0.8690952062606812,-9.838972091674805,0.8810662031173706,0.004791259765625,0.0119781494140625,-0.0114457868039608
1888938121625,0.872686505317688,-9.836577415466309,0.9085995554924011,0.00692070834338665,0.01171196810901165,-0.0167694091796875
1888939358925,0.888248860836029,-9.831789016723633,0.933738648891449,0.012510511092841625,0.0114457868039608,-0.0167694091796875
1888940596200,0.8786720037460327,-9.819818496704102,0.9169792532920837,0.015438503585755825,0.005855984054505825,-0.013042873702943325
1888941833487,0.9074024558067322,-9.804256439208984,0.8978256583213806,0.01410759799182415,0.005057440605014563,-0.008251613937318325
1888943070812,0.9373299479484558,-9.817423820495605,0.9074024558067322,0.005589802749454975,0.00958251953125,-0.01463996060192585
1888944308087,0.8978256583213806,-9.789891242980957,0.9469068050384521,0.007453070487827063,0.010381062515079975,-0.01463996060192585
1888945545375,0.9229647517204285,-9.800664901733398,0.9313444495201111,0.00984870083630085,0.010913425125181675,-0.0157046839594841
1888946782650,0.8834604620933533,-9.815030097961426,0.9133879542350769,0.004791259765625,0.015438503585755825,-0.01410759799182415
1888948019950,0.8822633624076843,-9.823410034179688,0.9361328482627869,0.0053236219100654125,0.0138414166867733,-0.010647243820130825
1888949257237,0.9313444495201111,-9.821015357971191,0.9361328482627869,0.010381062515079975,0.012510511092841625,-0.00931633822619915
1888950494537,0.9014169573783875,-9.828198432922363,0.8942343592643738,0.010114881210029125,0.014906140975654125,-0.01224433071911335
1888951731837,0.8846575617790222,-9.838972091674805,0.9062053561210632,0.00931633822619915,0.0119781494140625,-0.01463996060192585
1888952969112,0.8834604620933533,-9.859322547912598,0.9277531504631042,0.0018632676219567657,0.01463996060192585,-0.0114457868039608
1888954206412,0.9445126056671143,-9.897629737854004,0.9433155059814453,0.0023956298828125,0.01410759799182415,-0.0119781494140625
1888955443687,0.8367735147476196,-9.850942611694336,0.9277531504631042,0.005855984054505825,0.013309055007994175,-0.013042873702943325
1888956680987,0.8906430602073669,-9.817423820495605,0.8547300100326538,0.0031941730994731188,0.01650322787463665,-0.01783413253724575
1888957918275,0.8678981065750122,-9.871294021606445,0.8631097078323364,0.004791259765625,0.0173017717897892,-0.01943122036755085
1888959155562,0.8966285586357117,-9.891644477844238,0.9014169573783875,0.0077192517928779125,0.01756795309484005,-0.013042873702943325
1888960392850,0.912190854549408,-9.841365814208984,0.9421183466911316,0.0063883461989462376,0.015172322280704975,-0.01171196810901165
1888961630125,0.8655039072036743,-9.861717224121094,0.8990227580070496,0.0071868896484375,0.015438503585755825,-0.014373779296875
1888962867425,0.8786720037460327,-9.84615421295166,0.8846575617790222,0.00984870083630085,0.01783413253724575,-0.00931633822619915
1888964104725,0.8870517611503601,-9.849745750427246,0.910993754863739,0.0021294488105922937,0.0181003138422966,-0.010381062515079975
1888965342000,0.8822633624076843,-9.885659217834473,0.9169792532920837,0.0026618109550327063,0.01889885775744915,-0.013042873702943325
1888966579287,0.9074024558067322,-9.872490882873535,0.8906430602073669,0.0042588976211845875,0.02076212503015995,-0.00931633822619915
1888967816587,0.8822633624076843,-9.84495735168457,0.9385270476341248,0.0018632676219567657,0.02129448764026165,-0.010114881210029125
1888969053875,0.8942343592643738,-9.854534149169922,0.9361328482627869,0.0010647244052961469,0.0234239362180233,-0.00958251953125
1888970291175,0.8367735147476196,-9.838972091674805,0.9253589510917664,0.0007985432748682797,0.02129448764026165,-0.010381062515079975
1888971528475,0.9002198576927185,-9.84615421295166,0.9361328482627869,0.0002661811013240367,0.02022976242005825,-0.01783413253724575
1888972765750,0.9169792532920837,-9.852140426635742,0.9145850539207458,0.003460354171693325,0.0186326764523983,-0.00984870083630085
1888974003037,0.9002198576927185,-9.8784761428833,0.8966285586357117,0.0013309054775163531,0.0186326764523983,-0.0119781494140625
1888975240325,0.8942343592643738,-9.841365814208984,0.9157821536064148,0.005855984054505825,0.02315775491297245,-0.0138414166867733
1888976477600,0.8690952062606812,-9.864110946655273,0.9385270476341248,0.0013309054775163531,0.0271504707634449,-0.01463996060192585
1888977714900,0.8918401598930359,-9.853337287902832,0.9217676520347595,0.0042588976211845875,0.0228915736079216,-0.013309055007994175
1888978952187,0.8822633624076843,-9.855731010437012,0.8655039072036743,0.0037265352439135313,0.01996358297765255,-0.013042873702943325
1888980189500,0.888248860836029,-9.832986831665039,0.9133879542350769,-0.0018632676219567657,0.0196974016726017,-0.010647243820130825
1888981426775,0.9193734526634216,-9.817423820495605,0.9050082564353943,-0.0010647244052961469,0.02129448764026165,-0.010114881210029125
1888982664075,0.8918401598930359,-9.906009674072266,0.9050082564353943,-0.0005323622026480734,0.0263519287109375,-0.01171196810901165
1888983901375,0.9301473498344421,-9.906009674072266,0.8702923059463501,-0.0005323622026480734,0.023956298828125,-0.005057440605014563
1888985138637,0.8942343592643738,-9.882067680358887,0.9062053561210632,0.0007985432748682797,0.0223592109978199,-0.00452507846057415
1888986375937,0.8918401598930359,-9.891644477844238,0.933738648891449,-0.0031941730994731188,0.02502102218568325,-0.013309055007994175
1888987613212,0.9050082564353943,-9.910798072814941,0.9062053561210632,-0.0026618109550327063,0.0220930315554142,-0.0157046839594841
1888988850512,0.8870517611503601,-9.871294021606445,0.8906430602073669,-0.0071868896484375,0.02741665206849575,-0.01117960549890995
1888990087800,0.9038111567497253,-9.840168952941895,0.9074024558067322,-0.008517795242369175,0.02262539230287075,-0.012776692397892475
1888991325075,0.9181763529777527,-9.872490882873535,0.9205705523490906,-0.0071868896484375,0.01996358297765255,-0.0138414166867733
1888992562387,0.8810662031173706,-9.896432876586914,0.9253589510917664,-0.0053236219100654125,0.02129448764026165,-0.013309055007994175
1888993799687,0.889445960521698,-9.860519409179688,0.9169792532920837,-0.005855984054505825,0.0263519287109375,-0.015438503585755825
1888995036950,0.9205705523490906,-9.821015357971191,0.9169792532920837,-0.008251613937318325,0.02502102218568325,-0.014373779296875
1888996274250,0.8918401598930359,-9.829395294189453,0.9157821536064148,-0.008251613937318325,0.0228915736079216,-0.0090501569211483
1888997511537,0.8786720037460327,-9.883264541625977,0.8954314589500427,-0.0042588976211845875,0.02741665206849575,-0.0066545275039970875
1888998748825,0.9145850539207458,-9.823410034179688,0.9349357485771179,-0.0031941730994731188,0.02422248013317585,-0.008783976547420025
1888999986112,0.9301473498344421,-9.856928825378418,0.9133879542350769,-0.008783976547420025,0.02555338479578495,-0.0066545275039970875
1889001223425,0.9229647517204285,-9.854534149169922,0.8822633624076843,-0.007985432632267475,0.0247548408806324,-0.005855984054505825
1889002460712,0.888248860836029,-9.858125686645508,0.8978256583213806,-0.0053236219100654125,0.0223592109978199,-0.00958251953125
1889003698012,0.8918401598930359,-9.824606895446777,0.8990227580070496,-0.010114881210029125,0.0244886614382267,-0.0077192517928779125
1889004935300,0.9145850539207458,-9.837775230407715,0.9169792532920837,-0.005057440605014563,0.02315775491297245,-0.005589802749454975
1889006172562,0.9313444495201111,-9.862914085388184,0.9133879542350769,-0.00984870083630085,0.0244886614382267,-0.0114457868039608
1889007409862,0.9229647517204285,-9.862914085388184,0.9193734526634216,-0.0119781494140625,0.0282151959836483,-0.00958251953125
1889008647175,0.9289502501487732,-9.848548889160156,0.8990227580070496,-0.00692070834338665,0.0247548408806324,-0.00931633822619915
1889009884462,0.9576807022094727,-9.854534149169922,0.888248860836029,-0.010114881210029125,0.0263519287109375,-0.008517795242369175
1889011121737,0.93254154920578,-9.853337287902832,0.9193734526634216,-0.00931633822619915,0.0295461006462574,-0.00931633822619915
1889012359037,0.9361328482627869,-9.84615421295166,0.9181763529777527,-0.007453070487827063,0.0268842913210392,-0.00692070834338665
1889013596325,0.950498104095459,-9.855731010437012,0.9528923034667969,-0.0090501569211483,0.02555338479578495,-0.007453070487827063
1889014833612,0.9564836025238037,-9.890447616577148,0.9361328482627869,-0.01357523538172245,0.02794901467859745,-0.01117960549890995
1889016070900,0.9433155059814453,-9.894038200378418,0.912190854549408,-0.0138414166867733,0.02422248013317585,-0.006122165359556675
1889017308200,0.9636662006378174,-9.858125686645508,0.9421183466911316,-0.0063883461989462376,0.02848137728869915,-0.0077192517928779125
1889018545487,0.9397241473197937,-9.84495735168457,0.9253589510917664,-0.01224433071911335,0.0314093679189682,-0.007985432632267475
1889019782787,0.9433155059814453,-9.848548889160156,0.9241618514060974,-0.0157046839594841,0.023956298828125,-0.005855984054505825
1889021020062,0.9397241473197937,-9.824606895446777,0.888248860836029,-0.0114457868039608,0.0282151959836483,-0.0090501569211483
1889022257350,0.9277531504631042,-9.856928825378418,0.9026140570640564,-0.010647243820130825,0.0319417305290699,-0.008783976547420025
1889023494650,0.9253589510917664,-9.872490882873535,0.9145850539207458,-0.01410759799182415,0.03034464456140995,-0.01117960549890995
1889024731925,0.9217676520347595,-9.874884605407715,0.8954314589500427,-0.0186326764523983,0.0282151959836483,-0.0037265352439135313
1889025969225,0.9528923034667969,-9.797073364257812,0.9217676520347595,-0.0173017717897892,0.0295461006462574,-0.0010647244052961469
1889027206525,0.9253589510917664,-9.873687744140625,0.9169792532920837,-0.013309055007994175,0.02608574740588665,-0.004791259765625
1889028443800,0.9301473498344421,-9.837775230407715,0.8750807046890259,-0.01410759799182415,0.0252872034907341,-0.0005323622026480734
1889029681100,0.9205705523490906,-9.850942611694336,0.8774749040603638,-0.01783413253724575,0.02874755859375,-0.003460354171693325
1889030918400,0.9457097053527832,-9.836577415466309,0.8906430602073669,-0.01597086526453495,0.02794901467859745,-0.005855984054505825
1889032155687,0.933738648891449,-9.84615421295166,0.8834604620933533,-0.013042873702943325,0.0343373604118824,-0.0031941730994731188
1889033392950,0.9469068050384521,-9.856928825378418,0.8954314589500427,-0.013309055007994175,0.0263519287109375,-0.003460354171693325
1889034630262,0.9373299479484558,-9.876082420349121,0.9361328482627869,-0.01889885775744915,0.0292799212038517,-0.0042588976211845875
1889035867550,0.9361328482627869,-9.829395294189453,0.9361328482627869,-0.01889885775744915,0.02502102218568325,-0.0005323622026480734
1889037104825,0.9385270476341248,-9.815030097961426,0.9241618514060974,-0.012510511092841625,0.0268842913210392,0.0002661811013240367
1889038342137,0.9612720012664795,-9.828198432922363,0.8559271097183228,-0.01410759799182415,0.0252872034907341,0.0018632676219567657
1889039579412,0.9385270476341248,-9.849745750427246,0.8690952062606812,-0.01410759799182415,0.02555338479578495,-0.0021294488105922937
1889040816712,0.9768342971801758,-9.864110946655273,0.8906430602073669,-0.014373779296875,0.02369011752307415,-0.0021294488105922937
1889042054012,0.973242998123169,-9.861717224121094,0.8930372595787048,-0.01463996060192585,0.0247548408806324,0.0
1889043291287,0.9445126056671143,-9.874884605407715,0.9038111567497253,-0.01357523538172245,0.02874755859375,-0.0005323622026480734
1889044528575,0.9660604000091553,-9.847352027893066,0.8678981065750122,-0.0090501569211483,0.02555338479578495,-0.0018632676219567657
1889045765875,0.9349357485771179,-9.860519409179688,0.8702923059463501,-0.012776692397892475,0.02555338479578495,0.0026618109550327063
1889047003150,0.9672574996948242,-9.848548889160156,0.8056488633155823,-0.015172322280704975,0.02422248013317585,-0.0015970865497365594
1889048240450,0.9576807022094727,-9.837775230407715,0.8619126081466675,-0.014906140975654125,0.02369011752307415,-0.0029279920272529125
1889049477737,0.9588778018951416,-9.862914085388184,0.8643068075180054,-0.015172322280704975,0.0252872034907341,-0.0010647244052961469
1889050715050,0.9624691009521484,-9.859322547912598,0.8942343592643738,-0.0114457868039608,0.02369011752307415,0.0039927163161337376
1889051952325,0.9385270476341248,-9.853337287902832,0.9253589510917664,-0.01117960549890995,0.0244886614382267,0.0015970865497365594
1889053189600,0.9385270476341248,-9.847352027893066,0.8643068075180054,-0.00958251953125,0.0191650390625,0.0002661811013240367
1889054426900,0.9409212470054626,-9.854534149169922,0.9277531504631042,-0.012510511092841625,0.02076212503015995,-0.0010647244052961469
1889055664187,0.9038111567497253,-9.824606895446777,0.8559271097183228,-0.00984870083630085,0.0220930315554142,-0.0002661811013240367
1889056901487,0.9864110946655273,-9.827000617980957,0.851138710975647,-0.013309055007994175,0.0228915736079216,0.0063883461989462376
1889058138775,0.9900023937225342,-9.824606895446777,0.9074024558067322,-0.015172322280704975,0.0223592109978199,0.0063883461989462376
1889059376050,0.9660604000091553,-9.81024169921875,0.8954314589500427,-0.0157046839594841,0.0191650390625,0.0026618109550327063
1889060613350,0.9804255962371826,-9.815030097961426,0.9050082564353943,-0.015438503585755825,0.0228915736079216,0.0023956298828125
1889061850650,0.9181763529777527,-9.840168952941895,0.8990227580070496,-0.013309055007994175,0.02369011752307415,0.0077192517928779125
1889063087950,0.9349357485771179,-9.831789016723633,0.8631097078323364,-0.01463996060192585,0.0223592109978199,0.0042588976211845875
1889064325225,0.9959878921508789,-9.847352027893066,0.9085995554924011,-0.01703559048473835,0.02182685025036335,0.0037265352439135313
1889065562512,0.9828197956085205,-9.815030097961426,0.8990227580070496,-0.014373779296875,0.0191650390625,0.0063883461989462376
1889066799800,0.9696516990661621,-9.813833236694336,0.9002198576927185,-0.01410759799182415,0.0196974016726017,0.0053236219100654125
1889068037100,0.9588778018951416,-9.81143856048584,0.8906430602073669,-0.0119781494140625,0.0215606689453125,0.0063883461989462376
1889069274387,0.9971849918365479,-9.799468040466309,0.9277531504631042,-0.0114457868039608,0.01836649514734745,0.0026618109550327063
1889070511675,0.9876081943511963,-9.792284965515137,0.9062053561210632,-0.0138414166867733,0.01943122036755085,0.0013309054775163531
1889071748962,1.0043675899505615,-9.815030097961426,0.8750807046890259,-0.01117960549890995,0.02129448764026165,0.0071868896484375
1889072986262,0.9828197956085205,-9.798270225524902,0.8798691034317017,-0.013309055007994175,0.0167694091796875,0.007985432632267475
1889074223537,0.99479079246521,-9.823410034179688,0.9050082564353943,-0.0090501569211483,0.01597086526453495,0.0015970865497365594
1889075460850,0.9469068050384521,-9.817423820495605,0.8978256583213806,-0.01224433071911335,0.02022976242005825,0.0029279920272529125
1889076698125,0.9636662006378174,-9.832986831665039,0.9014169573783875,-0.0157046839594841,0.01943122036755085,0.006122165359556675
1889077935425,0.9816226959228516,-9.792284965515137,0.8786720037460327,-0.0114457868039608,0.0186326764523983,0.0066545275039970875
1889079172712,0.9433155059814453,-9.804256439208984,0.8655039072036743,-0.010647243820130825,0.01943122036755085,0.010114881210029125
1889080410012,0.9349357485771179,-9.77552604675293,0.8762778043746948,-0.012776692397892475,0.0162370465695858,0.0026618109550327063
1889081647300,0.94930100440979,-9.773131370544434,0.9038111567497253,-0.01597086526453495,0.01597086526453495,0.0066545275039970875
1889082884587,0.9481039047241211,-9.797073364257812,0.8978256583213806,-0.008251613937318325,0.01224433071911335,0.00931633822619915
1889084121875,0.9277531504631042,-9.781511306762695,0.8379706144332886,-0.007453070487827063,0.01597086526453495,0.008517795242369175
1889085359175,0.9445126056671143,-9.758766174316406,0.8678981065750122,-0.01117960549890995,0.02182685025036335,0.0090501569211483
1889086596462,0.9133879542350769,-9.793481826782227,0.8643068075180054,-0.007453070487827063,0.0162370465695858,0.007453070487827063
1889087833750,0.9528923034667969,-9.765949249267578,0.8966285586357117,-0.00692070834338665,0.012776692397892475,0.010913425125181675
1889089071037,0.9792284965515137,-9.785102844238281,0.8942343592643738,-0.0119781494140625,0.012776692397892475,0.00692070834338665
1889090308325,0.9720458984375,-9.736021041870117,0.8595184087753296,-0.010114881210029125,0.01410759799182415,0.007985432632267475
1889091545625,0.9588778018951416,-9.7791166305542,0.889445960521698,-0.006122165359556675,0.0114457868039608,0.010381062515079975
1889092782900,0.9397241473197937,-9.764751434326172,0.888248860836029,-0.005855984054505825,0.01650322787463665,0.0066545275039970875
1889094020212,0.9469068050384521,-9.773131370544434,0.8655039072036743,-0.0077192517928779125,0.0181003138422966,0.0031941730994731188
1889095257487,0.9792284965515137,-9.758766174316406,0.8798691034317017,-0.00931633822619915,0.0162370465695858,0.006122165359556675
1889096494787,0.9792284965515137,-9.763554573059082,0.9169792532920837,-0.013042873702943325,0.015438503585755825,0.0077192517928779125
1889097732075,0.9528923034667969,-9.761160850524902,0.8966285586357117,-0.006122165359556675,0.0119781494140625,0.005855984054505825
1889098969375,0.9540894031524658,-9.783905029296875,0.8475474119186401,-0.007453070487827063,0.0090501569211483,0.008783976547420025
1889100206650,0.9552865028381348,-9.716867446899414,0.8678981065750122,-0.007985432632267475,0.0119781494140625,0.0053236219100654125
1889101443937,0.9528923034667969,-9.787496566772461,0.8942343592643738,-0.0023956298828125,0.010114881210029125,0.0053236219100654125
1889102681237,0.9433155059814453,-9.756372451782227,0.8834604620933533,-0.008251613937318325,0.008251613937318325,0.007985432632267475
1889103918512,0.9840168952941895,-9.782708168029785,0.8750807046890259,-0.0071868896484375,0.01224433071911335,0.006122165359556675
1889105155825,0.9552865028381348,-9.781511306762695,0.9193734526634216,-0.00452507846057415,0.010381062515079975,0.0042588976211845875
1889106393100,0.9576807022094727,-9.758766174316406,0.8571242094039917,-0.0039927163161337376,0.013042873702943325,0.0063883461989462376
1889107630400,0.9660604000091553,-9.72285270690918,0.871489405632019,-0.0026618109550327063,0.0090501569211483,0.010114881210029125
1889108867675,0.9876081943511963,-9.744400978088379,0.8786720037460327,-0.0018632676219567657,0.010647243820130825,0.0037265352439135313
1889110104975,1.0043675899505615,-9.732430458068848,0.8822633624076843,-0.0053236219100654125,0.0119781494140625,0.0023956298828125
1889111342262,0.9852139949798584,-9.736021041870117,0.9157821536064148,-0.0026618109550327063,0.010647243820130825,0.0029279920272529125
1889112579562,0.973242998123169,-9.75278091430664,0.8655039072036743,-0.0026618109550327063,0.0119781494140625,0.0026618109550327063
1889113816850,0.9696516990661621,-9.81024169921875,0.8954314589500427,-0.0053236219100654125,0.00692070834338665,0.005589802749454975
1889115054150,0.9971849918365479,-9.746795654296875,0.8822633624076843,-0.0063883461989462376,0.005855984054505825,0.0039927163161337376
1889116291437,1.016338586807251,-9.768342971801758,0.9014169573783875,0.0013309054775163531,0.007985432632267475,0.006122165359556675
1889117528725,0.9971849918365479,-9.72165584564209,0.9193734526634216,0.0010647244052961469,0.008783976547420025,0.008783976547420025
1889118766012,0.9828197956085205,-9.749189376831055,0.9097966551780701,0.0018632676219567657,0.00958251953125,0.003460354171693325
1889120003300,0.9792284965515137,-9.763554573059082,0.8870517611503601,0.0005323622026480734,0.005589802749454975,0.004791259765625
1889121240600,1.0031704902648926,-9.75158405303955,0.8930372595787048,-0.0021294488105922937,0.005057440605014563,0.005589802749454975
1889122477887,0.9959878921508789,-9.770737648010254,0.8906430602073669,0.0018632676219567657,0.008251613937318325,0.0023956298828125
1889123715187,0.9923965930938721,-9.740809440612793,0.851138710975647,0.004791259765625,0.00984870083630085,0.0007985432748682797
1889124952475,0.9852139949798584,-9.763554573059082,0.8834604620933533,0.0007985432748682797,0.010913425125181675,0.0002661811013240367
1889126189737,0.9876081943511963,-9.734824180603027,0.8690952062606812,0.0042588976211845875,0.0066545275039970875,0.0039927163161337376
1889127427062,0.9768342971801758,-9.733627319335938,0.8762778043746948,0.0066545275039970875,0.0029279920272529125,0.0066545275039970875
1889128664362,0.9780313968658447,-9.747992515563965,0.872686505317688,0.007453070487827063,0.004791259765625,0.0007985432748682797
1889129901612,1.01753568649292,-9.75158405303955,0.9038111567497253,0.008783976547420025,0.0071868896484375,-0.0023956298828125
1889131138925,1.0103530883789062,-9.765949249267578,0.9062053561210632,0.010647243820130825,0.005855984054505825,0.004791259765625
1889132376212,0.9744400978088379,-9.801861763000488,0.912190854549408,0.010647243820130825,0.0042588976211845875,0.0042588976211845875
1889133613512,0.9684545993804932,-9.758766174316406,0.8678981065750122,0.006122165359556675,0.0021294488105922937,0.0018632676219567657
1889134850787,0.9780313968658447,-9.743204116821289,0.9133879542350769,0.005855984054505825,0.0010647244052961469,0.0021294488105922937
1889136088087,0.9540894031524658,-9.791088104248047,0.94930100440979,0.01117960549890995,0.008517795242369175,0.0005323622026480734
1889137325375,0.9660604000091553,-9.758766174316406,0.9062053561210632,0.0119781494140625,0.005589802749454975,0.0
1889138562662,1.0235211849212646,-9.732430458068848,0.910993754863739,0.0119781494140625,-0.0023956298828125,-0.0002661811013240367
1889139799962,0.993593692779541,-9.769539833068848,0.9050082564353943,0.01224433071911335,-0.0029279920272529125,0.0015970865497365594
1889141037237,0.9720458984375,-9.769539833068848,0.8954314589500427,0.013309055007994175,0.0026618109550327063,0.0021294488105922937
1889142274525,0.9600749015808105,-9.762357711791992,0.9169792532920837,0.0114457868039608,0.004791259765625,0.0013309054775163531
1889143511837,1.0103530883789062,-9.732430458068848,0.9014169573783875,0.01410759799182415,0.0029279920272529125,0.0023956298828125
1889144749112,0.9612720012664795,-9.783905029296875,0.8930372595787048,0.010913425125181675,0.003460354171693325,0.0005323622026480734
1889145986400,0.9900023937225342,-9.763554573059082,0.888248860836029,0.010913425125181675,0.0053236219100654125,0.0015970865497365594
1889147223712,0.9481039047241211,-9.71926212310791,0.9229647517204285,0.0114457868039608,-0.0026618109550327063,-0.0018632676219567657
1889148460987,0.99479079246521,-9.761160850524902,0.8810662031173706,0.0138414166867733,-0.0018632676219567657,-0.0026618109550327063
1889149698275,1.0079588890075684,-9.771934509277344,0.9157821536064148,0.01996358297765255,0.004791259765625,-0.0037265352439135313
1889150935562,0.9672574996948242,-9.731232643127441,0.9217676520347595,0.0196974016726017,-0.0039927163161337376,0.0010647244052961469
1889152172875,0.973242998123169,-9.781511306762695,0.9600749015808105,0.0173017717897892,-0.0037265352439135313,-0.0018632676219567657
1889153410150,1.0103530883789062,-9.757569313049316,0.8990227580070496,0.0204959437251091,0.0023956298828125,0.0021294488105922937
1889154647450,0.9457097053527832,-9.791088104248047,0.9193734526634216,0.02076212503015995,-0.0013309054775163531,0.003460354171693325
1889155884737,0.9397241473197937,-9.765949249267578,0.912190854549408,0.0186326764523983,-0.0015970865497365594,0.0021294488105922937
1889157122025,0.9564836025238037,-9.716867446899414,0.9074024558067322,0.0191650390625,-0.0053236219100654125,0.0002661811013240367
1889158359312,0.9660604000091553,-9.750386238098145,0.8798691034317017,0.0220930315554142,-0.006122165359556675,0.0007985432748682797
1889159596612,0.9816226959228516,-9.791088104248047,0.8678981065750122,0.0196974016726017,-0.007985432632267475,0.0002661811013240367
1889160833912,0.94930100440979,-9.726444244384766,0.9385270476341248,0.02076212503015995,-0.004791259765625,-0.00452507846057415
1889162071200,0.94930100440979,-9.77791976928711,0.9085995554924011,0.01996358297765255,-0.004791259765625,-0.0002661811013240367
1889163308487,0.9756371974945068,-9.746795654296875,0.8966285586357117,0.02262539230287075,-0.006122165359556675,0.0042588976211845875
1889164545775,0.9636662006378174,-9.769539833068848,0.9097966551780701,0.0252872034907341,0.0005323622026480734,-0.0015970865497365594
1889165783075,0.9816226959228516,-9.767146110534668,0.8990227580070496,0.0263519287109375,0.0,-0.0002661811013240367
1889167020362,0.9540894031524658,-9.732430458068848,0.9265560507774353,0.0220930315554142,-0.0042588976211845875,-0.0007985432748682797
1889168257637,0.9792284965515137,-9.744400978088379,0.8978256583213806,0.02502102218568325,-0.005589802749454975,-0.0018632676219567657
1889169494925,0.9804255962371826,-9.737218856811523,0.933738648891449,0.0268842913210392,-0.0037265352439135313,-0.0007985432748682797
1889170732225,0.9349357485771179,-9.787496566772461,0.8655039072036743,0.02315775491297245,-0.006122165359556675,-0.0053236219100654125
1889171969537,0.9564836025238037,-9.75397777557373,0.9014169573783875,0.0244886614382267,-0.0090501569211483,0.0002661811013240367
1889173206825,0.9612720012664795,-9.745597839355469,0.9157821536064148,0.0263519287109375,-0.010114881210029125,-0.0007985432748682797
1889174444100,0.99479079246521,-9.768342971801758,0.9600749015808105,0.0282151959836483,-0.006122165359556675,-0.0010647244052961469
1889175681412,0.9516952037811279,-9.757569313049316,0.9361328482627869,0.0271504707634449,-0.0063883461989462376,-0.00452507846057415
1889176918675,0.9074024558067322,-9.740809440612793,0.9205705523490906,0.02555338479578495,-0.0042588976211845875,-0.0023956298828125
1889178155975,0.9421183466911316,-9.77672290802002,0.8870517611503601,0.02661811001598835,-0.007985432632267475,0.0005323622026480734
1889179393287,0.9768342971801758,-9.740809440612793,0.94930100440979,0.02874755859375,-0.0037265352439135313,0.0026618109550327063
1889180630562,0.973242998123169,-9.817423820495605,0.9397241473197937,0.0271504707634449,-0.004791259765625,0.0007985432748682797
1889181867862,0.950498104095459,-9.783905029296875,0.9074024558067322,0.02422248013317585,-0.0077192517928779125,0.0005323622026480734
1889183105150,0.9229647517204285,-9.804256439208984,0.8930372595787048,0.02794901467859745,-0.0042588976211845875,0.003460354171693325
1889184342425,0.9804255962371826,-9.801861763000488,0.8930372595787048,0.0295461006462574,-0.003460354171693325,0.0021294488105922937
1889185579737,0.9564836025238037,-9.818621635437012,0.9038111567497253,0.02661811001598835,-0.0063883461989462376,0.0029279920272529125
1889186817025,0.9277531504631042,-9.815030097961426,0.9181763529777527,0.02794901467859745,-0.006122165359556675,0.0053236219100654125
1889188054287,0.933738648891449,-9.829395294189453,0.9361328482627869,0.0295461006462574,-0.0066545275039970875,0.0007985432748682797
1889189291600,0.9289502501487732,-9.828198432922363,0.9421183466911316,0.02848137728869915,-0.008251613937318325,0.0066545275039970875
1889190528875,0.9852139949798584,-9.821015357971191,0.9648633003234863,0.0311431884765625,-0.006122165359556675,0.005057440605014563
1889191766175,0.9720458984375,-9.795876502990723,0.9301473498344421,0.0252872034907341,-0.0031941730994731188,0.0053236219100654125
1889193003475,0.9540894031524658,-9.855731010437012,0.94930100440979,0.0220930315554142,-0.0053236219100654125,-0.0013309054775163531
1889194240762,0.9409212470054626,-9.836577415466309,0.9540894031524658,0.02608574740588665,-0.00452507846057415,-0.0039927163161337376
1889195478050,0.8535329103469849,-9.853337287902832,0.910993754863739,0.02848137728869915,-0.010114881210029125,-0.0021294488105922937
1889196715362,0.94930100440979,-9.854534149169922,0.889445960521698,0.02262539230287075,-0.004791259765625,-0.0015970865497365594
1889197952650,0.9361328482627869,-9.847352027893066,0.9588778018951416,0.0223592109978199,-0.0023956298828125,0.0013309054775163531
1889199189925,0.9481039047241211,-9.84495735168457,0.8990227580070496,0.02262539230287075,-0.0029279920272529125,0.0031941730994731188
1889200427225,0.9612720012664795,-9.864110946655273,0.9696516990661621,0.0223592109978199,-0.004791259765625,0.0015970865497365594
1889201664512,0.9576807022094727,-9.838972091674805,0.9696516990661621,0.01996358297765255,-0.0029279920272529125,0.0018632676219567657
1889202901787,0.9804255962371826,-9.84256362915039,0.9014169573783875,0.0191650390625,-0.0013309054775163531,0.0013309054775163531
1889204139087,0.9169792532920837,-9.834183692932129,0.9169792532920837,0.0228915736079216,-0.0002661811013240367,0.004791259765625
1889205376375,0.9445126056671143,-9.847352027893066,0.9313444495201111,0.0263519287109375,0.0026618109550327063,0.0053236219100654125
1889206613662,0.9433155059814453,-9.837775230407715,0.9074024558067322,0.023956298828125,-0.0037265352439135313,0.0023956298828125
1889207850962,0.9481039047241211,-9.803058624267578,0.9684545993804932,0.0215606689453125,-0.008783976547420025,0.0053236219100654125
1889209088262,0.93254154920578,-9.829395294189453,0.9385270476341248,0.02315775491297245,-0.005057440605014563,0.007453070487827063
1889210325550,0.9648633003234863,-9.81143856048584,0.94930100440979,0.0191650390625,-0.0026618109550327063,0.0013309054775163531
1889211562837,0.9361328482627869,-9.885659217834473,0.9229647517204285,0.01357523538172245,-0.007453070487827063,0.0007985432748682797
1889212800137,0.9289502501487732,-9.860519409179688,0.9421183466911316,0.010913425125181675,-0.0037265352439135313,0.0010647244052961469
1889214037425,0.9457097053527832,-9.84615421295166,0.9624691009521484,0.01756795309484005,-0.0021294488105922937,0.0031941730994731188
1889215274712,0.9469068050384521,-9.806650161743164,0.9672574996948242,0.0186326764523983,-0.0037265352439135313,0.007985432632267475
1889216512000,0.9205705523490906,-9.828198432922363,0.9289502501487732,0.015438503585755825,-0.0063883461989462376,0.007985432632267475
1889217749312,0.9097966551780701,-9.823410034179688,0.9660604000091553,0.012510511092841625,-0.003460354171693325,0.0042588976211845875
1889218986600,0.9576807022094727,-9.829395294189453,0.9672574996948242,0.02076212503015995,-0.0026618109550327063,0.0018632676219567657
1889220223875,0.9445126056671143,-9.821015357971191,0.9349357485771179,0.0186326764523983,-0.007453070487827063,0.007453070487827063
1889221461200,0.9313444495201111,-9.789891242980957,0.9528923034667969,0.0157046839594841,-0.00692070834338665,0.0063883461989462376
1889222698462,0.9684545993804932,-9.813833236694336,0.9852139949798584,0.0204959437251091,-0.0029279920272529125,0.0039927163161337376
1889223935762,0.9277531504631042,-9.816226959228516,0.9792284965515137,0.02315775491297245,-0.0037265352439135313,0.00984870083630085
1889225173050,0.9409212470054626,-9.824606895446777,0.973242998123169,0.0223592109978199,-0.0023956298828125,0.005855984054505825
1889226410337,0.9361328482627869,-9.832986831665039,0.9576807022094727,0.014906140975654125,-0.0039927163161337376,0.005057440605014563
1889227647637,0.9313444495201111,-9.84495735168457,0.9780313968658447,0.0191650390625,0.0007985432748682797,0.00931633822619915
1889228884937,0.9421183466911316,-9.831789016723633,0.9217676520347595,0.01597086526453495,0.0015970865497365594,0.005855984054505825
1889230122212,0.9277531504631042,-9.81263542175293,0.9780313968658447,0.012510511092841625,0.0037265352439135313,0.007985432632267475
1889231359512,0.912190854549408,-9.804256439208984,0.9684545993804932,0.01410759799182415,0.0023956298828125,0.00984870083630085
1889232596800,0.9469068050384521,-9.850942611694336,0.9481039047241211,0.0157046839594841,0.0010647244052961469,0.008251613937318325
1889233834087,0.9217676520347595,-9.81024169921875,0.9145850539207458,0.0191650390625,-0.0013309054775163531,0.01357523538172245
1889235071387,0.9469068050384521,-9.837775230407715,0.9744400978088379,0.015172322280704975,-0.003460354171693325,0.01171196810901165
1889236308662,0.9373299479484558,-9.817423820495605,0.9265560507774353,0.01357523538172245,-0.0010647244052961469,0.005855984054505825
1889237545962,0.9397241473197937,-9.816226959228516,0.9469068050384521,0.01463996060192585,0.0015970865497365594,0.008251613937318325
1889238783262,0.9409212470054626,-9.841365814208984,0.9564836025238037,0.012776692397892475,0.0029279920272529125,0.01117960549890995
1889240020562,0.9421183466911316,-9.830592155456543,0.9445126056671143,0.01410759799182415,0.0053236219100654125,0.010381062515079975
1889241257850,0.9205705523490906,-9.886856079101562,0.9864110946655273,0.0196974016726017,0.010647243820130825,0.013042873702943325
1889242495137,0.9205705523490906,-9.860519409179688,0.9516952037811279,0.010913425125181675,0.008783976547420025,0.0173017717897892
1889243732437,0.9804255962371826,-9.86889934539795,0.9385270476341248,0.00984870083630085,0.003460354171693325,0.01756795309484005
1889244969712,0.94930100440979,-9.909601211547852,0.9804255962371826,0.01650322787463665,-0.0007985432748682797,0.01650322787463665
1889246207000,0.9133879542350769,-9.86889934539795,0.9205705523490906,0.013042873702943325,-0.0005323622026480734,0.0210283063352108
1889247444287,0.9816226959228516,-9.894038200378418,0.9229647517204285,0.010913425125181675,0.0029279920272529125,0.01783413253724575
1889248681587,0.9552865028381348,-9.90361499786377,0.93254154920578,0.01117960549890995,0.008783976547420025,0.013042873702943325
1889249918875,0.9050082564353943,-9.883264541625977,0.9385270476341248,0.008251613937318325,0.0042588976211845875,0.0157046839594841
1889251156175,0.9050082564353943,-9.858125686645508,0.970848798751831,0.00692070834338665,0.0039927163161337376,0.02022976242005825
1889252393462,0.9241618514060974,-9.921571731567383,0.9385270476341248,0.00452507846057415,0.007985432632267475,0.015438503585755825
1889253630762,0.9792284965515137,-9.928754806518555,0.9349357485771179,0.008251613937318325,0.00984870083630085,0.01996358297765255
1889254868050,0.9684545993804932,-9.913191795349121,0.950498104095459,0.008517795242369175,0.010913425125181675,0.02022976242005825
1889256105337,0.9433155059814453,-9.920374870300293,0.9481039047241211,0.0077192517928779125,0.008251613937318325,0.0167694091796875
1889257342637,0.9169792532920837,-9.862914085388184,0.950498104095459,0.0114457868039608,0.0063883461989462376,0.0186326764523983
1889258579912,0.9169792532920837,-9.9000244140625,0.9672574996948242,0.0042588976211845875,0.005057440605014563,0.01889885775744915
1889259817225,0.9217676520347595,-9.888052940368652,0.9768342971801758,0.0005323622026480734,0.007985432632267475,0.015438503585755825
1889261054500,0.9253589510917664,-9.904812812805176,0.9361328482627869,0.0013309054775163531,0.010913425125181675,0.0173017717897892
1889262291787,0.9301473498344421,-9.894038200378418,0.9217676520347595,0.003460354171693325,0.00958251953125,0.01889885775744915
1889263529075,0.9373299479484558,-9.888052940368652,0.9540894031524658,0.0071868896484375,0.008517795242369175,0.01650322787463665
1889264766375,0.9445126056671143,-9.90361499786377,0.9636662006378174,-0.0018632676219567657,0.007985432632267475,0.01836649514734745
1889266003687,0.9672574996948242,-9.897629737854004,0.9397241473197937,-0.00452507846057415,0.00984870083630085,0.0181003138422966
1889267240975,0.9624691009521484,-9.931148529052734,0.9229647517204285,0.0026618109550327063,0.010381062515079975,0.02022976242005825
1889268478237,0.9301473498344421,-9.90361499786377,0.970848798751831,0.0,0.00958251953125,0.0191650390625
1889269715550,0.9361328482627869,-9.87967300415039,0.94930100440979,0.0010647244052961469,0.0090501569211483,0.01597086526453495
1889270952825,0.9181763529777527,-9.892841339111328,0.9253589510917664,0.0007985432748682797,0.0026618109550327063,0.0210283063352108
1889272190137,0.8954314589500427,-9.885659217834473,0.9301473498344421,-0.0066545275039970875,0.00452507846057415,0.02022976242005825
1889273427437,0.9062053561210632,-9.914389610290527,0.9481039047241211,-0.0114457868039608,0.01756795309484005,0.0228915736079216
1889274664712,0.9265560507774353,-9.904812812805176,0.9397241473197937,-0.0071868896484375,0.01357523538172245,0.01703559048473835
1889275902012,0.9349357485771179,-9.889249801635742,0.9636662006378174,-0.007453070487827063,0.007985432632267475,0.01783413253724575
1889277139287,0.9516952037811279,-9.939528465270996,0.9385270476341248,-0.0090501569211483,0.0071868896484375,0.0186326764523983
1889278376600,0.9373299479484558,-9.947908401489258,0.9373299479484558,-0.0066545275039970875,0.010913425125181675,0.02076212503015995
1889279613875,0.912190854549408,-9.943120002746582,0.9600749015808105,-0.00931633822619915,0.013309055007994175,0.01410759799182415
1889280851162,0.9038111567497253,-9.927556991577148,0.970848798751831,-0.01117960549890995,0.01117960549890995,0.01943122036755085
1889282088475,0.8750807046890259,-9.920374870300293,0.9672574996948242,-0.010647243820130825,0.010647243820130825,0.0186326764523983
1889283325762,0.8822633624076843,-9.926360130310059,0.9720458984375,-0.0007985432748682797,0.013309055007994175,0.02661811001598835
1889284563037,0.9002198576927185,-9.971850395202637,0.9540894031524658,-0.0042588976211845875,0.010913425125181675,0.02502102218568325
1889285800325,0.9014169573783875,-9.926360130310059,0.8966285586357117,-0.01410759799182415,0.01171196810901165,0.01357523538172245
1889287037637,0.8930372595787048,-9.965864181518555,0.93254154920578,-0.012776692397892475,0.0173017717897892,0.01783413253724575
1889288274925,0.8846575617790222,-9.963470458984375,0.9385270476341248,-0.015172322280704975,0.01996358297765255,0.02022976242005825
1889289512200,0.93254154920578,-9.947908401489258,0.9457097053527832,-0.0191650390625,0.01889885775744915,0.01943122036755085
1889290749500,0.8966285586357117,-9.916783332824707,0.933738648891449,-0.0181003138422966,0.014373779296875,0.015172322280704975
1889291986800,0.9289502501487732,-9.975441932678223,0.9133879542350769,-0.01836649514734745,0.015438503585755825,0.0181003138422966
1889293224087,0.9026140570640564,-9.976638793945312,0.8978256583213806,-0.02182685025036335,0.01889885775744915,0.0234239362180233
1889294461375,0.8846575617790222,-9.952696800231934,0.9157821536064148,-0.0220930315554142,0.0167694091796875,0.0186326764523983
1889295698662,0.8810662031173706,-9.974244117736816,0.9361328482627869,-0.02129448764026165,0.01943122036755085,0.01836649514734745
1889296935962,0.9085995554924011,-9.971850395202637,0.9074024558067322,-0.01943122036755085,0.0204959437251091,0.02502102218568325
1889298173262,0.8918401598930359,-9.964667320251465,0.9002198576927185,-0.0186326764523983,0.01783413253724575,0.0215606689453125
1889299410562,0.9145850539207458,-9.980230331420898,0.9397241473197937,-0.02794901467859745,0.0191650390625,0.0204959437251091
1889300647837,0.9145850539207458,-9.975441932678223,0.9169792532920837,-0.02369011752307415,0.0167694091796875,0.02262539230287075
1889301885125,0.8942343592643738,-9.932345390319824,0.9002198576927185,-0.0228915736079216,0.02076212503015995,0.0186326764523983
1889303122425,0.8762778043746948,-9.921571731567383,0.9002198576927185,-0.0295461006462574,0.02369011752307415,0.01703559048473835
1889304359712,0.8822633624076843,-9.943120002746582,0.9181763529777527,-0.02901373989880085,0.02022976242005825,0.01836649514734745
1889305597000,0.9097966551780701,-9.941922187805176,0.912190854549408,-0.0268842913210392,0.0220930315554142,0.0191650390625
1889306834287,0.8966285586357117,-9.946710586547852,0.9193734526634216,-0.02981228195130825,0.02848137728869915,0.02502102218568325
1889308071600,0.8990227580070496,-9.939528465270996,0.9133879542350769,-0.0316755510866642,0.0271504707634449,0.0223592109978199
1889309308887,0.8870517611503601,-9.962273597717285,0.8463503122329712,-0.0316755510866642,0.0258195661008358,0.0162370465695858
1889310546175,0.8690952062606812,-9.93474006652832,0.8918401598930359,-0.0340711809694767,0.02848137728869915,0.014906140975654125
1889311783475,0.93254154920578,-9.896432876586914,0.8918401598930359,-0.0348697230219841,0.0276828333735466,0.0181003138422966
1889313020750,0.8774749040603638,-9.90361499786377,0.9002198576927185,-0.0263519287109375,0.0258195661008358,0.0228915736079216
1889314258050,0.9265560507774353,-9.931148529052734,0.888248860836029,-0.033272635191679,0.0271504707634449,0.01889885775744915
1889315495337,0.9540894031524658,-9.880870819091797,0.9229647517204285,-0.0372653529047966,0.0306108258664608,0.014373779296875
1889316732625,0.9133879542350769,-9.904812812805176,0.9289502501487732,-0.0362006276845932,0.033538818359375,0.010913425125181675
1889317969925,0.9277531504631042,-9.891644477844238,0.9145850539207458,-0.038063894957304,0.0292799212038517,0.013042873702943325
1889319207200,0.8906430602073669,-9.928754806518555,0.9074024558067322,-0.0367329902946949,0.0271504707634449,0.015438503585755825
1889320444525,0.872686505317688,-9.886856079101562,0.8678981065750122,-0.0367329902946949,0.0271504707634449,0.01463996060192585
1889321681800,0.9469068050384521,-9.852140426635742,0.849941611289978,-0.0385962575674057,0.02874755859375,0.010913425125181675
1889322919100,0.9145850539207458,-9.859322547912598,0.8559271097183228,-0.0401933453977108,0.02794901467859745,0.013309055007994175
1889324156387,0.9097966551780701,-9.864110946655273,0.8750807046890259,-0.0420566126704216,0.0327402763068676,0.0186326764523983
1889325393675,0.912190854549408,-9.898826599121094,0.9050082564353943,-0.0439198799431324,0.0356682650744915,0.012510511092841625
1889326630975,0.9097966551780701,-9.892841339111328,0.8487445116043091,-0.0399271659553051,0.0311431884765625,0.01171196810901165
1889327868275,0.9193734526634216,-9.84256362915039,0.8535329103469849,-0.0404595248401165,0.0311431884765625,0.014906140975654125
1889329105550,0.9169792532920837,-9.848548889160156,0.9205705523490906,-0.0407257080078125,0.03034464456140995,0.01650322787463665
1889330342837,0.8822633624076843,-9.832986831665039,0.8810662031173706,-0.0391286201775074,0.0330064557492733,0.0162370465695858
1889331580125,0.888248860836029,-9.871294021606445,0.8774749040603638,-0.0399271659553051,0.0348697230219841,0.015438503585755825
1889332817412,0.9265560507774353,-9.872490882873535,0.8774749040603638,-0.0415242500603199,0.0338049978017807,0.01996358297765255
1889334054712,0.9205705523490906,-9.837775230407715,0.9181763529777527,-0.0409918874502182,0.0327402763068676,0.0191650390625
1889335292025,0.8786720037460327,-9.858125686645508,0.8822633624076843,-0.0417904332280159,0.0327402763068676,0.01410759799182415
1889336529300,0.9229647517204285,-9.856928825378418,0.8463503122329712,-0.0399271659553051,0.0292799212038517,0.01224433071911335
1889337766587,0.9193734526634216,-9.819818496704102,0.9026140570640564,-0.0399271659553051,0.0330064557492733,0.01703559048473835
1889339003875,0.9205705523490906,-9.856928825378418,0.9062053561210632,-0.0407257080078125,0.0340711809694767,0.0196974016726017
1889340241175,0.9193734526634216,-9.859322547912598,0.9002198576927185,-0.0452507846057415,0.0401933453977108,0.0119781494140625
1889341478462,0.9145850539207458,-9.824606895446777,0.8810662031173706,-0.0425889752805233,0.0391286201775074,0.01171196810901165
1889342715775,0.9265560507774353,-9.835380554199219,0.8631097078323364,-0.0385962575674057,0.0385962575674057,0.01171196810901165
1889343953050,0.9576807022094727,-9.84256362915039,0.8870517611503601,-0.0401933453977108,0.0388624407351017,0.014906140975654125
1889345190362,0.933738648891449,-9.819818496704102,0.8918401598930359,-0.0425889752805233,0.0393948033452034,0.0162370465695858
1889346427650,0.9038111567497253,-9.838972091674805,0.8942343592643738,-0.0457831472158432,0.0356682650744915,0.01756795309484005
1889347664925,0.9205705523490906,-9.835380554199219,0.8439561128616333,-0.0441860631108284,0.0362006276845932,0.0181003138422966
1889348902225,0.9624691009521484,-9.81263542175293,0.8152256608009338,-0.0354020856320858,0.0346035435795784,0.0196974016726017
1889350139512,0.93254154920578,-9.817423820495605,0.8355764150619507,-0.0407257080078125,0.033538818359375,0.0191650390625
1889351376812,0.9133879542350769,-9.856928825378418,0.829590916633606,-0.0460493303835392,0.0436537005007267,0.0173017717897892
1889352614112,0.9744400978088379,-9.838972091674805,0.8236054182052612,-0.0457831472158432,0.0420566126704216,0.01597086526453495
1889353851400,0.9768342971801758,-9.821015357971191,0.8451532125473022,-0.0441860631108284,0.0343373604118824,0.01889885775744915
1889355088675,0.9624691009521484,-9.781511306762695,0.8212112188339233,-0.0385962575674057,0.033538818359375,0.02262539230287075
1889356325962,0.9397241473197937,-9.7791166305542,0.8379706144332886,-0.0433875173330307,0.0340711809694767,0.0210283063352108
1889357563275,0.9361328482627869,-9.806650161743164,0.8307880163192749,-0.0457831472158432,0.0362006276845932,0.02182685025036335
1889358800550,0.9684545993804932,-9.81263542175293,0.8224083185195923,-0.0359344482421875,0.0396609827876091,0.02129448764026165
1889360037850,0.9145850539207458,-9.794679641723633,0.8487445116043091,-0.0385962575674057,0.0351359061896801,0.0196974016726017
1889361275150,0.9445126056671143,-9.800664901733398,0.8523358106613159,-0.0367329902946949,0.0399271659553051,0.0204959437251091
1889362512425,0.9097966551780701,-9.749189376831055,0.8475474119186401,-0.033538818359375,0.0372653529047966,0.02129448764026165
1889363749737,0.9265560507774353,-9.782708168029785,0.871489405632019,-0.0404595248401165,0.0388624407351017,0.0191650390625
1889364987025,0.9385270476341248,-9.768342971801758,0.8583213090896606,-0.0420566126704216,0.0367329902946949,0.01703559048473835
1889366224312,0.9050082564353943,-9.746795654296875,0.8331822156906128,-0.0423227921128273,0.0391286201775074,0.0181003138422966
1889367461600,0.9253589510917664,-9.770737648010254,0.8619126081466675,-0.038330078125,0.0404595248401165,0.0244886614382267
1889368698900,0.9900023937225342,-9.781511306762695,0.849941611289978,-0.0356682650744915,0.0393948033452034,0.0228915736079216
1889369936200,0.9840168952941895,-9.773131370544434,0.8200140595436096,-0.0354020856320858,0.0354020856320858,0.0234239362180233
1889371173487,0.9373299479484558,-9.75517463684082,0.8427590131759644,-0.0375315360724926,0.0377977155148983,0.0247548408806324
1889372410787,0.9564836025238037,-9.725247383117676,0.8667010068893433,-0.0356682650744915,0.0354020856320858,0.0220930315554142
1889373648075,0.9457097053527832,-9.744400978088379,0.8331822156906128,-0.0340711809694767,0.0372653529047966,0.0223592109978199
1889374885350,0.9169792532920837,-9.744400978088379,0.8559271097183228,-0.0359344482421875,0.0388624407351017,0.02741665206849575
1889376122662,1.0103530883789062,-9.737218856811523,0.8738836050033569,-0.0354020856320858,0.0375315360724926,0.0252872034907341
1889377359937,0.9744400978088379,-9.780314445495605,0.8571242094039917,-0.0340711809694767,0.0415242500603199,0.02022976242005825
1889378597225,1.0199298858642578,-9.769539833068848,0.8487445116043091,-0.0324740931391716,0.0399271659553051,0.0234239362180233
1889379834512,0.9564836025238037,-9.792284965515137,0.889445960521698,-0.03087700717151165,0.033538818359375,0.02661811001598835
1889381071837,0.9433155059814453,-9.740809440612793,0.8523358106613159,-0.0319417305290699,0.0354020856320858,0.03034464456140995
1889382309125,0.950498104095459,-9.77791976928711,0.8319851160049438,-0.0322079136967659,0.0359344482421875,0.02874755859375
1889383546400,0.9792284965515137,-9.780314445495605,0.8535329103469849,-0.0340711809694767,0.033538818359375,0.02741665206849575
1889384783712,0.9528923034667969,-9.745597839355469,0.829590916633606,-0.0295461006462574,0.03087700717151165,0.0282151959836483
1889386020975,0.9373299479484558,-9.728838920593262,0.829590916633606,-0.0268842913210392,0.0327402763068676,0.0292799212038517
1889387258275,0.9900023937225342,-9.768342971801758,0.7876923680305481,-0.0268842913210392,0.0348697230219841,0.0268842913210392
1889388495562,0.9624691009521484,-9.769539833068848,0.8607155084609985,-0.02741665206849575,0.0319417305290699,0.0271504707634449
1889389732862,0.9624691009521484,-9.768342971801758,0.790086567401886,-0.02741665206849575,0.0362006276845932,0.02661811001598835
1889390970162,0.9576807022094727,-9.767146110534668,0.8415619134902954,-0.02741665206849575,0.0338049978017807,0.0228915736079216
1889392207450,0.9217676520347595,-9.75278091430664,0.8224083185195923,-0.0282151959836483,0.0268842913210392,0.0247548408806324
1889393444750,0.9720458984375,-9.746795654296875,0.8379706144332886,-0.0263519287109375,0.02661811001598835,0.033538818359375
1889394682037,0.9445126056671143,-9.785102844238281,0.8774749040603638,-0.0271504707634449,0.0316755510866642,0.0234239362180233
1889395919337,0.9864110946655273,-9.767146110534668,0.8487445116043091,-0.02661811001598835,0.02901373989880085,0.02315775491297245
1889397156625,0.9959878921508789,-9.770737648010254,0.8176198601722717,-0.0234239362180233,0.0258195661008358,0.0314093679189682
1889398393912,0.9528923034667969,-9.770737648010254,0.8044517636299133,-0.02129448764026165,0.0223592109978199,0.0292799212038517
1889399631200,0.9624691009521484,-9.712079048156738,0.849941611289978,-0.02741665206849575,0.02848137728869915,0.0314093679189682
1889400868512,0.9660604000091553,-9.75397777557373,0.8367735147476196,-0.0252872034907341,0.02555338479578495,0.03087700717151165
1889402105787,0.9720458984375,-9.738415718078613,0.8475474119186401,-0.023956298828125,0.0247548408806324,0.0282151959836483
1889403343075,0.9792284965515137,-9.7791166305542,0.8439561128616333,-0.0234239362180233,0.02502102218568325,0.03087700717151165
1889404580375,0.9672574996948242,-9.732430458068848,0.8487445116043091,-0.0220930315554142,0.0252872034907341,0.02661811001598835
1889405817662,1.0067617893218994,-9.758766174316406,0.8523358106613159,-0.0186326764523983,0.02315775491297245,0.02661811001598835
1889407054962,0.9672574996948242,-9.75158405303955,0.8583213090896606,-0.02129448764026165,0.02555338479578495,0.02901373989880085
1889408292237,0.9624691009521484,-9.786299705505371,0.8044517636299133,-0.02422248013317585,0.02369011752307415,0.0348697230219841
1889409529550,0.9983820915222168,-9.773131370544434,0.8068459630012512,-0.02129448764026165,0.02502102218568325,0.0314093679189682
1889410766825,0.94930100440979,-9.771934509277344,0.8068459630012512,-0.02182685025036335,0.0282151959836483,0.02661811001598835
1889412004112,0.9780313968658447,-9.727641105651855,0.7781155705451965,-0.0220930315554142,0.0271504707634449,0.0356682650744915
1889413241412,0.950498104095459,-9.765949249267578,0.811634361743927,-0.0191650390625,0.0319417305290699,0.0295461006462574
1889414478725,0.9038111567497253,-9.726444244384766,0.8176198601722717,-0.01650322787463665,0.0244886614382267,0.0319417305290699
1889415716000,0.94930100440979,-9.707290649414062,0.8092401623725891,-0.0173017717897892,0.02022976242005825,0.0377977155148983
1889416953287,0.9636662006378174,-9.746795654296875,0.811634361743927,-0.013042873702943325,0.02022976242005825,0.033272635191679
1889418190600,0.9911994934082031,-9.730035781860352,0.8188169598579407,-0.02076212503015995,0.01996358297765255,0.0311431884765625
1889419427875,1.0235211849212646,-9.763554573059082,0.8224083185195923,-0.01650322787463665,0.0228915736079216,0.0367329902946949
1889420665175,1.0079588890075684,-9.781511306762695,0.8080430626869202,-0.014373779296875,0.02022976242005825,0.0367329902946949
1889421902462,0.9756371974945068,-9.739612579345703,0.7936778664588928,-0.015172322280704975,0.01783413253724575,0.0338049978017807
1889423139750,0.9564836025238037,-9.744400978088379,0.8164227604866028,-0.0191650390625,0.01783413253724575,0.02981228195130825
1889424377025,0.9959878921508789,-9.737218856811523,0.8212112188339233,-0.01783413253724575,0.015172322280704975,0.0300784632563591
1889425614337,1.0091559886932373,-9.770737648010254,0.8164227604866028,-0.013309055007994175,0.01224433071911335,0.0369991734623909
1889426851637,0.9876081943511963,-9.750386238098145,0.7829039692878723,-0.0071868896484375,0.00692070834338665,0.0377977155148983
1889428088912,0.9588778018951416,-9.743204116821289,0.8343793153762817,-0.01410759799182415,0.0119781494140625,0.033538818359375
1889429326225,0.9600749015808105,-9.713275909423828,0.8379706144332886,-0.015438503585755825,0.0173017717897892,0.0340711809694767
1889430563500,0.9900023937225342,-9.720458984375,0.829590916633606,-0.01224433071911335,0.01597086526453495,0.0356682650744915
1889431800800,1.0067617893218994,-9.77791976928711,0.8439561128616333,-0.01117960549890995,0.0138414166867733,0.0346035435795784
1889433038087,0.9684545993804932,-9.750386238098145,0.8248025178909302,-0.01357523538172245,0.00984870083630085,0.0330064557492733
1889434275387,0.9720458984375,-9.736021041870117,0.8391677141189575,-0.0119781494140625,0.010114881210029125,0.0391286201775074
1889435512687,0.9720458984375,-9.7420072555542,0.8367735147476196,-0.005589802749454975,0.01171196810901165,0.0369991734623909
1889436749975,0.9445126056671143,-9.763554573059082,0.8080430626869202,-0.010381062515079975,0.00958251953125,0.0364668108522892
1889437987275,0.9684545993804932,-9.750386238098145,0.8092401623725891,-0.008783976547420025,0.0071868896484375,0.0369991734623909
1889439224550,1.0067617893218994,-9.716867446899414,0.8176198601722717,-0.006122165359556675,0.006122165359556675,0.0340711809694767
1889440461862,0.9768342971801758,-9.724050521850586,0.8463503122329712,-0.0077192517928779125,0.0037265352439135313,0.03087700717151165
1889441699150,0.9696516990661621,-9.725247383117676,0.8164227604866028,-0.00692070834338665,0.0,0.0409918874502182
1889442936412,0.9696516990661621,-9.75278091430664,0.811634361743927,-0.0090501569211483,0.0031941730994731188,0.0401933453977108
1889444173725,0.9840168952941895,-9.78869342803955,0.8307880163192749,-0.005855984054505825,0.0013309054775163531,0.0388624407351017
1889445411012,0.9900023937225342,-9.761160850524902,0.8307880163192749,-0.00984870083630085,0.0023956298828125,0.0447184219956398
1889446648300,0.9672574996948242,-9.800664901733398,0.7960720658302307,-0.005589802749454975,-0.0023956298828125,0.0423227921128273
1889447885600,0.9588778018951416,-9.756372451782227,0.8056488633155823,-0.0077192517928779125,0.0018632676219567657,0.0423227921128273
1889449122887,0.9648633003234863,-9.783905029296875,0.8008604645729065,-0.005057440605014563,0.00452507846057415,0.0436537005007267
1889450360187,0.9612720012664795,-9.801861763000488,0.8451532125473022,-0.005057440605014563,0.0002661811013240367,0.0487111397087574
1889451597475,0.9265560507774353,-9.785102844238281,0.8571242094039917,-0.0018632676219567657,-0.003460354171693325,0.0484449602663517
1889452834775,0.9373299479484558,-9.744400978088379,0.7924807667732239,-0.006122165359556675,-0.0026618109550327063,0.043121337890625
1889454072062,0.9564836025238037,-9.801861763000488,0.8391677141189575,-0.0077192517928779125,-0.0005323622026480734,0.042855154722929
1889455309362,1.0091559886932373,-9.783905029296875,0.8008604645729065,-0.0026618109550327063,-0.0021294488105922937,0.0457831472158432
1889456546650,1.013944387435913,-9.738415718078613,0.8236054182052612,-0.00452507846057415,-0.0063883461989462376,0.0449846051633358
1889457783950,0.9481039047241211,-9.75278091430664,0.8092401623725891,-0.0021294488105922937,-0.00984870083630085,0.0449846051633358
1889459021237,0.9229647517204285,-9.744400978088379,0.8331822156906128,-0.0007985432748682797,-0.006122165359556675,0.0505744069814682
1889460258525,0.9672574996948242,-9.738415718078613,0.8583213090896606,-0.0002661811013240367,-0.008783976547420025,0.0481787770986557
1889461495825,0.9445126056671143,-9.762357711791992,0.8535329103469849,-0.0007985432748682797,-0.00452507846057415,0.0492435023188591
1889462733100,0.9648633003234863,-9.731232643127441,0.8271967172622681,-0.0026618109550327063,-0.007453070487827063,0.0489773228764534
1889463970400,0.9552865028381348,-9.715670585632324,0.8643068075180054,0.0002661811013240367,-0.012510511092841625,0.0497758649289608
1889465207687,0.973242998123169,-9.75397777557373,0.8559271097183228,-0.0026618109550327063,-0.0026618109550327063,0.0495096817612648
1889466444987,0.9983820915222168,-9.737218856811523,0.851138710975647,0.004791259765625,-0.0114457868039608,0.0500420443713665
1889467682275,0.970848798751831,-9.737218856811523,0.8559271097183228,0.0090501569211483,-0.013309055007994175,0.0521714948117733
1889468919587,0.9481039047241211,-9.750386238098145,0.8307880163192749,0.00984870083630085,-0.0157046839594841,0.052437674254179
1889470156862,0.973242998123169,-9.768342971801758,0.8415619134902954,0.00692070834338665,-0.0191650390625,0.0564303919672966
1889471394162,0.94930100440979,-9.750386238098145,0.8858546614646912,0.005855984054505825,-0.012776692397892475,0.0473802350461483
1889472631462,0.9516952037811279,-9.724050521850586,0.872686505317688,0.0077192517928779125,-0.015438503585755825,0.0468478724360466
1889473868750,0.9923965930938721,-9.725247383117676,0.8583213090896606,0.008783976547420025,-0.0210283063352108,0.0503082275390625
1889475106050,0.9241618514060974,-9.737218856811523,0.8750807046890259,0.0090501569211483,-0.0186326764523983,0.0505744069814682
1889476343350,0.9552865028381348,-9.737218856811523,0.8906430602073669,0.013309055007994175,-0.0157046839594841,0.0543009415268898
1889477580625,0.9804255962371826,-9.750386238098145,0.8643068075180054,0.00958251953125,-0.01996358297765255,0.052703857421875
1889478817937,0.9828197956085205,-9.72285270690918,0.8678981065750122,0.004791259765625,-0.02129448764026165,0.0465816929936409
1889480055212,0.9696516990661621,-9.727641105651855,0.8475474119186401,0.010114881210029125,-0.02076212503015995,0.0495096817612648
1889481292500,0.9636662006378174,-9.75517463684082,0.9002198576927185,0.01756795309484005,-0.02369011752307415,0.0550994873046875
1889482529800,0.9385270476341248,-9.743204116821289,0.8846575617790222,0.01597086526453495,-0.02901373989880085,0.0553656667470932
1889483767100,0.973242998123169,-9.75397777557373,0.8750807046890259,0.014373779296875,-0.0228915736079216,0.0500420443713665
1889485004375,0.950498104095459,-9.730035781860352,0.8475474119186401,0.01410759799182415,-0.023956298828125,0.0468478724360466
1889486241662,0.9864110946655273,-9.769539833068848,0.8547300100326538,0.0181003138422966,-0.02608574740588665,0.0481787770986557
1889487478975,0.94930100440979,-9.768342971801758,0.8786720037460327,0.014373779296875,-0.0263519287109375,0.0492435023188591
1889488716262,0.9169792532920837,-9.797073364257812,0.8774749040603638,0.013042873702943325,-0.0276828333735466,0.0516391322016716
1889489953550,0.9313444495201111,-9.746795654296875,0.9205705523490906,0.01597086526453495,-0.0322079136967659,0.0516391322016716
1889491190850,0.94930100440979,-9.786299705505371,0.872686505317688,0.01463996060192585,-0.03087700717151165,0.0537685826420784
1889492428150,0.9612720012664795,-9.799468040466309,0.8690952062606812,0.0167694091796875,-0.0314093679189682,0.0535023994743824
1889493665437,0.9684545993804932,-9.759963035583496,0.9217676520347595,0.01597086526453495,-0.0330064557492733,0.0521714948117733
1889494902737,0.9816226959228516,-9.769539833068848,0.8667010068893433,0.01597086526453495,-0.0340711809694767,0.0516391322016716
1889496140025,0.9696516990661621,-9.789891242980957,0.8762778043746948,0.0191650390625,-0.0354020856320858,0.0505744069814682
1889497377312,0.9540894031524658,-9.77552604675293,0.9085995554924011,0.01703559048473835,-0.0346035435795784,0.0503082275390625
1889498614600,0.9576807022094727,-9.75158405303955,0.9361328482627869,0.0186326764523983,-0.0362006276845932,0.0497758649289608
1889499851900,0.9145850539207458,-9.756372451782227,0.9074024558067322,0.02129448764026165,-0.0322079136967659,0.0540347620844841
1889501089200,0.9217676520347595,-9.770737648010254,0.9193734526634216,0.0244886614382267,-0.0351359061896801,0.0508405901491642
1889502326462,0.9253589510917664,-9.785102844238281,0.9277531504631042,0.02182685025036335,-0.0407257080078125,0.0484449602663517
1889503563787,0.9253589510917664,-9.789891242980957,0.9169792532920837,0.0244886614382267,-0.0401933453977108,0.0463155098259449
1889504801075,0.9528923034667969,-9.765949249267578,0.9205705523490906,0.02422248013317585,-0.033538818359375,0.0481787770986557
1889506038387,0.9576807022094727,-9.767146110534668,0.9313444495201111,0.02661811001598835,-0.0388624407351017,0.0484449602663517
1889507275675,0.973242998123169,-9.787496566772461,0.8678981065750122,0.02182685025036335,-0.042855154722929,0.0497758649289608
1889508512962,0.9433155059814453,-9.81263542175293,0.9002198576927185,0.02369011752307415,-0.0436537005007267,0.0460493303835392
1889509750250,0.9193734526634216,-9.807847023010254,0.912190854549408,0.02874755859375,-0.0412580706179142,0.0452507846057415
1889510987550,0.9373299479484558,-9.773131370544434,0.8942343592643738,0.0228915736079216,-0.0420566126704216,0.0463155098259449
1889512224825,0.9169792532920837,-9.822212219238281,0.9169792532920837,0.0244886614382267,-0.0423227921128273,0.0441860631108284
1889513462137,0.9481039047241211,-9.782708168029785,0.9169792532920837,0.0316755510866642,-0.0399271659553051,0.0505744069814682
1889514699425,0.9289502501487732,-9.813833236694336,0.9361328482627869,0.0295461006462574,-0.0372653529047966,0.0532362200319767
1889515936712,0.9289502501487732,-9.825803756713867,0.93254154920578,0.0319417305290699,-0.0409918874502182,0.0489773228764534
1889517174000,0.9385270476341248,-9.807847023010254,0.9469068050384521,0.0282151959836483,-0.0503082275390625,0.0481787770986557
1889518411300,0.9409212470054626,-9.827000617980957,0.9026140570640564,0.0300784632563591,-0.0535023994743824,0.047646414488554
1889519648587,0.9349357485771179,-9.829395294189453,0.9050082564353943,0.02848137728869915,-0.052437674254179,0.0460493303835392
1889520885900,0.9349357485771179,-9.821015357971191,0.9062053561210632,0.02369011752307415,-0.0439198799431324,0.042855154722929
1889522123175,0.8774749040603638,-9.804256439208984,0.9265560507774353,0.0258195661008358,-0.0452507846057415,0.0460493303835392
1889523360475,0.9145850539207458,-9.824606895446777,0.9445126056671143,0.0306108258664608,-0.04791259765625,0.0473802350461483
1889524597750,0.889445960521698,-9.791088104248047,0.9145850539207458,0.03034464456140995,-0.0473802350461483,0.0465816929936409
1889525835062,0.8702923059463501,-9.800664901733398,0.9552865028381348,0.0324740931391716,-0.0503082275390625,0.0447184219956398
1889527072362,0.9097966551780701,-9.807847023010254,0.9361328482627869,0.0268842913210392,-0.0497758649289608,0.0385962575674057
1889528309637,0.9157821536064148,-9.805453300476074,0.9433155059814453,0.0330064557492733,-0.0481787770986557,0.0396609827876091
1889529546950,0.8954314589500427,-9.794679641723633,0.9241618514060974,0.0300784632563591,-0.0489773228764534,0.043121337890625
1889530784225,0.8990227580070496,-9.77791976928711,0.9313444495201111,0.033272635191679,-0.0577612966299057,0.0460493303835392
1889532021537,0.910993754863739,-9.765949249267578,0.9409212470054626,0.0362006276845932,-0.0500420443713665,0.042855154722929
1889533258825,0.888248860836029,-9.797073364257812,0.99479079246521,0.02901373989880085,-0.0511067695915699,0.0391286201775074
1889534496125,0.9062053561210632,-9.793481826782227,0.9852139949798584,0.0377977155148983,-0.0497758649289608,0.038063894957304
1889535733412,0.8667010068893433,-9.797073364257812,0.9780313968658447,0.0367329902946949,-0.0540347620844841,0.0385962575674057
1889536970700,0.8607155084609985,-9.834183692932129,0.9241618514060974,0.0377977155148983,-0.0558980293571949,0.0385962575674057
1889538208000,0.8786720037460327,-9.838972091674805,0.9301473498344421,0.0399271659553051,-0.0550994873046875,0.0356682650744915
1889539445287,0.8870517611503601,-9.854534149169922,0.9409212470054626,0.0364668108522892,-0.0598907470703125,0.0351359061896801
1889540682587,0.8583213090896606,-9.865307807922363,0.9397241473197937,0.0407257080078125,-0.0598907470703125,0.0324740931391716
1889541919862,0.8331822156906128,-9.800664901733398,0.9433155059814453,0.0362006276845932,-0.0540347620844841,0.0346035435795784
1889543157187,0.9026140570640564,-9.787496566772461,0.9552865028381348,0.038330078125,-0.0569627545773983,0.0348697230219841
1889544394462,0.8942343592643738,-9.841365814208984,0.93254154920578,0.0399271659553051,-0.0566965714097023,0.0322079136967659
1889545631762,0.8762778043746948,-9.818621635437012,0.9301473498344421,0.033272635191679,-0.0561642125248909,0.0268842913210392
1889546869050,0.8870517611503601,-9.840168952941895,0.9636662006378174,0.0340711809694767,-0.0574951171875,0.033538818359375
1889548106337,0.8930372595787048,-9.832986831665039,0.9349357485771179,0.0369991734623909,-0.0566965714097023,0.0330064557492733
1889549343625,0.888248860836029,-9.813833236694336,0.9385270476341248,0.0359344482421875,-0.0548333041369915,0.0295461006462574
1889550580925,0.9373299479484558,-9.783905029296875,0.9421183466911316,0.0385962575674057,-0.0564303919672966,0.02848137728869915
1889551818225,0.8643068075180054,-9.785102844238281,0.9157821536064148,0.0396609827876091,-0.0564303919672966,0.02262539230287075
1889553055525,0.9026140570640564,-9.823410034179688,0.910993754863739,0.038063894957304,-0.0612216517329216,0.0234239362180233
1889554292812,0.9421183466911316,-9.84615421295166,0.9600749015808105,0.0369991734623909,-0.0598907470703125,0.0268842913210392
1889555530087,0.9097966551780701,-9.794679641723633,0.9516952037811279,0.0356682650744915,-0.0617540143430233,0.02422248013317585
1889556767375,0.8547300100326538,-9.78869342803955,0.9780313968658447,0.0351359061896801,-0.062286376953125,0.02422248013317585
1889558004687,0.8918401598930359,-9.783905029296875,0.9888052940368652,0.0364668108522892,-0.0628187358379364,0.02076212503015995
1889559241987,0.8762778043746948,-9.789891242980957,0.9576807022094727,0.0420566126704216,-0.0628187358379364,0.0220930315554142
1889560479275,0.9050082564353943,-9.77672290802002,0.9516952037811279,0.043121337890625,-0.0633511021733284,0.0220930315554142
1889561716562,0.8678981065750122,-9.81143856048584,0.94930100440979,0.0412580706179142,-0.0646820068359375,0.02555338479578495
1889562953875,0.8655039072036743,-9.786299705505371,1.0402806997299194,0.0377977155148983,-0.062020193785429,0.0244886614382267
1889564191150,0.8978256583213806,-9.828198432922363,0.9624691009521484,0.0327402763068676,-0.0582936592400074,0.0220930315554142
1889565428450,0.8810662031173706,-9.81024169921875,0.950498104095459,0.038330078125,-0.0636172816157341,0.02315775491297245
1889566665750,0.828393816947937,-9.797073364257812,0.9576807022094727,0.0396609827876091,-0.0654805526137352,0.0204959437251091
1889567903025,0.8248025178909302,-9.84376049041748,0.9145850539207458,0.0420566126704216,-0.0654805526137352,0.01943122036755085
1889569140337,0.872686505317688,-9.816226959228516,1.0247182846069336,0.0409918874502182,-0.0630849227309227,0.02182685025036335
1889570377612,0.9062053561210632,-9.835380554199219,0.9900023937225342,0.0391286201775074,-0.0625525563955307,0.02315775491297245
1889571614912,0.8571242094039917,-9.870096206665039,0.9576807022094727,0.0399271659553051,-0.0654805526137352,0.01836649514734745
1889572852200,0.8978256583213806,-9.86889934539795,0.9600749015808105,0.0425889752805233,-0.0614878311753273,0.01943122036755085
1889574089512,0.8343793153762817,-9.856928825378418,0.9612720012664795,0.0407257080078125,-0.0657467320561409,0.0210283063352108
1889575326800,0.871489405632019,-9.853337287902832,1.0067617893218994,0.0372653529047966,-0.0708041712641716,0.02315775491297245
1889576564087,0.8224083185195923,-9.840168952941895,0.973242998123169,0.0375315360724926,-0.066545270383358,0.0210283063352108
1889577801375,0.8667010068893433,-9.862914085388184,0.9888052940368652,0.0377977155148983,-0.0644158273935318,0.02182685025036335
1889579038675,0.8990227580070496,-9.873687744140625,0.993593692779541,0.0351359061896801,-0.066545270383358,0.01783413253724575
1889580275975,0.8834604620933533,-9.864110946655273,0.9624691009521484,0.0354020856320858,-0.0633511021733284,0.0204959437251091
1889581513262,0.8690952062606812,-9.850942611694336,0.973242998123169,0.0362006276845932,-0.0684085413813591,0.01943122036755085
1889582750550,0.8822633624076843,-9.872490882873535,0.9385270476341248,0.0356682650744915,-0.0678761824965477,0.0181003138422966
1889583987850,0.8810662031173706,-9.852140426635742,0.9397241473197937,0.033538818359375,-0.062020193785429,0.0162370465695858
1889585225137,0.8559271097183228,-9.835380554199219,0.9552865028381348,0.0364668108522892,-0.0662790909409523,0.01996358297765255
1889586462437,0.8702923059463501,-9.825803756713867,0.9469068050384521,0.0391286201775074,-0.0686747208237648,0.01597086526453495
1889587699737,0.8619126081466675,-9.819818496704102,0.9888052940368652,0.0393948033452034,-0.0668114572763443,0.015172322280704975
1889588937012,0.8331822156906128,-9.86650562286377,0.973242998123169,0.0343373604118824,-0.0686747208237648,0.015438503585755825
1889590174312,0.849941611289978,-9.822212219238281,0.9636662006378174,0.0276828333735466,-0.0686747208237648,0.01650322787463665
1889591411612,0.8355764150619507,-9.831789016723633,0.950498104095459,0.0330064557492733,-0.0724012553691864,0.01836649514734745
1889592648887,0.8403648138046265,-9.830592155456543,0.9636662006378174,0.0359344482421875,-0.0716027170419693,0.0157046839594841
1889593886187,0.811634361743927,-9.836577415466309,0.9923965930938721,0.02848137728869915,-0.0678761824965477,0.013309055007994175
1889595123462,0.8439561128616333,-9.850942611694336,0.9624691009521484,0.02874755859375,-0.0710703507065773,0.01171196810901165
1889596360800,0.8152256608009338,-9.827000617980957,1.0319008827209473,0.03087700717151165,-0.0684085413813591,0.01117960549890995
1889597598075,0.7960720658302307,-9.835380554199219,0.9457097053527832,0.02901373989880085,-0.0625525563955307,0.01756795309484005
1889598835375,0.7936778664588928,-9.858125686645508,0.9409212470054626,0.0330064557492733,-0.0638834610581398,0.0157046839594841
1889600072650,0.8200140595436096,-9.858125686645508,0.9409212470054626,0.0327402763068676,-0.0678761824965477,0.01703559048473835
1889601309950,0.811634361743927,-9.865307807922363,0.9900023937225342,0.02901373989880085,-0.0638834610581398,0.0114457868039608
1889602547262,0.7960720658302307,-9.864110946655273,1.0127472877502441,0.0316755510866642,-0.0606892891228199,0.014906140975654125
1889603784562,0.8200140595436096,-9.858125686645508,0.9995791912078857,0.02555338479578495,-0.0590922012925148,0.01463996060192585
1889605021825,0.7793126702308655,-9.854534149169922,0.9828197956085205,0.0282151959836483,-0.0625525563955307,0.0167694091796875
1889606259125,0.7912836670875549,-9.882067680358887,0.9756371974945068,0.0263519287109375,-0.062020193785429,0.012776692397892475
1889607496425,0.8176198601722717,-9.872490882873535,0.9648633003234863,0.02129448764026165,-0.0596245639026165,0.0066545275039970875
1889608733712,0.8056488633155823,-9.873687744140625,0.9995791912078857,0.0220930315554142,-0.0588260218501091,0.013309055007994175
1889609971025,0.7793126702308655,-9.861717224121094,0.9696516990661621,0.0223592109978199,-0.0556318499147892,0.00931633822619915
1889611208300,0.7781155705451965,-9.853337287902832,0.9648633003234863,0.02129448764026165,-0.0596245639026165,0.0071868896484375
1889612445600,0.7649474740028381,-9.910798072814941,1.0043675899505615,0.01703559048473835,-0.0574951171875,0.01410759799182415
1889613682900,0.8188169598579407,-9.891644477844238,0.9600749015808105,0.01783413253724575,-0.0540347620844841,0.0077192517928779125
1889614920187,0.7876923680305481,-9.872490882873535,0.9588778018951416,0.0204959437251091,-0.0577612966299057,0.005855984054505825
1889616157475,0.7793126702308655,-9.880870819091797,0.9349357485771179,0.0186326764523983,-0.0566965714097023,0.008783976547420025
1889617394775,0.7817068696022034,-9.86770248413086,0.9457097053527832,0.01783413253724575,-0.0511067695915699,0.010381062515079975
1889618632062,0.8020575642585754,-9.860519409179688,0.9792284965515137,0.0138414166867733,-0.0511067695915699,0.010913425125181675
1889619869362,0.7829039692878723,-9.9000244140625,0.9516952037811279,0.01410759799182415,-0.0521714948117733,0.0138414166867733
1889621106662,0.7601590752601624,-9.886856079101562,0.9145850539207458,0.0191650390625,-0.052703857421875,0.0157046839594841
1889622343950,0.7362170219421387,-9.848548889160156,0.9900023937225342,0.015172322280704975,-0.0492435023188591,0.010381062515079975
1889623581237,0.7745242714881897,-9.86650562286377,0.9349357485771179,0.010647243820130825,-0.0495096817612648,0.007453070487827063
1889624818525,0.7613561749458313,-9.911994934082031,0.9433155059814453,0.01117960549890995,-0.0516391322016716,0.010647243820130825
1889626055812,0.7793126702308655,-9.884461402893066,0.9181763529777527,0.01171196810901165,-0.0471140518784523,0.01117960549890995
1889627293112,0.7817068696022034,-9.890447616577148,0.9552865028381348,0.008517795242369175,-0.0452507846057415,0.010647243820130825
1889628530412,0.7805097699165344,-9.872490882873535,0.94930100440979,0.0090501569211483,-0.0500420443713665,0.0090501569211483
1889629767712,0.7948749661445618,-9.850942611694336,0.9696516990661621,0.0119781494140625,-0.0452507846057415,0.010381062515079975
1889631005012,0.7841010689735413,-9.93474006652832,0.9624691009521484,0.00958251953125,-0.0463155098259449,0.008517795242369175
1889632242287,0.7565677165985107,-9.929951667785645,0.9552865028381348,0.0031941730994731188,-0.0473802350461483,0.008517795242369175
1889633479587,0.7781155705451965,-9.891644477844238,0.9528923034667969,0.0039927163161337376,-0.047646414488554,0.00692070834338665
1889634716887,0.7817068696022034,-9.87967300415039,0.9636662006378174,-0.0007985432748682797,-0.0399271659553051,0.00958251953125
1889635954175,0.8032546639442444,-9.882067680358887,0.9780313968658447,0.0023956298828125,-0.0423227921128273,0.010381062515079975
1889637191475,0.8020575642585754,-9.859322547912598,0.9133879542350769,0.0039927163161337376,-0.0399271659553051,0.0066545275039970875
1889638428750,0.7793126702308655,-9.858125686645508,0.93254154920578,0.0007985432748682797,-0.038330078125,0.0077192517928779125
1889639666050,0.768538773059845,-9.862914085388184,0.9648633003234863,-0.0005323622026480734,-0.0359344482421875,0.00958251953125
1889640903350,0.7769184708595276,-9.834183692932129,0.9792284965515137,0.0007985432748682797,-0.0399271659553051,0.007453070487827063
1889642140637,0.8200140595436096,-9.883264541625977,0.9660604000091553,-0.0002661811013240367,-0.0401933453977108,0.005855984054505825
1889643377950,0.7757213711738586,-9.848548889160156,0.94930100440979,0.0010647244052961469,-0.0364668108522892,0.0077192517928779125
1889644615237,0.7852981686592102,-9.872490882873535,0.9624691009521484,-0.00452507846057415,-0.0372653529047966,0.015438503585755825
1889645852550,0.8032546639442444,-9.892841339111328,1.0043675899505615,-0.0066545275039970875,-0.0399271659553051,0.015172322280704975
1889647089812,0.7003040313720703,-9.871294021606445,0.9624691009521484,-0.0066545275039970875,-0.033272635191679,0.00692070834338665
1889648327112,0.7829039692878723,-9.889249801635742,0.94930100440979,-0.0018632676219567657,-0.0322079136967659,0.007453070487827063
1889649564400,0.7805097699165344,-9.84256362915039,0.9373299479484558,-0.0042588976211845875,-0.0295461006462574,0.010114881210029125
1889650801700,0.7924807667732239,-9.831789016723633,0.9768342971801758,-0.0053236219100654125,-0.0367329902946949,0.014373779296875
1889652039000,0.7912836670875549,-9.819818496704102,0.9648633003234863,-0.003460354171693325,-0.0407257080078125,0.01836649514734745
1889653276287,0.7649474740028381,-9.819818496704102,0.9696516990661621,-0.0021294488105922937,-0.0367329902946949,0.01650322787463665
1889654513575,0.7912836670875549,-9.825803756713867,0.9660604000091553,-0.007453070487827063,-0.0316755510866642,0.0167694091796875
1889655750887,0.7613561749458313,-9.856928825378418,0.933738648891449,-0.0037265352439135313,-0.02981228195130825,0.015438503585755825
1889656988162,0.7864952683448792,-9.850942611694336,0.9516952037811279,-0.0053236219100654125,-0.0271504707634449,0.01836649514734745
1889658225462,0.7649474740028381,-9.813833236694336,0.9888052940368652,-0.0031941730994731188,-0.02794901467859745,0.0196974016726017
1889659462750,0.8224083185195923,-9.813833236694336,1.0019733905792236,-0.0042588976211845875,-0.02262539230287075,0.013042873702943325
1889660700037,0.8056488633155823,-9.781511306762695,0.9684545993804932,-0.0039927163161337376,-0.02422248013317585,0.014906140975654125
1889661937337,0.7805097699165344,-9.81143856048584,0.9804255962371826,-0.0053236219100654125,-0.0271504707634449,0.01703559048473835
1889663174637,0.7637503743171692,-9.828198432922363,0.9361328482627869,-0.005589802749454975,-0.02502102218568325,0.0157046839594841
1889664411925,0.7697358727455139,-9.813833236694336,0.9409212470054626,-0.00692070834338665,-0.02182685025036335,0.01836649514734745
1889665649212,0.7781155705451965,-9.859322547912598,0.9433155059814453,-0.012776692397892475,-0.02369011752307415,0.01117960549890995
1889666886512,0.7805097699165344,-9.81024169921875,0.9169792532920837,-0.013309055007994175,-0.02502102218568325,0.0114457868039608
1889668123800,0.7661445736885071,-9.806650161743164,0.9349357485771179,-0.00692070834338665,-0.02262539230287075,0.01357523538172245
1889669361100,0.7649474740028381,-9.848548889160156,0.9684545993804932,-0.005589802749454975,-0.0138414166867733,0.0162370465695858
1889670598387,0.7864952683448792,-9.80904483795166,0.9097966551780701,-0.008783976547420025,-0.01836649514734745,0.0173017717897892
1889671835687,0.8595184087753296,-9.832986831665039,0.9469068050384521,-0.013042873702943325,-0.0220930315554142,0.0162370465695858
1889673073000,0.8080430626869202,-9.813833236694336,0.9085995554924011,-0.01171196810901165,-0.01889885775744915,0.02182685025036335
1889674310300,0.8331822156906128,-9.870096206665039,0.9768342971801758,-0.0077192517928779125,-0.015438503585755825,0.0173017717897892
1889675547562,0.8056488633155823,-9.834183692932129,0.9289502501487732,-0.0077192517928779125,-0.01783413253724575,0.0162370465695858
1889676784862,0.8379706144332886,-9.799468040466309,0.9421183466911316,-0.005057440605014563,-0.01943122036755085,0.0220930315554142
1889678022162,0.7733271718025208,-9.804256439208984,0.9588778018951416,-0.006122165359556675,-0.0210283063352108,0.0173017717897892
1889679259462,0.8595184087753296,-9.829395294189453,0.9301473498344421,-0.010381062515079975,-0.0204959437251091,0.014373779296875
1889680496750,0.8200140595436096,-9.793481826782227,0.9217676520347595,-0.008783976547420025,-0.01783413253724575,0.01703559048473835
1889681734025,0.849941611289978,-9.823410034179688,0.9600749015808105,-0.005855984054505825,-0.014373779296875,0.01889885775744915
1889682971337,0.7960720658302307,-9.818621635437012,0.9804255962371826,-0.0023956298828125,-0.0162370465695858,0.01996358297765255
1889684208625,0.8104372620582581,-9.828198432922363,0.9097966551780701,-0.008783976547420025,-0.012510511092841625,0.01597086526453495
1889685445925,0.788889467716217,-9.77791976928711,0.9445126056671143,-0.006122165359556675,-0.01836649514734745,0.013309055007994175
1889686683225,0.8463503122329712,-9.81024169921875,0.9349357485771179,-0.0021294488105922937,-0.01836649514734745,0.0173017717897892
1889687920512,0.8020575642585754,-9.821015357971191,0.9277531504631042,-0.005589802749454975,-0.01410759799182415,0.01889885775744915
1889689157825,0.8104372620582581,-9.81263542175293,0.9038111567497253,-0.010381062515079975,-0.01224433071911335,0.0157046839594841
1889690395112,0.8140285611152649,-9.824606895446777,0.9445126056671143,-0.008783976547420025,-0.012510511092841625,0.014373779296875
1889691632387,0.7972691655158997,-9.831789016723633,0.9552865028381348,-0.008783976547420025,-0.0162370465695858,0.0215606689453125
1889692869700,0.8188169598579407,-9.816226959228516,0.9684545993804932,-0.0053236219100654125,-0.01650322787463665,0.0252872034907341
1889694106987,0.8176198601722717,-9.825803756713867,0.9445126056671143,-0.008517795242369175,-0.013042873702943325,0.0247548408806324
1889695344262,0.7984662652015686,-9.774328231811523,0.9074024558067322,-0.010381062515079975,-0.00931633822619915,0.01703559048473835
1889696581575,0.8176198601722717,-9.801861763000488,0.950498104095459,-0.00958251953125,-0.014906140975654125,0.01836649514734745
1889697818862,0.7697358727455139,-9.849745750427246,0.9552865028381348,-0.007453070487827063,-0.008783976547420025,0.01783413253724575
1889699056162,0.8463503122329712,-9.807847023010254,0.9277531504631042,-0.005057440605014563,-0.006122165359556675,0.01463996060192585
1889700293462,0.8140285611152649,-9.785102844238281,0.8858546614646912,-0.0114457868039608,-0.010647243820130825,0.01357523538172245
1889701530762,0.7661445736885071,-9.840168952941895,0.9624691009521484,-0.00984870083630085,-0.010381062515079975,0.01463996060192585
1889702768050,0.7721300721168518,-9.816226959228516,0.9481039047241211,-0.0037265352439135313,-0.00984870083630085,0.013309055007994175
1889704005337,0.7960720658302307,-9.829395294189453,0.9074024558067322,-0.004791259765625,-0.00958251953125,0.02262539230287075
1889705242625,0.7912836670875549,-9.78869342803955,0.9289502501487732,-0.008783976547420025,-0.003460354171693325,0.01783413253724575
1889706479925,0.8271967172622681,-9.806650161743164,0.9097966551780701,-0.01224433071911335,-0.008251613937318325,0.013309055007994175
1889707717225,0.8535329103469849,-9.80904483795166,0.9588778018951416,-0.008517795242369175,-0.01171196810901165,0.0204959437251091
1889708954500,0.8044517636299133,-9.81143856048584,0.9253589510917664,-0.00958251953125,-0.010647243820130825,0.01889885775744915
1889710191800,0.8307880163192749,-9.815030097961426,0.888248860836029,-0.00958251953125,-0.0053236219100654125,0.015438503585755825
1889711429087,0.788889467716217,-9.803058624267578,0.8918401598930359,-0.012510511092841625,-0.0039927163161337376,0.01463996060192585
1889712666412,0.8176198601722717,-9.801861763000488,0.9133879542350769,-0.00984870083630085,-0.008517795242369175,0.01650322787463665
1889713903712,0.8403648138046265,-9.816226959228516,0.9516952037811279,-0.010381062515079975,-0.0066545275039970875,0.0196974016726017
1889715140975,0.8535329103469849,-9.794679641723633,0.9253589510917664,-0.006122165359556675,-0.005855984054505825,0.0186326764523983
1889716378275,0.8427590131759644,-9.827000617980957,0.9002198576927185,-0.0053236219100654125,-0.0071868896484375,0.014373779296875
1889717615562,0.8379706144332886,-9.805453300476074,0.9074024558067322,-0.013042873702943325,-0.0063883461989462376,0.0138414166867733
1889718852875,0.8319851160049438,-9.805453300476074,0.9397241473197937,-0.01171196810901165,-0.0090501569211483,0.013042873702943325
1889720090162,0.849941611289978,-9.823410034179688,0.8990227580070496,-0.008251613937318325,-0.010647243820130825,0.00958251953125
1889721327450,0.8559271097183228,-9.832986831665039,0.9169792532920837,-0.0077192517928779125,-0.0053236219100654125,0.0119781494140625
1889722564737,0.8786720037460327,-9.793481826782227,0.8942343592643738,-0.01224433071911335,-0.004791259765625,0.01224433071911335
1889723802050,0.8834604620933533,-9.793481826782227,0.8990227580070496,-0.008783976547420025,-0.0053236219100654125,0.010647243820130825
1889725039337,0.8810662031173706,-9.803058624267578,0.9241618514060974,-0.01171196810901165,-0.00452507846057415,0.01224433071911335
1889726276637,0.8607155084609985,-9.81024169921875,0.9361328482627869,-0.010381062515079975,-0.013042873702943325,0.013042873702943325
1889727513925,0.888248860836029,-9.822212219238281,0.9313444495201111,-0.012510511092841625,-0.0162370465695858,0.01224433071911335
1889728751200,0.8487445116043091,-9.759963035583496,0.9409212470054626,-0.010647243820130825,-0.007985432632267475,0.01357523538172245
1889729988525,0.9062053561210632,-9.785102844238281,0.9085995554924011,-0.00692070834338665,-0.0077192517928779125,0.010381062515079975
1889731225812,0.8954314589500427,-9.807847023010254,0.9014169573783875,-0.010647243820130825,-0.007985432632267475,0.0018632676219567657
1889732463087,0.8571242094039917,-9.782708168029785,0.9181763529777527,-0.0071868896484375,-0.00931633822619915,0.006122165359556675
1889733700400,0.8523358106613159,-9.771934509277344,0.9361328482627869,-0.0066545275039970875,-0.012776692397892475,0.007453070487827063
1889734937700,0.849941611289978,-9.806650161743164,0.9481039047241211,-0.007985432632267475,-0.013309055007994175,0.008251613937318325
1889736174987,0.851138710975647,-9.824606895446777,0.9313444495201111,-0.005057440605014563,-0.010647243820130825,0.010913425125181675
1889737412262,0.8930372595787048,-9.835380554199219,0.9636662006378174,-0.0063883461989462376,-0.0114457868039608,0.005589802749454975
1889738649575,0.8547300100326538,-9.798270225524902,0.872686505317688,-0.0077192517928779125,-0.00958251953125,0.007453070487827063
1889739886862,0.8619126081466675,-9.822212219238281,0.9528923034667969,-0.00931633822619915,-0.00931633822619915,0.007453070487827063
1889741124150,0.8846575617790222,-9.801861763000488,0.9457097053527832,-0.00984870083630085,-0.01597086526453495,0.007985432632267475
1889742361462,0.851138710975647,-9.805453300476074,0.9421183466911316,-0.0071868896484375,-0.010114881210029125,0.005855984054505825
1889743598737,0.8822633624076843,-9.726444244384766,0.9564836025238037,-0.008783976547420025,-0.01410759799182415,0.0053236219100654125
1889744836050,0.8930372595787048,-9.817423820495605,0.9241618514060974,-0.01117960549890995,-0.013309055007994175,0.0013309054775163531
1889746073350,0.8762778043746948,-9.780314445495605,0.9169792532920837,-0.005057440605014563,-0.014906140975654125,0.003460354171693325
1889747310637,0.8810662031173706,-9.792284965515137,0.9265560507774353,-0.0053236219100654125,-0.01171196810901165,0.003460354171693325
1889748547912,0.8463503122329712,-9.815030097961426,0.9457097053527832,-0.007985432632267475,-0.0138414166867733,0.006122165359556675
1889749785212,0.8750807046890259,-9.799468040466309,0.9157821536064148,-0.00692070834338665,-0.01996358297765255,0.008251613937318325
1889751022525,0.9002198576927185,-9.815030097961426,0.9133879542350769,-0.004791259765625,-0.02076212503015995,0.003460354171693325
1889752259812,0.8547300100326538,-9.841365814208984,0.9062053561210632,-0.0031941730994731188,-0.01650322787463665,0.005057440605014563
1889753497112,0.9145850539207458,-9.837775230407715,0.910993754863739,-0.00452507846057415,-0.01703559048473835,0.01171196810901165
1889754734387,0.8990227580070496,-9.798270225524902,0.8846575617790222,-0.004791259765625,-0.0234239362180233,0.0053236219100654125
1889755971687,0.9097966551780701,-9.757569313049316,0.9193734526634216,-0.008783976547420025,-0.02022976242005825,0.0010647244052961469
1889757208975,0.8667010068893433,-9.801861763000488,0.9085995554924011,-0.0053236219100654125,-0.0196974016726017,0.0021294488105922937
1889758446287,0.9301473498344421,-9.806650161743164,0.9385270476341248,-0.0090501569211483,-0.01943122036755085,0.0042588976211845875
1889759683587,0.8966285586357117,-9.806650161743164,0.9050082564353943,-0.008517795242369175,-0.0234239362180233,0.006122165359556675
1889760920875,0.8918401598930359,-9.801861763000488,0.970848798751831,-0.0066545275039970875,-0.0244886614382267,0.0002661811013240367
1889762158162,0.8822633624076843,-9.840168952941895,0.9445126056671143,-0.010913425125181675,-0.02182685025036335,-0.0010647244052961469
1889763395475,0.9074024558067322,-9.81143856048584,0.9289502501487732,-0.0031941730994731188,-0.02502102218568325,0.0005323622026480734
1889764632737,0.8918401598930359,-9.800664901733398,0.9385270476341248,-0.005589802749454975,-0.0258195661008358,0.0023956298828125
1889765870050,0.9062053561210632,-9.791088104248047,0.9217676520347595,-0.0071868896484375,-0.02315775491297245,0.0018632676219567657
1889767107350,0.9133879542350769,-9.762357711791992,0.8858546614646912,0.003460354171693325,-0.0271504707634449,0.0018632676219567657
1889768344637,0.912190854549408,-9.77672290802002,0.9062053561210632,-0.004791259765625,-0.0252872034907341,0.0002661811013240367
1889769581937,0.9157821536064148,-9.783905029296875,0.910993754863739,-0.0039927163161337376,-0.02874755859375,0.0002661811013240367
1889770819225,0.8655039072036743,-9.806650161743164,0.9074024558067322,-0.0013309054775163531,-0.03087700717151165,0.0002661811013240367
1889772056537,0.9277531504631042,-9.877279281616211,0.8966285586357117,-0.0021294488105922937,-0.0258195661008358,0.0
1889773293812,0.9193734526634216,-9.849745750427246,0.9014169573783875,-0.005057440605014563,-0.02901373989880085,0.0021294488105922937
1889774531112,0.9193734526634216,-9.856928825378418,0.9074024558067322,-0.008251613937318325,-0.0295461006462574,0.0
1889775768412,0.9038111567497253,-9.804256439208984,0.9002198576927185,-0.00692070834338665,-0.0314093679189682,0.0039927163161337376
1889777005687,0.8678981065750122,-9.830592155456543,0.9026140570640564,-0.0031941730994731188,-0.033538818359375,-0.0026618109550327063
1889778242987,0.8463503122329712,-9.800664901733398,0.8990227580070496,-0.005057440605014563,-0.0346035435795784,0.0
1889779480275,0.8798691034317017,-9.818621635437012,0.8738836050033569,-0.006122165359556675,-0.0391286201775074,0.0021294488105922937
1889780717587,0.9313444495201111,-9.838972091674805,0.8834604620933533,-0.004791259765625,-0.0343373604118824,-0.0007985432748682797
1889781954875,0.8966285586357117,-9.823410034179688,0.93254154920578,-0.0015970865497365594,-0.0314093679189682,-0.007985432632267475
1889783192175,0.9038111567497253,-9.827000617980957,0.9181763529777527,-0.0005323622026480734,-0.0356682650744915,0.0007985432748682797
1889784429475,0.93254154920578,-9.854534149169922,0.9277531504631042,-0.0066545275039970875,-0.0338049978017807,-0.0018632676219567657
1889785666750,0.9014169573783875,-9.84376049041748,0.8990227580070496,-0.005855984054505825,-0.0367329902946949,-0.0010647244052961469
1889786904062,0.950498104095459,-9.837775230407715,0.8834604620933533,-0.006122165359556675,-0.0359344482421875,-0.0010647244052961469
1889788141350,0.9205705523490906,-9.824606895446777,0.8942343592643738,-0.008251613937318325,-0.0377977155148983,0.0
1889789378650,0.8786720037460327,-9.827000617980957,0.9097966551780701,-0.004791259765625,-0.0385962575674057,-0.0015970865497365594
1889790615937,0.9157821536064148,-9.84256362915039,0.8858546614646912,-0.005589802749454975,-0.0423227921128273,-0.0002661811013240367
1889791853262,0.9181763529777527,-9.81263542175293,0.9289502501487732,-0.010913425125181675,-0.0375315360724926,-0.0029279920272529125
1889793090537,0.8978256583213806,-9.804256439208984,0.910993754863739,-0.0077192517928779125,-0.0372653529047966,0.0042588976211845875
1889794327825,0.8966285586357117,-9.818621635437012,0.9014169573783875,-0.0005323622026480734,-0.042855154722929,0.0037265352439135313
1889795565125,0.8762778043746948,-9.835380554199219,0.889445960521698,-0.0037265352439135313,-0.0415242500603199,-0.0013309054775163531
1889796802412,0.8762778043746948,-9.77791976928711,0.9014169573783875,-0.0039927163161337376,-0.0391286201775074,0.0023956298828125
1889798039725,0.9014169573783875,-9.793481826782227,0.9265560507774353,-0.0039927163161337376,-0.0455169677734375,0.0042588976211845875
1889799277000,0.9002198576927185,-9.81024169921875,0.8858546614646912,-0.00452507846057415,-0.0487111397087574,0.0031941730994731188
1889800514287,0.8930372595787048,-9.829395294189453,0.912190854549408,-0.0029279920272529125,-0.0452507846057415,0.005589802749454975
1889801751600,0.8834604620933533,-9.805453300476074,0.9241618514060974,-0.0021294488105922937,-0.0521714948117733,0.006122165359556675
1889802988900,0.8798691034317017,-9.786299705505371,0.8810662031173706,-0.0023956298828125,-0.0463155098259449,0.0026618109550327063
1889804226187,0.9301473498344421,-9.797073364257812,0.871489405632019,-0.0023956298828125,-0.043121337890625,0.0013309054775163531
1889805463475,0.8822633624076843,-9.815030097961426,0.9205705523490906,-0.005855984054505825,-0.0457831472158432,-0.0005323622026480734
1889806700762,0.9145850539207458,-9.816226959228516,0.910993754863739,-0.0039927163161337376,-0.0457831472158432,-0.0013309054775163531
1889807938062,0.9205705523490906,-9.765949249267578,0.9265560507774353,-0.0042588976211845875,-0.0455169677734375,0.0042588976211845875
1889809175362,0.8810662031173706,-9.84256362915039,0.9085995554924011,-0.0066545275039970875,-0.0497758649289608,0.0066545275039970875
1889810412637,0.9181763529777527,-9.789891242980957,0.9133879542350769,-0.0042588976211845875,-0.0503082275390625,0.0037265352439135313
1889811649937,0.9229647517204285,-9.803058624267578,0.9062053561210632,-0.00452507846057415,-0.0500420443713665,0.0026618109550327063
1889812887250,0.888248860836029,-9.835380554199219,0.9265560507774353,-0.0007985432748682797,-0.0481787770986557,0.00452507846057415
1889814124537,0.9169792532920837,-9.832986831665039,0.9265560507774353,-0.0023956298828125,-0.0473802350461483,0.0013309054775163531
1889815361837,0.9014169573783875,-9.795876502990723,0.9349357485771179,-0.0015970865497365594,-0.0529700368642807,0.0039927163161337376
1889816599112,0.851138710975647,-9.78869342803955,0.889445960521698,-0.0029279920272529125,-0.0508405901491642,0.0021294488105922937
1889817836412,0.8786720037460327,-9.773131370544434,0.8918401598930359,-0.0013309054775163531,-0.0508405901491642,0.0013309054775163531
1889819073712,0.8990227580070496,-9.815030097961426,0.8571242094039917,-0.0015970865497365594,-0.0545671246945858,0.005855984054505825
1889820311025,0.9097966551780701,-9.797073364257812,0.8870517611503601,-0.0039927163161337376,-0.062020193785429,0.00452507846057415
1889821548312,0.8858546614646912,-9.815030097961426,0.9074024558067322,-0.0021294488105922937,-0.0598907470703125,0.005589802749454975
1889822785587,0.8595184087753296,-9.77552604675293,0.9241618514060974,-0.0013309054775163531,-0.0550994873046875,-0.0005323622026480734
1889824022900,0.8391677141189575,-9.785102844238281,0.8846575617790222,0.0031941730994731188,-0.0545671246945858,0.0039927163161337376
1889825260187,0.8906430602073669,-9.801861763000488,0.8822633624076843,-0.0010647244052961469,-0.0577612966299057,0.0042588976211845875
1889826497475,0.8978256583213806,-9.78869342803955,0.9421183466911316,-0.003460354171693325,-0.0590922012925148,0.003460354171693325
1889827734775,0.8451532125473022,-9.818621635437012,0.8966285586357117,-0.0021294488105922937,-0.0566965714097023,0.0039927163161337376
1889828972075,0.8451532125473022,-9.800664901733398,0.8690952062606812,-0.0026618109550327063,-0.0548333041369915,0.0039927163161337376
1889830209350,0.8930372595787048,-9.770737648010254,0.889445960521698,-0.00692070834338665,-0.0590922012925148,0.0021294488105922937
1889831446675,0.9014169573783875,-9.801861763000488,0.8930372595787048,-0.004791259765625,-0.0574951171875,0.008251613937318325
1889832683975,0.9085995554924011,-9.786299705505371,0.8667010068893433,0.0010647244052961469,-0.0545671246945858,0.0039927163161337376
1889833921250,0.8858546614646912,-9.774328231811523,0.8942343592643738,-0.0029279920272529125,-0.0585598424077034,0.0031941730994731188
1889835158537,0.8990227580070496,-9.836577415466309,0.9217676520347595,-0.0042588976211845875,-0.0590922012925148,0.0007985432748682797
1889836395837,0.8535329103469849,-9.81143856048584,0.9026140570640564,0.0002661811013240367,-0.0566965714097023,0.0013309054775163531
1889837633162,0.888248860836029,-9.838972091674805,0.9097966551780701,0.0007985432748682797,-0.0609554722905159,0.0023956298828125
1889838870437,0.9074024558067322,-9.824606895446777,0.8978256583213806,0.0002661811013240367,-0.0550994873046875,0.0002661811013240367
1889840107725,0.9014169573783875,-9.799468040466309,0.9026140570640564,0.0010647244052961469,-0.0556318499147892,0.0010647244052961469
1889841345037,0.8415619134902954,-9.786299705505371,0.8738836050033569,0.0031941730994731188,-0.0574951171875,0.00931633822619915
1889842582312,0.8655039072036743,-9.81263542175293,0.9002198576927185,0.0010647244052961469,-0.0588260218501091,0.007453070487827063
1889843819625,0.8822633624076843,-9.750386238098145,0.8738836050033569,-0.00452507846057415,-0.0574951171875,0.0053236219100654125
1889845056912,0.889445960521698,-9.797073364257812,0.8990227580070496,0.0015970865497365594,-0.0606892891228199,0.0013309054775163531
1889846294187,0.8463503122329712,-9.831789016723633,0.8918401598930359,-0.0007985432748682797,-0.0585598424077034,0.0042588976211845875
1889847531512,0.8738836050033569,-9.782708168029785,0.8702923059463501,-0.0039927163161337376,-0.0580274797976017,0.0029279920272529125
1889848768800,0.8559271097183228,-9.781511306762695,0.8906430602073669,0.0002661811013240367,-0.0606892891228199,0.005057440605014563
1889850006087,0.8463503122329712,-9.791088104248047,0.8870517611503601,-0.0021294488105922937,-0.0612216517329216,0.0029279920272529125
1889851243375,0.8092401623725891,-9.798270225524902,0.8978256583213806,0.0010647244052961469,-0.0646820068359375,-0.0018632676219567657
1889852480675,0.8427590131759644,-9.787496566772461,0.889445960521698,-0.0015970865497365594,-0.0630849227309227,-0.0023956298828125
1889853718000,0.8188169598579407,-9.78869342803955,0.9193734526634216,0.0031941730994731188,-0.0630849227309227,0.0018632676219567657
1889854955262,0.8379706144332886,-9.783905029296875,0.9038111567497253,0.004791259765625,-0.0614878311753273,0.0029279920272529125
1889856192550,0.8702923059463501,-9.789891242980957,0.8846575617790222,0.00452507846057415,-0.062020193785429,0.0039927163161337376
1889857429850,0.8439561128616333,-9.786299705505371,0.8918401598930359,0.0029279920272529125,-0.0609554722905159,0.0005323622026480734
1889858667150,0.8643068075180054,-9.774328231811523,0.8846575617790222,-0.0002661811013240367,-0.0630849227309227,0.0053236219100654125
1889859904462,0.8403648138046265,-9.800664901733398,0.8846575617790222,-0.0018632676219567657,-0.0596245639026165,0.005589802749454975
1889861141750,0.8667010068893433,-9.822212219238281,0.910993754863739,0.0013309054775163531,-0.0598907470703125,0.0002661811013240367
1889862379050,0.8619126081466675,-9.797073364257812,0.8942343592643738,-0.0010647244052961469,-0.0633511021733284,-0.004791259765625
1889863616337,0.8535329103469849,-9.819818496704102,0.9349357485771179,-0.0005323622026480734,-0.0609554722905159,-0.0015970865497365594
1889864853625,0.8427590131759644,-9.794679641723633,0.9241618514060974,0.0077192517928779125,-0.0604231096804142,0.0021294488105922937
1889866090937,0.8535329103469849,-9.75517463684082,0.8846575617790222,0.005057440605014563,-0.0601569265127182,0.0021294488105922937
1889867328212,0.8631097078323364,-9.861717224121094,0.8487445116043091,0.0053236219100654125,-0.0582936592400074,0.0005323622026480734
1889868565525,0.828393816947937,-9.824606895446777,0.9097966551780701,0.003460354171693325,-0.0585598424077034,-0.0005323622026480734
1889869802800,0.8535329103469849,-9.781511306762695,0.8690952062606812,0.0002661811013240367,-0.0585598424077034,-0.0010647244052961469
1889871040100,0.8391677141189575,-9.815030097961426,0.8762778043746948,-0.0023956298828125,-0.0556318499147892,-0.0007985432748682797
1889872277400,0.7972691655158997,-9.7791166305542,0.9050082564353943,0.0037265352439135313,-0.0606892891228199,0.007453070487827063
1889873514700,0.8535329103469849,-9.795876502990723,0.8750807046890259,-0.0015970865497365594,-0.0598907470703125,0.0026618109550327063
1889874751987,0.8080430626869202,-9.817423820495605,0.912190854549408,0.0018632676219567657,-0.0596245639026165,0.0005323622026480734
1889875989300,0.8164227604866028,-9.81024169921875,0.8954314589500427,0.0015970865497365594,-0.0577612966299057,-0.0018632676219567657
1889877226600,0.8307880163192749,-9.823410034179688,0.8978256583213806,0.0,-0.0564303919672966,-0.0007985432748682797
1889878463875,0.851138710975647,-9.78869342803955,0.8966285586357117,-0.005057440605014563,-0.057228934019804,0.005057440605014563
1889879701162,0.8583213090896606,-9.794679641723633,0.910993754863739,0.0007985432748682797,-0.0593583844602108,0.0053236219100654125
1889880938462,0.8427590131759644,-9.78869342803955,0.9433155059814453,0.0063883461989462376,-0.0543009415268898,0.005057440605014563
1889882175762,0.8475474119186401,-9.786299705505371,0.9133879542350769,0.0013309054775163531,-0.0558980293571949,0.00452507846057415
1889883413062,0.8367735147476196,-9.781511306762695,0.8523358106613159,-0.00452507846057415,-0.0598907470703125,0.004791259765625
1889884650362,0.8343793153762817,-9.7791166305542,0.8822633624076843,0.0021294488105922937,-0.0543009415268898,0.00452507846057415
1889885887662,0.8702923059463501,-9.770737648010254,0.8810662031173706,0.0031941730994731188,-0.0556318499147892,0.0018632676219567657
1889887124975,0.8667010068893433,-9.805453300476074,0.8762778043746948,0.0,-0.057228934019804,0.0029279920272529125
1889888362225,0.8403648138046265,-9.774328231811523,0.9145850539207458,0.004791259765625,-0.0503082275390625,0.005855984054505825
1889889599537,0.8403648138046265,-9.81263542175293,0.8822633624076843,0.0013309054775163531,-0.0473802350461483,-0.0005323622026480734
1889890836837,0.8415619134902954,-9.806650161743164,0.888248860836029,0.0039927163161337376,-0.0548333041369915,0.0005323622026480734
1889892074125,0.828393816947937,-9.804256439208984,0.9062053561210632,0.004791259765625,-0.0553656667470932,-0.0021294488105922937
1889893311425,0.8307880163192749,-9.797073364257812,0.8655039072036743,0.0031941730994731188,-0.0543009415268898,0.005589802749454975
1889894548712,0.8391677141189575,-9.7791166305542,0.9014169573783875,0.0002661811013240367,-0.0505744069814682,0.0029279920272529125
1889895786025,0.829590916633606,-9.782708168029785,0.910993754863739,0.0029279920272529125,-0.0535023994743824,0.0002661811013240367
1889897023312,0.8236054182052612,-9.792284965515137,0.8930372595787048,0.0053236219100654125,-0.0564303919672966,-0.0010647244052961469
1889898260625,0.849941611289978,-9.817423820495605,0.8858546614646912,0.00452507846057415,-0.0561642125248909,0.0013309054775163531
1889899497912,0.8271967172622681,-9.782708168029785,0.9062053561210632,0.00692070834338665,-0.0548333041369915,0.0005323622026480734
1889900735187,0.8224083185195923,-9.764751434326172,0.9026140570640564,0.004791259765625,-0.0511067695915699,-0.0010647244052961469
1889901972475,0.7996633648872375,-9.781511306762695,0.8786720037460327,0.0037265352439135313,-0.0487111397087574,0.0007985432748682797
1889903209787,0.849941611289978,-9.798270225524902,0.8846575617790222,0.0029279920272529125,-0.0463155098259449,-0.0026618109550327063
1889904447100,0.8259996175765991,-9.77672290802002,0.93254154920578,0.0023956298828125,-0.0399271659553051,-0.0039927163161337376
1889905684387,0.8104372620582581,-9.806650161743164,0.8774749040603638,0.003460354171693325,-0.0447184219956398,0.0005323622026480734
1889906921687,0.812831461429596,-9.792284965515137,0.8750807046890259,0.0021294488105922937,-0.0471140518784523,-0.0018632676219567657
1889908158975,0.8236054182052612,-9.81263542175293,0.8619126081466675,0.0015970865497365594,-0.0412580706179142,-0.0066545275039970875
1889909396262,0.8200140595436096,-9.743204116821289,0.8810662031173706,-0.0005323622026480734,-0.0460493303835392,-0.008783976547420025
1889910633562,0.8212112188339233,-9.813833236694336,0.8978256583213806,0.0037265352439135313,-0.0423227921128273,-0.0021294488105922937
1889911870862,0.8020575642585754,-9.793481826782227,0.8990227580070496,0.004791259765625,-0.0417904332280159,0.0010647244052961469
1889913108137,0.8140285611152649,-9.817423820495605,0.8966285586357117,0.0063883461989462376,-0.0455169677734375,-0.0031941730994731188
1889914345462,0.8020575642585754,-9.793481826782227,0.9002198576927185,0.005589802749454975,-0.0463155098259449,-0.0029279920272529125
1889915582750,0.812831461429596,-9.798270225524902,0.9014169573783875,0.0031941730994731188,-0.0503082275390625,-0.0031941730994731188
1889916820050,0.8271967172622681,-9.781511306762695,0.9169792532920837,0.0037265352439135313,-0.0420566126704216,0.0007985432748682797
1889918057337,0.7829039692878723,-9.806650161743164,0.9313444495201111,0.00452507846057415,-0.042855154722929,-0.0005323622026480734
1889919294637,0.8176198601722717,-9.78869342803955,0.8834604620933533,0.005589802749454975,-0.0415242500603199,-0.0010647244052961469
1889920531912,0.8212112188339233,-9.803058624267578,0.8798691034317017,0.0021294488105922937,-0.0372653529047966,-0.003460354171693325
1889921769225,0.8236054182052612,-9.816226959228516,0.8942343592643738,0.0053236219100654125,-0.0412580706179142,-0.0018632676219567657
1889923006512,0.8343793153762817,-9.818621635437012,0.9181763529777527,0.0039927163161337376,-0.0399271659553051,-0.0039927163161337376
1889924243812,0.8176198601722717,-9.818621635437012,0.9026140570640564,0.005057440605014563,-0.0393948033452034,-0.0077192517928779125
1889925481100,0.8331822156906128,-9.807847023010254,0.9169792532920837,0.008251613937318325,-0.0372653529047966,-0.0063883461989462376
1889926718400,0.7793126702308655,-9.806650161743164,0.8655039072036743,-0.0010647244052961469,-0.0399271659553051,-0.0053236219100654125
1889927955700,0.790086567401886,-9.816226959228516,0.888248860836029,0.0,-0.0351359061896801,-0.0029279920272529125
1889929193000,0.8559271097183228,-9.840168952941895,0.8906430602073669,0.006122165359556675,-0.038063894957304,-0.0042588976211845875
1889930430287,0.8475474119186401,-9.827000617980957,0.8906430602073669,0.005589802749454975,-0.0388624407351017,-0.008517795242369175
1889931667600,0.8379706144332886,-9.774328231811523,0.8918401598930359,0.0037265352439135313,-0.0311431884765625,-0.0063883461989462376
1889932904875,0.8690952062606812,-9.816226959228516,0.912190854549408,0.005855984054505825,-0.0364668108522892,-0.0042588976211845875
1889934142187,0.8319851160049438,-9.819818496704102,0.9193734526634216,0.0018632676219567657,-0.0393948033452034,-0.0023956298828125
1889935379475,0.8248025178909302,-9.801861763000488,0.9277531504631042,0.006122165359556675,-0.0324740931391716,-0.0031941730994731188
1889936616762,0.8571242094039917,-9.786299705505371,0.9433155059814453,0.00984870083630085,-0.0362006276845932,-0.0021294488105922937
1889937854062,0.8619126081466675,-9.81263542175293,0.9133879542350769,0.003460354171693325,-0.0391286201775074,-0.0090501569211483
1889939091350,0.8834604620933533,-9.831789016723633,0.8738836050033569,0.0015970865497365594,-0.0377977155148983,-0.007985432632267475
1889940328662,0.8236054182052612,-9.84495735168457,0.8822633624076843,0.006122165359556675,-0.0372653529047966,-0.0015970865497365594
1889941565950,0.828393816947937,-9.805453300476074,0.8918401598930359,0.0066545275039970875,-0.0340711809694767,-0.0090501569211483
1889942803237,0.828393816947937,-9.819818496704102,0.9145850539207458,0.003460354171693325,-0.0311431884765625,-0.010647243820130825
1889944040537,0.8080430626869202,-9.81263542175293,0.9085995554924011,0.00452507846057415,-0.0359344482421875,-0.005855984054505825
1889945277837,0.828393816947937,-9.840168952941895,0.9026140570640564,0.0063883461989462376,-0.0372653529047966,-0.0018632676219567657
1889946515162,0.8140285611152649,-9.84615421295166,0.888248860836029,0.0071868896484375,-0.0292799212038517,-0.0037265352439135313
1889947752450,0.8607155084609985,-9.801861763000488,0.8750807046890259,0.0029279920272529125,-0.02901373989880085,-0.007985432632267475
1889948989725,0.8690952062606812,-9.793481826782227,0.8834604620933533,0.004791259765625,-0.0311431884765625,-0.00958251953125
1889950227037,0.8690952062606812,-9.821015357971191,0.8858546614646912,0.00692070834338665,-0.0319417305290699,-0.006122165359556675
1889951464325,0.8583213090896606,-9.829395294189453,0.9062053561210632,0.00692070834338665,-0.033272635191679,-0.0037265352439135313
1889952701600,0.8595184087753296,-9.832986831665039,0.8846575617790222,0.01117960549890995,-0.0327402763068676,-0.004791259765625
1889953938912,0.8403648138046265,-9.864110946655273,0.8918401598930359,0.008251613937318325,-0.02981228195130825,-0.007453070487827063
1889955176200,0.8523358106613159,-9.858125686645508,0.9193734526634216,0.005855984054505825,-0.0276828333735466,-0.006122165359556675
1889956413512,0.8523358106613159,-9.805453300476074,0.8906430602073669,0.005589802749454975,-0.02741665206849575,-0.013309055007994175
1889957650800,0.8774749040603638,-9.827000617980957,0.889445960521698,0.013042873702943325,-0.0282151959836483,-0.008251613937318325
1889958888087,0.8355764150619507,-9.830592155456543,0.8810662031173706,0.0077192517928779125,-0.0316755510866642,-0.008251613937318325
1889960125400,0.8667010068893433,-9.84256362915039,0.872686505317688,0.0042588976211845875,-0.0292799212038517,-0.00958251953125
1889961362687,0.8798691034317017,-9.824606895446777,0.9181763529777527,0.007453070487827063,-0.02901373989880085,-0.010381062515079975
1889962599975,0.8822633624076843,-9.825803756713867,0.8918401598930359,0.010647243820130825,-0.02422248013317585,-0.0015970865497365594
1889963837275,0.851138710975647,-9.834183692932129,0.912190854549408,0.0026618109550327063,-0.02076212503015995,-0.00692070834338665
1889965074575,0.872686505317688,-9.827000617980957,0.9133879542350769,0.0053236219100654125,-0.0324740931391716,-0.00931633822619915
1889966311862,0.8307880163192749,-9.81143856048584,0.8858546614646912,0.01224433071911335,-0.0282151959836483,-0.005855984054505825
1889967549162,0.8271967172622681,-9.848548889160156,0.8954314589500427,0.010381062515079975,-0.0271504707634449,-0.005589802749454975
1889968786450,0.8547300100326538,-9.803058624267578,0.9397241473197937,0.0053236219100654125,-0.0173017717897892,-0.005057440605014563
1889970023762,0.8427590131759644,-9.840168952941895,0.9145850539207458,0.0066545275039970875,-0.0204959437251091,-0.007985432632267475
1889971261050,0.8319851160049438,-9.797073364257812,0.8786720037460327,0.007453070487827063,-0.0263519287109375,-0.010913425125181675
1889972498350,0.8978256583213806,-9.825803756713867,0.9253589510917664,0.00931633822619915,-0.0228915736079216,-0.008783976547420025
1889973735650,0.8607155084609985,-9.805453300476074,0.8966285586357117,0.0114457868039608,-0.0220930315554142,-0.006122165359556675
1889974972937,0.8583213090896606,-9.84256362915039,0.9313444495201111,0.0114457868039608,-0.02369011752307415,-0.006122165359556675
1889976210225,0.8271967172622681,-9.852140426635742,0.9696516990661621,0.0063883461989462376,-0.0228915736079216,-0.010381062515079975
1889977447537,0.8643068075180054,-9.818621635437012,0.9241618514060974,0.0066545275039970875,-0.0234239362180233,-0.0063883461989462376
1889978684837,0.8774749040603638,-9.817423820495605,0.9253589510917664,0.008783976547420025,-0.02182685025036335,-0.00984870083630085
1889979922125,0.8678981065750122,-9.819818496704102,0.9265560507774353,0.010114881210029125,-0.0244886614382267,-0.008251613937318325
1889981159412,0.8355764150619507,-9.806650161743164,0.9277531504631042,0.008251613937318325,-0.02182685025036335,-0.008517795242369175
1889982396737,0.8200140595436096,-9.862914085388184,0.9421183466911316,0.0066545275039970875,-0.01836649514734745,-0.014373779296875
1889983634000,0.8403648138046265,-9.86770248413086,0.8930372595787048,0.005589802749454975,-0.02076212503015995,-0.0090501569211483
1889984871325,0.8451532125473022,-9.838972091674805,0.9038111567497253,0.008517795242369175,-0.0228915736079216,-0.010114881210029125
1889986108612,0.871489405632019,-9.860519409179688,0.9193734526634216,0.0039927163161337376,-0.0157046839594841,-0.01597086526453495
1889987345912,0.8631097078323364,-9.819818496704102,0.8966285586357117,0.010647243820130825,-0.01597086526453495,-0.0157046839594841
1889988583212,0.8762778043746948,-9.84615421295166,0.9181763529777527,0.01117960549890995,-0.02129448764026165,-0.010913425125181675
1889989820475,0.8798691034317017,-9.855731010437012,0.9481039047241211,0.0063883461989462376,-0.01650322787463665,-0.01650322787463665
1889991057800,0.8451532125473022,-9.825803756713867,0.9289502501487732,0.005589802749454975,-0.0186326764523983,-0.01357523538172245
1889992295075,0.8846575617790222,-9.832986831665039,0.9361328482627869,0.0063883461989462376,-0.0191650390625,-0.012510511092841625
1889993532387,0.872686505317688,-9.832986831665039,0.910993754863739,0.008251613937318325,-0.01996358297765255,-0.015438503585755825
1889994769687,0.8678981065750122,-9.829395294189453,0.9050082564353943,0.00452507846057415,-0.02022976242005825,-0.015172322280704975
1889996006962,0.8750807046890259,-9.858125686645508,0.8990227580070496,0.00692070834338665,-0.01410759799182415,-0.01117960549890995
1889997244275,0.8643068075180054,-9.831789016723633,0.9038111567497253,0.010381062515079975,-0.0173017717897892,-0.010647243820130825
1889998481587,0.8786720037460327,-9.848548889160156,0.888248860836029,0.008251613937318325,-0.0173017717897892,-0.014373779296875
1889999718850,0.8523358106613159,-9.836577415466309,0.9385270476341248,0.00692070834338665,-0.0181003138422966,-0.013309055007994175
1890000956137,0.8990227580070496,-9.80904483795166,0.9229647517204285,0.005057440605014563,-0.02502102218568325,-0.01410759799182415
1890002193462,0.8607155084609985,-9.854534149169922,0.8571242094039917,0.007453070487827063,-0.02182685025036335,-0.010114881210029125
1890003430762,0.8415619134902954,-9.841365814208984,0.8966285586357117,0.006122165359556675,-0.013309055007994175,-0.0119781494140625
1890004668050,0.8307880163192749,-9.873687744140625,0.9301473498344421,0.0063883461989462376,-0.014906140975654125,-0.0162370465695858
1890005905337,0.8475474119186401,-9.8784761428833,0.9217676520347595,0.0007985432748682797,-0.014906140975654125,-0.0114457868039608
1890007142625,0.9002198576927185,-9.858125686645508,0.9181763529777527,0.0037265352439135313,-0.01117960549890995,-0.010913425125181675
1890008379937,0.8475474119186401,-9.856928825378418,0.9205705523490906,0.005589802749454975,-0.010913425125181675,-0.00931633822619915
1890009617237,0.888248860836029,-9.855731010437012,0.9469068050384521,0.003460354171693325,-0.01756795309484005,-0.0114457868039608
1890010854525,0.8810662031173706,-9.834183692932129,0.9002198576927185,0.0002661811013240367,-0.015172322280704975,-0.01943122036755085
1890012091812,0.8535329103469849,-9.835380554199219,0.9241618514060974,0.00452507846057415,-0.0157046839594841,-0.012510511092841625
1890013329125,0.8667010068893433,-9.871294021606445,0.912190854549408,-0.0015970865497365594,-0.013309055007994175,-0.00984870083630085
1890014566425,0.8559271097183228,-9.837775230407715,0.9205705523490906,0.0,-0.010114881210029125,-0.01943122036755085
1890015803725,0.8858546614646912,-9.896432876586914,0.8870517611503601,-0.0021294488105922937,-0.010913425125181675,-0.02182685025036335
1890017041000,0.8379706144332886,-9.87967300415039,0.8846575617790222,-0.0015970865497365594,-0.0119781494140625,-0.01783413253724575
1890018278300,0.8224083185195923,-9.86889934539795,0.9205705523490906,0.0026618109550327063,-0.01357523538172245,-0.0138414166867733
1890019515600,0.8595184087753296,-9.858125686645508,0.9038111567497253,0.0007985432748682797,-0.012510511092841625,-0.013042873702943325
1890020752912,0.8595184087753296,-9.885659217834473,0.9145850539207458,-0.0002661811013240367,-0.01463996060192585,-0.0119781494140625
1890021990200,0.9014169573783875,-9.871294021606445,0.9074024558067322,0.0013309054775163531,-0.008251613937318325,-0.00931633822619915
1890023227487,0.8846575617790222,-9.861717224121094,0.9062053561210632,-0.0029279920272529125,-0.00958251953125,-0.01357523538172245
1890024464787,0.8643068075180054,-9.883264541625977,0.9217676520347595,0.0005323622026480734,-0.01357523538172245,-0.012510511092841625
1890025702075,0.8451532125473022,-9.8784761428833,0.9373299479484558,-0.0007985432748682797,-0.010381062515079975,-0.012510511092841625
1890026939362,0.8678981065750122,-9.860519409179688,0.871489405632019,-0.0007985432748682797,-0.0071868896484375,-0.01357523538172245
1890028176687,0.8930372595787048,-9.813833236694336,0.8942343592643738,-0.0013309054775163531,-0.010913425125181675,-0.010913425125181675
1890029413962,0.8439561128616333,-9.858125686645508,0.8834604620933533,-0.0005323622026480734,-0.010114881210029125,-0.012776692397892475
1890030651250,0.8307880163192749,-9.84256362915039,0.8858546614646912,-0.0037265352439135313,-0.008517795242369175,-0.01357523538172245
1890031888550,0.8451532125473022,-9.835380554199219,0.8655039072036743,-0.0037265352439135313,-0.01117960549890995,-0.01410759799182415
1890033125850,0.8678981065750122,-9.852140426635742,0.8834604620933533,-0.003460354171693325,-0.01357523538172245,-0.00958251953125
1890034363162,0.8798691034317017,-9.832986831665039,0.9385270476341248,-0.004791259765625,-0.0063883461989462376,-0.0119781494140625
1890035600462,0.8391677141189575,-9.840168952941895,0.9600749015808105,-0.0071868896484375,-0.00958251953125,-0.012776692397892475
1890036837750,0.849941611289978,-9.832986831665039,0.9253589510917664,-0.007453070487827063,-0.008783976547420025,-0.01171196810901165
1890038075050,0.8487445116043091,-9.838972091674805,0.9265560507774353,-0.0090501569211483,-0.0053236219100654125,-0.00984870083630085
1890039312337,0.851138710975647,-9.84256362915039,0.950498104095459,-0.010381062515079975,-0.00692070834338665,-0.015438503585755825
1890040549637,0.849941611289978,-9.870096206665039,0.9074024558067322,-0.0031941730994731188,-0.0090501569211483,-0.012510511092841625
1890041786925,0.851138710975647,-9.885659217834473,0.9313444495201111,0.0,-0.0077192517928779125,-0.014906140975654125
1890043024225,0.8224083185195923,-9.858125686645508,0.9133879542350769,-0.0013309054775163531,-0.008251613937318325,-0.01357523538172245
1890044261550,0.8702923059463501,-9.859322547912598,0.9074024558067322,-0.0026618109550327063,-0.008783976547420025,-0.00958251953125
1890045498800,0.8810662031173706,-9.90241813659668,0.9085995554924011,-0.00452507846057415,-0.0039927163161337376,-0.0071868896484375
1890046736125,0.8331822156906128,-9.852140426635742,0.9062053561210632,-0.010381062515079975,-0.005057440605014563,-0.008783976547420025
1890047973412,0.8487445116043091,-9.841365814208984,0.9229647517204285,-0.0037265352439135313,-0.0077192517928779125,-0.013309055007994175
1890049210712,0.8619126081466675,-9.877279281616211,0.9181763529777527,-0.007985432632267475,-0.005855984054505825,-0.013309055007994175
1890050448012,0.8571242094039917,-9.891644477844238,0.888248860836029,-0.0119781494140625,-0.003460354171693325,-0.0090501569211483
1890051685312,0.8571242094039917,-9.874884605407715,0.9433155059814453,-0.008517795242369175,-0.0005323622026480734,-0.0114457868039608
1890052922575,0.8774749040603638,-9.892841339111328,0.9193734526634216,-0.0039927163161337376,-0.0029279920272529125,-0.010114881210029125
1890054159900,0.8690952062606812,-9.90241813659668,0.8966285586357117,-0.004791259765625,-0.0021294488105922937,-0.00984870083630085
1890055397187,0.8870517611503601,-9.86889934539795,0.9157821536064148,-0.010114881210029125,-0.0026618109550327063,-0.010647243820130825
1890056634475,0.851138710975647,-9.830592155456543,0.9457097053527832,-0.013042873702943325,0.0042588976211845875,-0.012776692397892475
1890057871787,0.8487445116043091,-9.855731010437012,0.9014169573783875,-0.010647243820130825,0.0066545275039970875,-0.013042873702943325
1890059109087,0.8080430626869202,-9.853337287902832,0.912190854549408,-0.005057440605014563,0.0002661811013240367,-0.010381062515079975
1890060346375,0.8176198601722717,-9.895236015319824,0.9038111567497253,-0.01224433071911335,0.0005323622026480734,-0.00931633822619915
1890061583687,0.8343793153762817,-9.824606895446777,0.8978256583213806,-0.0138414166867733,0.0042588976211845875,-0.004791259765625
1890062820962,0.8463503122329712,-9.80904483795166,0.8786720037460327,-0.01357523538172245,0.003460354171693325,-0.010114881210029125
1890064058275,0.8463503122329712,-9.885659217834473,0.8942343592643738,-0.010381062515079975,0.0018632676219567657,-0.008517795242369175
1890065295575,0.8702923059463501,-9.8784761428833,0.9014169573783875,-0.013309055007994175,0.0042588976211845875,-0.0021294488105922937
1890066532850,0.889445960521698,-9.855731010437012,0.8786720037460327,-0.01597086526453495,0.00452507846057415,-0.0066545275039970875
1890067770162,0.851138710975647,-9.860519409179688,0.9301473498344421,-0.0157046839594841,0.0010647244052961469,-0.010647243820130825
1890069007450,0.8056488633155823,-9.87967300415039,0.9050082564353943,-0.01463996060192585,0.0021294488105922937,-0.0071868896484375
1890070244762,0.8607155084609985,-9.865307807922363,0.9313444495201111,-0.010114881210029125,0.0023956298828125,-0.0031941730994731188
1890071482050,0.8559271097183228,-9.84495735168457,0.8822633624076843,-0.0138414166867733,0.0077192517928779125,-0.005589802749454975
1890072719350,0.8607155084609985,-9.876082420349121,0.8930372595787048,-0.0157046839594841,0.007453070487827063,-0.005057440605014563
1890073956625,0.8523358106613159,-9.890447616577148,0.8678981065750122,-0.013042873702943325,0.0031941730994731188,-0.005589802749454975
1890075193950,0.8379706144332886,-9.883264541625977,0.8810662031173706,-0.012776692397892475,0.0018632676219567657,-0.0026618109550327063
1890076431212,0.8619126081466675,-9.862914085388184,0.8858546614646912,-0.01597086526453495,0.005855984054505825,0.0
1890077668525,0.8439561128616333,-9.850942611694336,0.8762778043746948,-0.01756795309484005,0.0090501569211483,-0.00452507846057415
1890078905837,0.8487445116043091,-9.907206535339355,0.9361328482627869,-0.015172322280704975,0.005057440605014563,-0.0042588976211845875
1890080143125,0.872686505317688,-9.864110946655273,0.9038111567497253,-0.0191650390625,0.0039927163161337376,-0.0039927163161337376
1890081380412,0.8331822156906128,-9.864110946655273,0.9074024558067322,-0.0191650390625,0.00958251953125,-0.0066545275039970875
1890082617712,0.8690952062606812,-9.871294021606445,0.8954314589500427,-0.01783413253724575,0.01597086526453495,-0.007453070487827063
1890083855000,0.8583213090896606,-9.873687744140625,0.8762778043746948,-0.01943122036755085,0.014906140975654125,-0.0013309054775163531
1890085092312,0.8547300100326538,-9.858125686645508,0.8834604620933533,-0.01996358297765255,0.01171196810901165,-0.003460354171693325
1890086329600,0.8966285586357117,-9.87967300415039,0.9301473498344421,-0.01943122036755085,0.0114457868039608,-0.0042588976211845875
1890087566912,0.8786720037460327,-9.864110946655273,0.889445960521698,-0.0215606689453125,0.01410759799182415,-0.0013309054775163531
1890088804200,0.8906430602073669,-9.885659217834473,0.8942343592643738,-0.0252872034907341,0.014906140975654125,0.0023956298828125
1890090041512,0.8678981065750122,-9.84615421295166,0.9217676520347595,-0.02262539230287075,0.015172322280704975,-0.0037265352439135313
1890091278800,0.9026140570640564,-9.818621635437012,0.8990227580070496,-0.02182685025036335,0.015172322280704975,-0.004791259765625
1890092516087,0.8571242094039917,-9.850942611694336,0.9133879542350769,-0.0186326764523983,0.015172322280704975,0.0021294488105922937
1890093753387,0.8523358106613159,-9.827000617980957,0.8930372595787048,-0.0215606689453125,0.01597086526453495,-0.0007985432748682797
1890094990687,0.8056488633155823,-9.816226959228516,0.9002198576927185,-0.02369011752307415,0.0162370465695858,-0.0029279920272529125
1890096227987,0.8643068075180054,-9.860519409179688,0.8738836050033569,-0.02076212503015995,0.0157046839594841,0.0010647244052961469
1890097465275,0.8343793153762817,-9.865307807922363,0.8403648138046265,-0.0247548408806324,0.02262539230287075,-0.0015970865497365594
1890098702575,0.8439561128616333,-9.86889934539795,0.8690952062606812,-0.02555338479578495,0.01943122036755085,-0.007985432632267475
1890099939850,0.8343793153762817,-9.855731010437012,0.872686505317688,-0.02608574740588665,0.01943122036755085,-0.0023956298828125
1890101177162,0.8607155084609985,-9.859322547912598,0.8667010068893433,-0.0234239362180233,0.0196974016726017,0.0023956298828125
1890102414450,0.8571242094039917,-9.86650562286377,0.8822633624076843,-0.0292799212038517,0.02262539230287075,0.0018632676219567657
1890103651762,0.849941611289978,-9.870096206665039,0.8930372595787048,-0.0300784632563591,0.0210283063352108,0.0031941730994731188
1890104889050,0.8331822156906128,-9.850942611694336,0.8918401598930359,-0.0276828333735466,0.0196974016726017,0.0031941730994731188
1890106126350,0.812831461429596,-9.830592155456543,0.8870517611503601,-0.02608574740588665,0.0234239362180233,0.0013309054775163531
1890107363650,0.8367735147476196,-9.835380554199219,0.8690952062606812,-0.0282151959836483,0.0234239362180233,-0.00452507846057415
1890108600925,0.8810662031173706,-9.859322547912598,0.8906430602073669,-0.02502102218568325,0.02874755859375,0.0018632676219567657
1890109838250,0.8427590131759644,-9.841365814208984,0.8858546614646912,-0.0276828333735466,0.0258195661008358,0.0031941730994731188
1890111075537,0.8678981065750122,-9.862914085388184,0.8858546614646912,-0.0314093679189682,0.0228915736079216,0.003460354171693325
1890112312825,0.871489405632019,-9.885659217834473,0.8643068075180054,-0.0306108258664608,0.02422248013317585,0.0029279920272529125
1890113550150,0.8966285586357117,-9.825803756713867,0.9145850539207458,-0.0276828333735466,0.0215606689453125,0.0042588976211845875
1890114787437,0.8487445116043091,-9.841365814208984,0.8870517611503601,-0.02874755859375,0.0234239362180233,0.003460354171693325
1890116024737,0.889445960521698,-9.819818496704102,0.8690952062606812,-0.0322079136967659,0.0258195661008358,0.0029279920272529125
1890117262025,0.8810662031173706,-9.84495735168457,0.8774749040603638,-0.0276828333735466,0.0220930315554142,0.00931633822619915
1890118499325,0.8678981065750122,-9.835380554199219,0.8236054182052612,-0.0314093679189682,0.02848137728869915,0.0031941730994731188
1890119736612,0.8475474119186401,-9.81024169921875,0.8643068075180054,-0.0300784632563591,0.0271504707634449,-0.0018632676219567657
1890120973900,0.8523358106613159,-9.841365814208984,0.8870517611503601,-0.02741665206849575,0.0258195661008358,0.0029279920272529125
1890122211212,0.8475474119186401,-9.847352027893066,0.8535329103469849,-0.0300784632563591,0.02874755859375,0.007985432632267475
1890123448512,0.8607155084609985,-9.874884605407715,0.9133879542350769,-0.0314093679189682,0.0295461006462574,0.0021294488105922937
1890124685812,0.8822633624076843,-9.876082420349121,0.8822633624076843,-0.02661811001598835,0.03087700717151165,0.0021294488105922937
1890125923087,0.8810662031173706,-9.850942611694336,0.93254154920578,-0.0327402763068676,0.02901373989880085,0.0018632676219567657
1890127160387,0.8966285586357117,-9.84495735168457,0.889445960521698,-0.0346035435795784,0.0282151959836483,0.005855984054505825
1890128397700,0.8834604620933533,-9.849745750427246,0.8367735147476196,-0.0306108258664608,0.0338049978017807,0.0002661811013240367
1890129635000,0.8918401598930359,-9.904812812805176,0.8858546614646912,-0.0340711809694767,0.038330078125,0.0013309054775163531
1890130872300,0.8822633624076843,-9.86889934539795,0.8738836050033569,-0.03087700717151165,0.023956298828125,0.0031941730994731188
1890132109587,0.8571242094039917,-9.876082420349121,0.8607155084609985,-0.0306108258664608,0.02661811001598835,0.0063883461989462376
1890133346887,0.8870517611503601,-9.824606895446777,0.8906430602073669,-0.0282151959836483,0.0306108258664608,0.004791259765625
1890134584175,0.8607155084609985,-9.852140426635742,0.8786720037460327,-0.0292799212038517,0.0338049978017807,0.0031941730994731188
1890135821475,0.8918401598930359,-9.84615421295166,0.8738836050033569,-0.03087700717151165,0.0300784632563591,0.0039927163161337376
1890137058775,0.8846575617790222,-9.873687744140625,0.8834604620933533,-0.0354020856320858,0.033272635191679,0.0010647244052961469
1890138296075,0.8786720037460327,-9.825803756713867,0.8595184087753296,-0.03087700717151165,0.0359344482421875,0.0037265352439135313
1890139533350,0.8690952062606812,-9.830592155456543,0.8571242094039917,-0.0247548408806324,0.02901373989880085,0.0029279920272529125
1890140770675,0.9097966551780701,-9.86650562286377,0.8547300100326538,-0.02981228195130825,0.0327402763068676,0.0037265352439135313
1890142007987,0.8762778043746948,-9.823410034179688,0.8487445116043091,-0.02848137728869915,0.0330064557492733,0.0042588976211845875
1890143245250,0.8690952062606812,-9.806650161743164,0.8631097078323364,-0.02608574740588665,0.033272635191679,0.0071868896484375
1890144482550,0.8978256583213806,-9.828198432922363,0.8559271097183228,-0.0330064557492733,0.0340711809694767,0.0015970865497365594
1890145719850,0.8774749040603638,-9.821015357971191,0.8535329103469849,-0.023956298828125,0.0306108258664608,0.0002661811013240367
1890146957137,0.8870517611503601,-9.80904483795166,0.8343793153762817,-0.02848137728869915,0.0356682650744915,0.0018632676219567657
1890148194450,0.8702923059463501,-9.813833236694336,0.8858546614646912,-0.0300784632563591,0.0364668108522892,0.0026618109550327063
1890149431737,0.8571242094039917,-9.829395294189453,0.8451532125473022,-0.0276828333735466,0.0351359061896801,0.0023956298828125
1890150669025,0.93254154920578,-9.84256362915039,0.8415619134902954,-0.02874755859375,0.033272635191679,0.0021294488105922937
1890151906337,0.9074024558067322,-9.827000617980957,0.8188169598579407,-0.02901373989880085,0.0356682650744915,0.005855984054505825
1890153143637,0.8978256583213806,-9.828198432922363,0.8319851160049438,-0.02608574740588665,0.0319417305290699,0.005589802749454975
1890154380937,0.9038111567497253,-9.782708168029785,0.8475474119186401,-0.02555338479578495,0.0362006276845932,0.00452507846057415
1890155618212,0.8762778043746948,-9.785102844238281,0.8667010068893433,-0.02502102218568325,0.0346035435795784,0.0077192517928779125
1890156855525,0.910993754863739,-9.806650161743164,0.8379706144332886,-0.02901373989880085,0.0372653529047966,-0.003460354171693325
1890158092812,0.9085995554924011,-9.786299705505371,0.8319851160049438,-0.0322079136967659,0.0359344482421875,0.0021294488105922937
1890159330112,0.9074024558067322,-9.832986831665039,0.8439561128616333,-0.03087700717151165,0.0338049978017807,0.0077192517928779125
1890160567425,0.871489405632019,-9.858125686645508,0.8583213090896606,-0.0306108258664608,0.0425889752805233,0.0037265352439135313
1890161804700,0.8475474119186401,-9.825803756713867,0.8391677141189575,-0.0268842913210392,0.0367329902946949,0.005057440605014563
1890163042012,0.8667010068893433,-9.798270225524902,0.8415619134902954,-0.0276828333735466,0.0375315360724926,0.00452507846057415
1890164279300,0.8858546614646912,-9.803058624267578,0.889445960521698,-0.0252872034907341,0.0409918874502182,0.0037265352439135313
1890165516600,0.9038111567497253,-9.801861763000488,0.849941611289978,-0.02608574740588665,0.0372653529047966,0.0042588976211845875
1890166753900,0.8822633624076843,-9.807847023010254,0.8439561128616333,-0.0263519287109375,0.0407257080078125,0.0005323622026480734
1890167991200,0.8678981065750122,-9.841365814208984,0.8331822156906128,-0.0311431884765625,0.0423227921128273,0.0077192517928779125
1890169228475,0.9181763529777527,-9.807847023010254,0.8475474119186401,-0.0314093679189682,0.038063894957304,0.008517795242369175
1890170465787,0.8942343592643738,-9.825803756713867,0.8619126081466675,-0.0252872034907341,0.0369991734623909,0.008783976547420025
1890171703087,0.9469068050384521,-9.836577415466309,0.8403648138046265,-0.0252872034907341,0.0369991734623909,0.0077192517928779125
1890172940400,0.9457097053527832,-9.854534149169922,0.8810662031173706,-0.02608574740588665,0.0404595248401165,0.007985432632267475
1890174177675,0.8870517611503601,-9.81143856048584,0.8379706144332886,-0.0258195661008358,0.0388624407351017,0.00692070834338665
1890175414975,0.9516952037811279,-9.822212219238281,0.8164227604866028,-0.02661811001598835,0.033272635191679,0.00452507846057415
1890176652275,0.9217676520347595,-9.77672290802002,0.7972691655158997,-0.02369011752307415,0.0372653529047966,0.010913425125181675
1890177889575,0.9050082564353943,-9.825803756713867,0.8571242094039917,-0.0252872034907341,0.0415242500603199,0.0077192517928779125
1890179126875,0.912190854549408,-9.813833236694336,0.8834604620933533,-0.0228915736079216,0.0409918874502182,0.008251613937318325
1890180364162,0.912190854549408,-9.801861763000488,0.8367735147476196,-0.02369011752307415,0.0369991734623909,0.0071868896484375
1890181601462,0.9157821536064148,-9.763554573059082,0.8535329103469849,-0.01756795309484005,0.0399271659553051,0.0042588976211845875
1890182838775,0.9193734526634216,-9.782708168029785,0.8762778043746948,-0.0247548408806324,0.0404595248401165,0.006122165359556675
1890184076062,0.9026140570640564,-9.822212219238281,0.8547300100326538,-0.0244886614382267,0.0364668108522892,0.0063883461989462376
1890185313362,0.9205705523490906,-9.840168952941895,0.828393816947937,-0.02422248013317585,0.0369991734623909,0.0071868896484375
1890186550662,0.9289502501487732,-9.84495735168457,0.8212112188339233,-0.02315775491297245,0.0393948033452034,0.005855984054505825
1890187787950,0.9205705523490906,-9.81263542175293,0.812831461429596,-0.02315775491297245,0.033272635191679,0.0026618109550327063
1890189025237,0.9445126056671143,-9.822212219238281,0.8032546639442444,-0.02262539230287075,0.0375315360724926,0.004791259765625
1890190262550,0.9014169573783875,-9.819818496704102,0.8439561128616333,-0.023956298828125,0.0375315360724926,0.007985432632267475
1890191499837,0.889445960521698,-9.832986831665039,0.8559271097183228,-0.02262539230287075,0.0364668108522892,0.01224433071911335
1890192737137,0.9385270476341248,-9.813833236694336,0.8307880163192749,-0.02741665206849575,0.0362006276845932,0.0119781494140625
1890193974437,0.9229647517204285,-9.832986831665039,0.8068459630012512,-0.02076212503015995,0.0404595248401165,0.005855984054505825
1890195211737,0.9133879542350769,-9.840168952941895,0.7876923680305481,-0.0186326764523983,0.0351359061896801,0.007985432632267475
1890196449037,0.8619126081466675,-9.86889934539795,0.7876923680305481,-0.0220930315554142,0.033538818359375,0.014906140975654125
1890197686337,0.8607155084609985,-9.847352027893066,0.8068459630012512,-0.02608574740588665,0.0391286201775074,0.008251613937318325
1890198923637,0.9097966551780701,-9.831789016723633,0.8104372620582581,-0.0220930315554142,0.0348697230219841,0.005057440605014563
1890200160937,0.8930372595787048,-9.848548889160156,0.7781155705451965,-0.01889885775744915,0.0330064557492733,0.01171196810901165
1890201398225,0.9361328482627869,-9.876082420349121,0.811634361743927,-0.0204959437251091,0.0393948033452034,0.010913425125181675
1890202635525,0.912190854549408,-9.886856079101562,0.8104372620582581,-0.02076212503015995,0.0385962575674057,0.0138414166867733
1890203872812,0.9157821536064148,-9.84376049041748,0.8212112188339233,-0.0234239362180233,0.0388624407351017,0.008251613937318325
1890205110112,0.9205705523490906,-9.850942611694336,0.8152256608009338,-0.0223592109978199,0.0367329902946949,0.00452507846057415
1890206347412,0.8930372595787048,-9.886856079101562,0.8307880163192749,-0.0220930315554142,0.0324740931391716,0.00692070834338665
1890207584687,0.9074024558067322,-9.856928825378418,0.8080430626869202,-0.02555338479578495,0.0362006276845932,0.01171196810901165
1890208821987,0.933738648891449,-9.894038200378418,0.8331822156906128,-0.02369011752307415,0.033538818359375,0.010647243820130825
1890210059300,0.9265560507774353,-9.870096206665039,0.829590916633606,-0.0228915736079216,0.0300784632563591,0.014373779296875
1890211296587,0.9421183466911316,-9.859322547912598,0.8439561128616333,-0.01996358297765255,0.0322079136967659,0.00958251953125
1890212533887,0.93254154920578,-9.840168952941895,0.8140285611152649,-0.0210283063352108,0.0356682650744915,0.0090501569211483
1890213771200,0.9433155059814453,-9.872490882873535,0.8020575642585754,-0.02502102218568325,0.02661811001598835,0.012776692397892475
1890215008487,0.9696516990661621,-9.828198432922363,0.7984662652015686,-0.02129448764026165,0.0314093679189682,0.010381062515079975
1890216245775,0.9421183466911316,-9.838972091674805,0.7912836670875549,-0.02741665206849575,0.033272635191679,0.010647243820130825
1890217483087,0.9229647517204285,-9.838972091674805,0.8355764150619507,-0.0263519287109375,0.0338049978017807,0.0162370465695858
1890218720387,0.9552865028381348,-9.841365814208984,0.8044517636299133,-0.023956298828125,0.0330064557492733,0.01410759799182415
1890219957675,0.9457097053527832,-9.841365814208984,0.8427590131759644,-0.0244886614382267,0.0330064557492733,0.0119781494140625
1890221194962,0.9349357485771179,-9.818621635437012,0.8415619134902954,-0.02182685025036335,0.033272635191679,0.015438503585755825
1890222432275,0.9469068050384521,-9.793481826782227,0.8786720037460327,-0.02022976242005825,0.02981228195130825,0.0167694091796875
1890223669587,0.9169792532920837,-9.828198432922363,0.7793126702308655,-0.0215606689453125,0.0263519287109375,0.0191650390625
1890224906875,0.9313444495201111,-9.838972091674805,0.8044517636299133,-0.0252872034907341,0.02874755859375,0.01996358297765255
1890226144162,0.9157821536064148,-9.785102844238281,0.8379706144332886,-0.0196974016726017,0.02848137728869915,0.01597086526453495
1890227381462,0.910993754863739,-9.827000617980957,0.8068459630012512,-0.0204959437251091,0.02981228195130825,0.02022976242005825
1890228618775,0.9193734526634216,-9.816226959228516,0.8224083185195923,-0.01996358297765255,0.0295461006462574,0.01703559048473835
1890229856062,0.9433155059814453,-9.803058624267578,0.8463503122329712,-0.0191650390625,0.02794901467859745,0.01650322787463665
1890231093350,0.910993754863739,-9.818621635437012,0.7996633648872375,-0.0138414166867733,0.02981228195130825,0.0215606689453125
1890232330650,0.9373299479484558,-9.840168952941895,0.8475474119186401,-0.0157046839594841,0.02502102218568325,0.02422248013317585
1890233567950,1.0007762908935547,-9.828198432922363,0.8224083185195923,-0.0204959437251091,0.0268842913210392,0.0234239362180233
1890234805237,0.9888052940368652,-9.813833236694336,0.8319851160049438,-0.0210283063352108,0.0276828333735466,0.0186326764523983
1890236042537,0.9576807022094727,-9.81143856048584,0.8236054182052612,-0.0191650390625,0.02741665206849575,0.01783413253724575
1890237279837,0.9301473498344421,-9.830592155456543,0.8451532125473022,-0.01650322787463665,0.0276828333735466,0.023956298828125
1890238517137,0.9564836025238037,-9.817423820495605,0.8307880163192749,-0.014373779296875,0.0244886614382267,0.0234239362180233
1890239754450,0.9481039047241211,-9.793481826782227,0.8152256608009338,-0.01357523538172245,0.02315775491297245,0.02608574740588665
1890240991750,0.9397241473197937,-9.818621635437012,0.8104372620582581,-0.01756795309484005,0.0234239362180233,0.02502102218568325
1890242229037,0.950498104095459,-9.806650161743164,0.7924807667732239,-0.01703559048473835,0.02182685025036335,0.02608574740588665
1890243466337,0.912190854549408,-9.831789016723633,0.8343793153762817,-0.01756795309484005,0.0263519287109375,0.0263519287109375
1890244703612,0.9564836025238037,-9.822212219238281,0.7876923680305481,-0.0162370465695858,0.0271504707634449,0.0228915736079216
1890245940912,0.9289502501487732,-9.795876502990723,0.812831461429596,-0.010647243820130825,0.0186326764523983,0.0263519287109375
1890247178225,0.9145850539207458,-9.836577415466309,0.8188169598579407,-0.01224433071911335,0.02076212503015995,0.0263519287109375
1890248415525,0.9229647517204285,-9.858125686645508,0.8595184087753296,-0.012776692397892475,0.0204959437251091,0.02422248013317585
1890249652812,0.933738648891449,-9.834183692932129,0.8020575642585754,-0.007985432632267475,0.02022976242005825,0.02848137728869915
1890250890112,0.9313444495201111,-9.84256362915039,0.8092401623725891,-0.00958251953125,0.01996358297765255,0.0306108258664608
1890252127412,0.9373299479484558,-9.84256362915039,0.829590916633606,-0.0167694091796875,0.02182685025036335,0.0263519287109375
1890253364700,0.9289502501487732,-9.838972091674805,0.7960720658302307,-0.014906140975654125,0.0220930315554142,0.0316755510866642
1890254602000,0.9014169573783875,-9.805453300476074,0.7936778664588928,-0.010647243820130825,0.01756795309484005,0.03087700717151165
1890255839300,0.9074024558067322,-9.850942611694336,0.7960720658302307,-0.013042873702943325,0.0204959437251091,0.0348697230219841
1890257076587,0.9361328482627869,-9.834183692932129,0.8056488633155823,-0.01703559048473835,0.0210283063352108,0.0330064557492733
1890258313900,0.9373299479484558,-9.84376049041748,0.7757213711738586,-0.015172322280704975,0.01224433071911335,0.0396609827876091
1890259551200,0.9241618514060974,-9.827000617980957,0.7876923680305481,-0.01224433071911335,0.01357523538172245,0.033538818359375
1890260788500,0.9265560507774353,-9.835380554199219,0.811634361743927,-0.015438503585755825,0.0263519287109375,0.03087700717151165
1890262025787,0.9181763529777527,-9.825803756713867,0.8080430626869202,-0.01410759799182415,0.02262539230287075,0.0324740931391716
1890263263087,0.9409212470054626,-9.80904483795166,0.8020575642585754,-0.01171196810901165,0.015172322280704975,0.0314093679189682
1890264500375,0.8966285586357117,-9.805453300476074,0.7960720658302307,-0.01836649514734745,0.01357523538172245,0.0351359061896801
1890265737675,0.9241618514060974,-9.815030097961426,0.7972691655158997,-0.015438503585755825,0.0162370465695858,0.0362006276845932
1890266974975,0.8918401598930359,-9.827000617980957,0.7852981686592102,-0.0119781494140625,0.0157046839594841,0.0351359061896801
1890268212275,0.9097966551780701,-9.824606895446777,0.8176198601722717,-0.01463996060192585,0.0167694091796875,0.0369991734623909
1890269449562,0.9516952037811279,-9.795876502990723,0.8188169598579407,-0.0157046839594841,0.013309055007994175,0.02981228195130825
1890270686875,0.9085995554924011,-9.797073364257812,0.8200140595436096,-0.013309055007994175,0.012510511092841625,0.0306108258664608
1890271924175,0.8858546614646912,-9.793481826782227,0.8439561128616333,-0.013309055007994175,0.01410759799182415,0.0348697230219841
1890273161462,0.8786720037460327,-9.77791976928711,0.8068459630012512,-0.01410759799182415,0.015172322280704975,0.0324740931391716
1890274398787,0.8954314589500427,-9.80904483795166,0.7984662652015686,-0.01463996060192585,0.012776692397892475,0.0300784632563591
1890275636062,0.9157821536064148,-9.817423820495605,0.8200140595436096,-0.015172322280704975,0.0173017717897892,0.0338049978017807
1890276873362,0.8942343592643738,-9.815030097961426,0.8487445116043091,-0.01703559048473835,0.010913425125181675,0.038063894957304
1890278110662,0.8990227580070496,-9.813833236694336,0.828393816947937,-0.0114457868039608,0.012510511092841625,0.0377977155148983
1890279347950,0.9026140570640564,-9.795876502990723,0.7852981686592102,-0.010114881210029125,0.01357523538172245,0.0340711809694767
1890280585250,0.9014169573783875,-9.807847023010254,0.8020575642585754,-0.01597086526453495,0.00958251953125,0.03034464456140995
1890281822550,0.888248860836029,-9.804256439208984,0.8236054182052612,-0.015172322280704975,0.01171196810901165,0.03087700717151165
1890283059850,0.888248860836029,-9.787496566772461,0.8140285611152649,-0.0157046839594841,0.008517795242369175,0.0346035435795784
1890284297137,0.8702923059463501,-9.806650161743164,0.8403648138046265,-0.012510511092841625,0.00692070834338665,0.038063894957304
1890285534437,0.8810662031173706,-9.791088104248047,0.8271967172622681,-0.01410759799182415,0.005057440605014563,0.03034464456140995
1890286771762,0.9014169573783875,-9.80904483795166,0.7841010689735413,-0.014906140975654125,0.013042873702943325,0.0324740931391716
1890288009037,0.9145850539207458,-9.819818496704102,0.8032546639442444,-0.014906140975654125,0.0090501569211483,0.0393948033452034
1890289246350,0.910993754863739,-9.764751434326172,0.8188169598579407,-0.014373779296875,0.007453070487827063,0.0399271659553051
1890290483650,0.8966285586357117,-9.807847023010254,0.7841010689735413,-0.0071868896484375,0.00958251953125,0.0433875173330307
1890291720937,0.9181763529777527,-9.78869342803955,0.8044517636299133,-0.012510511092841625,0.0119781494140625,0.0412580706179142
1890292958237,0.8990227580070496,-9.81263542175293,0.8152256608009338,-0.00931633822619915,0.01171196810901165,0.0396609827876091
1890294195525,0.8942343592643738,-9.803058624267578,0.7912836670875549,-0.010913425125181675,0.010381062515079975,0.0356682650744915
1890295432812,0.8990227580070496,-9.821015357971191,0.7924807667732239,-0.0138414166867733,0.006122165359556675,0.0377977155148983
1890296670125,0.8954314589500427,-9.855731010437012,0.7864952683448792,-0.0119781494140625,0.007453070487827063,0.0364668108522892
1890297907425,0.9014169573783875,-9.823410034179688,0.8188169598579407,-0.00452507846057415,0.0042588976211845875,0.03034464456140995
1890299144725,0.9145850539207458,-9.824606895446777,0.8212112188339233,-0.006122165359556675,0.0042588976211845875,0.038063894957304
1890300382025,0.9289502501487732,-9.818621635437012,0.8343793153762817,-0.010647243820130825,0.0023956298828125,0.0369991734623909
1890301619325,0.8954314589500427,-9.862914085388184,0.7984662652015686,-0.013042873702943325,0.0053236219100654125,0.0338049978017807
1890302856625,0.8523358106613159,-9.849745750427246,0.8056488633155823,-0.0138414166867733,0.0053236219100654125,0.0362006276845932
1890304093925,0.8702923059463501,-9.827000617980957,0.8104372620582581,-0.01410759799182415,0.00931633822619915,0.033538818359375
1890305331212,0.8870517611503601,-9.787496566772461,0.8068459630012512,-0.010647243820130825,0.003460354171693325,0.0300784632563591
1890306568512,0.9193734526634216,-9.827000617980957,0.8583213090896606,-0.010114881210029125,0.0066545275039970875,0.0327402763068676
1890307805787,0.889445960521698,-9.823410034179688,0.8583213090896606,-0.00984870083630085,0.0077192517928779125,0.0319417305290699
1890309043112,0.9097966551780701,-9.774328231811523,0.8319851160049438,-0.00692070834338665,0.006122165359556675,0.0346035435795784
1890310280412,0.9157821536064148,-9.781511306762695,0.829590916633606,-0.010114881210029125,0.00452507846057415,0.0295461006462574
1890311517700,0.8595184087753296,-9.774328231811523,0.8212112188339233,-0.012776692397892475,0.006122165359556675,0.0295461006462574
1890312755012,0.8966285586357117,-9.804256439208984,0.8259996175765991,-0.00984870083630085,0.0010647244052961469,0.0324740931391716
1890313992312,0.8463503122329712,-9.785102844238281,0.7864952683448792,-0.0114457868039608,-0.0018632676219567657,0.0300784632563591
1890315229600,0.8822633624076843,-9.797073364257812,0.7924807667732239,-0.013042873702943325,0.0021294488105922937,0.0234239362180233
1890316466875,0.9133879542350769,-9.793481826782227,0.7996633648872375,-0.0063883461989462376,0.00692070834338665,0.02661811001598835
1890317704200,0.9074024558067322,-9.786299705505371,0.8164227604866028,-0.0090501569211483,0.003460354171693325,0.0271504707634449
1890318941487,0.8523358106613159,-9.764751434326172,0.8020575642585754,-0.0039927163161337376,0.0021294488105922937,0.0247548408806324
1890320178787,0.8702923059463501,-9.771934509277344,0.8319851160049438,-0.0021294488105922937,0.008783976547420025,0.01943122036755085
1890321416075,0.8942343592643738,-9.762357711791992,0.829590916633606,-0.0077192517928779125,0.005589802749454975,0.02848137728869915
1890322653375,0.8978256583213806,-9.75397777557373,0.7876923680305481,-0.00452507846057415,-0.0005323622026480734,0.0271504707634449
1890323890675,0.8906430602073669,-9.804256439208984,0.7972691655158997,-0.005589802749454975,-0.0029279920272529125,0.02555338479578495
1890325127962,0.8774749040603638,-9.793481826782227,0.8451532125473022,-0.008517795242369175,-0.0023956298828125,0.0234239362180233
1890326365287,0.9074024558067322,-9.81143856048584,0.8259996175765991,-0.004791259765625,0.0,0.0268842913210392
1890327602587,0.8978256583213806,-9.792284965515137,0.8236054182052612,-0.0039927163161337376,0.003460354171693325,0.0244886614382267
1890328839862,0.9445126056671143,-9.78869342803955,0.7996633648872375,-0.004791259765625,0.005589802749454975,0.02502102218568325
1890330077162,0.8535329103469849,-9.75158405303955,0.8391677141189575,-0.0077192517928779125,0.0002661811013240367,0.02555338479578495
1890331314475,0.9038111567497253,-9.763554573059082,0.8475474119186401,-0.0013309054775163531,-0.0007985432748682797,0.0258195661008358
1890332551762,0.8786720037460327,-9.725247383117676,0.8738836050033569,-0.0026618109550327063,0.0,0.0244886614382267
1890333789050,0.872686505317688,-9.743204116821289,0.8224083185195923,-0.0042588976211845875,0.0023956298828125,0.023956298828125
1890335026362,0.8643068075180054,-9.75517463684082,0.8355764150619507,-0.0029279920272529125,-0.0015970865497365594,0.02022976242005825
1890336263650,0.9002198576927185,-9.75397777557373,0.7924807667732239,-0.0018632676219567657,-0.0026618109550327063,0.0215606689453125
1890337500950,0.8990227580070496,-9.789891242980957,0.7996633648872375,-0.0002661811013240367,-0.0021294488105922937,0.01996358297765255
1890338738262,0.8762778043746948,-9.757569313049316,0.8248025178909302,-0.0002661811013240367,-0.0005323622026480734,0.02262539230287075
1890339975562,0.8822633624076843,-9.761160850524902,0.7972691655158997,0.0026618109550327063,-0.0039927163161337376,0.02502102218568325
1890341212837,0.9038111567497253,-9.746795654296875,0.8403648138046265,0.003460354171693325,-0.0018632676219567657,0.0204959437251091
1890342450150,0.8930372595787048,-9.750386238098145,0.8331822156906128,0.0002661811013240367,-0.003460354171693325,0.0210283063352108
1890343687450,0.8798691034317017,-9.771934509277344,0.8008604645729065,0.003460354171693325,-0.005589802749454975,0.0244886614382267
1890344924750,0.9157821536064148,-9.733627319335938,0.8188169598579407,0.005057440605014563,-0.005855984054505825,0.02369011752307415
1890346162037,0.9229647517204285,-9.75158405303955,0.7841010689735413,0.003460354171693325,-0.0005323622026480734,0.0234239362180233
1890347399337,0.8918401598930359,-9.773131370544434,0.8415619134902954,0.0023956298828125,-0.0066545275039970875,0.02022976242005825
1890348636650,0.8571242094039917,-9.71926212310791,0.7852981686592102,0.0053236219100654125,-0.00452507846057415,0.0173017717897892
1890349873937,0.8930372595787048,-9.780314445495605,0.828393816947937,0.0071868896484375,-0.00452507846057415,0.02129448764026165
1890351111250,0.8978256583213806,-9.75397777557373,0.8319851160049438,0.010381062515079975,-0.0066545275039970875,0.023956298828125
1890352348525,0.9253589510917664,-9.726444244384766,0.7972691655158997,0.005589802749454975,-0.00452507846057415,0.0244886614382267
1890353585837,0.9265560507774353,-9.714473724365234,0.7948749661445618,0.007985432632267475,-0.007985432632267475,0.0234239362180233
1890354823137,0.8702923059463501,-9.725247383117676,0.8547300100326538,0.0071868896484375,-0.004791259765625,0.0191650390625
1890356060412,0.9169792532920837,-9.713275909423828,0.8643068075180054,0.010381062515079975,-0.0090501569211483,0.01996358297765255
1890357297725,0.8750807046890259,-9.683348655700684,0.8583213090896606,0.012776692397892475,-0.004791259765625,0.0228915736079216
1890358535012,0.9026140570640564,-9.714473724365234,0.8475474119186401,0.014373779296875,-0.0066545275039970875,0.02076212503015995
1890359772325,0.9050082564353943,-9.694122314453125,0.790086567401886,0.0162370465695858,-0.01117960549890995,0.0173017717897892
1890361009625,0.9014169573783875,-9.708487510681152,0.790086567401886,0.0173017717897892,-0.01357523538172245,0.0204959437251091
1890362246912,0.93254154920578,-9.682151794433594,0.8307880163192749,0.0167694091796875,-0.0063883461989462376,0.01996358297765255
1890363484200,0.8559271097183228,-9.7420072555542,0.8307880163192749,0.01783413253724575,-0.010114881210029125,0.02262539230287075
1890364721512,0.871489405632019,-9.715670585632324,0.829590916633606,0.01889885775744915,-0.013309055007994175,0.02022976242005825
1890365958800,0.8942343592643738,-9.706093788146973,0.7972691655158997,0.02262539230287075,-0.010381062515079975,0.01836649514734745
1890367196112,0.9612720012664795,-9.725247383117676,0.7960720658302307,0.02848137728869915,-0.0090501569211483,0.0181003138422966
1890368433412,0.888248860836029,-9.72285270690918,0.8559271097183228,0.02608574740588665,-0.007453070487827063,0.01463996060192585
1890369670712,0.8822633624076843,-9.679757118225098,0.829590916633606,0.0220930315554142,-0.00931633822619915,0.0138414166867733
1890370908012,0.9133879542350769,-9.72285270690918,0.8427590131759644,0.0244886614382267,-0.010114881210029125,0.0173017717897892
1890372145312,0.8846575617790222,-9.744400978088379,0.9014169573783875,0.0263519287109375,-0.012510511092841625,0.0181003138422966
1890373382600,0.9157821536064148,-9.737218856811523,0.8391677141189575,0.0263519287109375,-0.0066545275039970875,0.01943122036755085
1890374619887,0.9349357485771179,-9.733627319335938,0.8008604645729065,0.0306108258664608,-0.01357523538172245,0.02315775491297245
1890375857187,0.9361328482627869,-9.710882186889648,0.828393816947937,0.0319417305290699,-0.0162370465695858,0.014906140975654125
1890377094500,0.9229647517204285,-9.727641105651855,0.8547300100326538,0.0282151959836483,-0.013309055007994175,0.0167694091796875
1890378331787,0.8954314589500427,-9.6989107131958,0.811634361743927,0.02874755859375,-0.01117960549890995,0.0173017717897892
1890379569112,0.8954314589500427,-9.725247383117676,0.8379706144332886,0.0295461006462574,-0.010913425125181675,0.0162370465695858
1890380806387,0.9229647517204285,-9.682151794433594,0.8463503122329712,0.0314093679189682,-0.014906140975654125,0.015172322280704975
1890382043700,0.9277531504631042,-9.703699111938477,0.8379706144332886,0.03034464456140995,-0.014906140975654125,0.014906140975654125
1890383280987,0.9038111567497253,-9.747992515563965,0.8463503122329712,0.0324740931391716,-0.0191650390625,0.01357523538172245
1890384518300,0.9085995554924011,-9.736021041870117,0.8403648138046265,0.0367329902946949,-0.014906140975654125,0.01463996060192585
1890385755575,0.950498104095459,-9.727641105651855,0.8738836050033569,0.0346035435795784,-0.014906140975654125,0.01756795309484005
1890386992900,0.8858546614646912,-9.749189376831055,0.872686505317688,0.0300784632563591,-0.012776692397892475,0.01650322787463665
1890388230187,0.8547300100326538,-9.764751434326172,0.849941611289978,0.0306108258664608,-0.013042873702943325,0.010913425125181675
1890389467462,0.9050082564353943,-9.75397777557373,0.8439561128616333,0.033272635191679,-0.0173017717897892,0.01410759799182415
1890390704775,0.8954314589500427,-9.774328231811523,0.8619126081466675,0.038063894957304,-0.0220930315554142,0.0228915736079216
1890391942087,0.8930372595787048,-9.725247383117676,0.8583213090896606,0.0417904332280159,-0.0204959437251091,0.02076212503015995
1890393179387,0.9241618514060974,-9.745597839355469,0.8367735147476196,0.0401933453977108,-0.01650322787463665,0.0181003138422966
1890394416675,0.8678981065750122,-9.737218856811523,0.889445960521698,0.0367329902946949,-0.01996358297765255,0.01597086526453495
1890395653975,0.8738836050033569,-9.732430458068848,0.8583213090896606,0.0399271659553051,-0.01996358297765255,0.01756795309484005
1890396891262,0.8631097078323364,-9.768342971801758,0.9014169573783875,0.0391286201775074,-0.014906140975654125,0.015438503585755825
1890398128575,0.8427590131759644,-9.771934509277344,0.8750807046890259,0.0377977155148983,-0.01756795309484005,0.01756795309484005
1890399365875,0.8583213090896606,-9.756372451782227,0.8954314589500427,0.0417904332280159,-0.0181003138422966,0.01410759799182415
1890400603162,0.8906430602073669,-9.768342971801758,0.9205705523490906,0.0423227921128273,-0.0191650390625,0.0173017717897892
1890401840462,0.8655039072036743,-9.764751434326172,0.8762778043746948,0.0407257080078125,-0.0191650390625,0.01889885775744915
1890403077750,0.8798691034317017,-9.737218856811523,0.8810662031173706,0.0423227921128273,-0.014906140975654125,0.0138414166867733
1890404315062,0.9313444495201111,-9.737218856811523,0.8451532125473022,0.0441860631108284,-0.0162370465695858,0.00958251953125
1890405552350,0.9026140570640564,-9.730035781860352,0.8798691034317017,0.0425889752805233,-0.02182685025036335,0.015438503585755825
1890406789650,0.9169792532920837,-9.712079048156738,0.8870517611503601,0.0465816929936409,-0.01943122036755085,0.0162370465695858
1890408026950,0.9085995554924011,-9.732430458068848,0.8810662031173706,0.0444522425532341,-0.0191650390625,0.0114457868039608
1890409264262,0.9050082564353943,-9.728838920593262,0.8547300100326538,0.0409918874502182,-0.0191650390625,0.01463996060192585
1890410501575,0.8978256583213806,-9.783905029296875,0.8762778043746948,0.0425889752805233,-0.0223592109978199,0.01463996060192585
1890411738837,0.9277531504631042,-9.75397777557373,0.8786720037460327,0.0425889752805233,-0.0223592109978199,0.014373779296875
1890412976162,0.8774749040603638,-9.728838920593262,0.8762778043746948,0.0436537005007267,-0.0247548408806324,0.015438503585755825
1890414213450,0.8667010068893433,-9.761160850524902,0.9074024558067322,0.0449846051633358,-0.01943122036755085,0.01650322787463665
1890415450750,0.871489405632019,-9.757569313049316,0.8571242094039917,0.0444522425532341,-0.02182685025036335,0.01410759799182415
1890416688037,0.8678981065750122,-9.7420072555542,0.9217676520347595,0.0444522425532341,-0.023956298828125,0.01463996060192585
1890417925337,0.9062053561210632,-9.786299705505371,0.828393816947937,0.0468478724360466,-0.0244886614382267,0.0181003138422966
1890419162650,0.8966285586357117,-9.771934509277344,0.8331822156906128,0.0471140518784523,-0.0268842913210392,0.014373779296875
1890420399925,0.8702923059463501,-9.769539833068848,0.8523358106613159,0.0471140518784523,-0.0247548408806324,0.01836649514734745
1890421637250,0.9157821536064148,-9.7420072555542,0.8930372595787048,0.0484449602663517,-0.02502102218568325,0.0191650390625
1890422874525,0.889445960521698,-9.75517463684082,0.9241618514060974,0.0489773228764534,-0.0263519287109375,0.0162370465695858
1890424111825,0.910993754863739,-9.803058624267578,0.8667010068893433,0.0481787770986557,-0.0295461006462574,0.01889885775744915
1890425349125,0.8846575617790222,-9.783905029296875,0.8643068075180054,0.0447184219956398,-0.02741665206849575,0.01783413253724575
1890426586425,0.8798691034317017,-9.786299705505371,0.8774749040603638,0.0463155098259449,-0.0316755510866642,0.0173017717897892
1890427823737,0.8930372595787048,-9.765949249267578,0.8918401598930359,0.04791259765625,-0.03087700717151165,0.0167694091796875
1890429061025,0.8786720037460327,-9.7791166305542,0.9301473498344421,0.0463155098259449,-0.02262539230287075,0.0181003138422966
1890430298337,0.9050082564353943,-9.768342971801758,0.9169792532920837,0.042855154722929,-0.0223592109978199,0.015438503585755825
1890431535625,0.9277531504631042,-9.793481826782227,0.8786720037460327,0.0457831472158432,-0.02661811001598835,0.01703559048473835
1890432772937,0.8846575617790222,-9.801861763000488,0.8667010068893433,0.0516391322016716,-0.0282151959836483,0.0191650390625
1890434010225,0.9062053561210632,-9.798270225524902,0.9145850539207458,0.052703857421875,-0.03034464456140995,0.0162370465695858
1890435247525,0.912190854549408,-9.780314445495605,0.9229647517204285,0.0468478724360466,-0.033272635191679,0.015172322280704975
1890436484812,0.9193734526634216,-9.795876502990723,0.8954314589500427,0.0497758649289608,-0.0316755510866642,0.02262539230287075
1890437722100,0.872686505317688,-9.789891242980957,0.9205705523490906,0.0500420443713665,-0.0340711809694767,0.0228915736079216
1890438959412,0.9241618514060974,-9.7791166305542,0.8930372595787048,0.0558980293571949,-0.0319417305290699,0.02315775491297245
1890440196712,0.888248860836029,-9.795876502990723,0.933738648891449,0.0561642125248909,-0.0295461006462574,0.0215606689453125
1890441434012,0.8595184087753296,-9.795876502990723,0.9193734526634216,0.0452507846057415,-0.02981228195130825,0.01597086526453495
1890442671300,0.872686505317688,-9.780314445495605,0.9469068050384521,0.0468478724360466,-0.02981228195130825,0.02129448764026165
1890443908612,0.8583213090896606,-9.786299705505371,0.9397241473197937,0.0473802350461483,-0.0306108258664608,0.0186326764523983
1890445145912,0.8559271097183228,-9.798270225524902,0.9421183466911316,0.0508405901491642,-0.0340711809694767,0.02502102218568325
1890446383225,0.8535329103469849,-9.792284965515137,0.9540894031524658,0.0513729527592659,-0.0338049978017807,0.02608574740588665
1890447620500,0.9074024558067322,-9.78869342803955,0.9229647517204285,0.0519053116440773,-0.0327402763068676,0.0215606689453125
1890448857825,0.8619126081466675,-9.794679641723633,0.9313444495201111,0.0503082275390625,-0.0362006276845932,0.0263519287109375
1890450095100,0.8583213090896606,-9.797073364257812,0.9373299479484558,0.04791259765625,-0.0367329902946949,0.0263519287109375
1890451332400,0.8798691034317017,-9.830592155456543,0.9133879542350769,0.0556318499147892,-0.0351359061896801,0.02022976242005825
1890452569700,0.8810662031173706,-9.805453300476074,0.9074024558067322,0.0532362200319767,-0.0330064557492733,0.02022976242005825
1890453807000,0.9169792532920837,-9.780314445495605,0.9026140570640564,0.0543009415268898,-0.0367329902946949,0.02608574740588665
1890455044300,0.8738836050033569,-9.80904483795166,0.9181763529777527,0.0513729527592659,-0.038330078125,0.0268842913210392
1890456281600,0.8738836050033569,-9.771934509277344,0.9349357485771179,0.0500420443713665,-0.0367329902946949,0.02608574740588665
1890457518900,0.871489405632019,-9.757569313049316,0.9469068050384521,0.0500420443713665,-0.0375315360724926,0.02076212503015995
1890458756200,0.8834604620933533,-9.769539833068848,0.9576807022094727,0.0487111397087574,-0.0340711809694767,0.01996358297765255
1890459993500,0.8667010068893433,-9.795876502990723,0.950498104095459,0.0521714948117733,-0.0356682650744915,0.0244886614382267
1890461230787,0.8918401598930359,-9.789891242980957,0.93254154920578,0.0529700368642807,-0.0367329902946949,0.023956298828125
1890462468100,0.9038111567497253,-9.836577415466309,0.9361328482627869,0.0569627545773983,-0.0404595248401165,0.0258195661008358
1890463705400,0.9097966551780701,-9.822212219238281,0.9026140570640564,0.0529700368642807,-0.0375315360724926,0.02741665206849575
1890464942687,0.8702923059463501,-9.819818496704102,0.9229647517204285,0.0463155098259449,-0.0346035435795784,0.02262539230287075
1890466179987,0.8786720037460327,-9.838972091674805,0.9588778018951416,0.0489773228764534,-0.0372653529047966,0.0186326764523983
1890467417287,0.8678981065750122,-9.807847023010254,0.9696516990661621,0.0495096817612648,-0.0412580706179142,0.02076212503015995
1890468654587,0.8822633624076843,-9.81263542175293,0.9612720012664795,0.0519053116440773,-0.0346035435795784,0.0223592109978199
1890469891875,0.8643068075180054,-9.817423820495605,0.9074024558067322,0.052437674254179,-0.0338049978017807,0.02422248013317585
1890471129187,0.8786720037460327,-9.832986831665039,0.9253589510917664,0.047646414488554,-0.0399271659553051,0.02022976242005825
1890472366475,0.9002198576927185,-9.828198432922363,0.9433155059814453,0.0513729527592659,-0.0415242500603199,0.02661811001598835
1890473603787,0.8439561128616333,-9.847352027893066,0.9457097053527832,0.0503082275390625,-0.0372653529047966,0.02369011752307415
1890474841087,0.8810662031173706,-9.859322547912598,0.973242998123169,0.0473802350461483,-0.0367329902946949,0.0181003138422966
1890476078400,0.8248025178909302,-9.783905029296875,0.9385270476341248,0.0481787770986557,-0.0385962575674057,0.02022976242005825
1890477315687,0.8535329103469849,-9.858125686645508,0.9744400978088379,0.0500420443713665,-0.038063894957304,0.02129448764026165
1890478552975,0.8451532125473022,-9.836577415466309,1.0307037830352783,0.0492435023188591,-0.0369991734623909,0.0258195661008358
1890479790287,0.8655039072036743,-9.838972091674805,0.9469068050384521,0.0447184219956398,-0.0399271659553051,0.0228915736079216
1890481027575,0.8786720037460327,-9.815030097961426,0.9756371974945068,0.0489773228764534,-0.0399271659553051,0.0210283063352108
1890482264887,0.851138710975647,-9.832986831665039,0.9588778018951416,0.04791259765625,-0.0399271659553051,0.02661811001598835
1890483502175,0.8379706144332886,-9.873687744140625,0.9792284965515137,0.0473802350461483,-0.0425889752805233,0.0223592109978199
1890484739487,0.8439561128616333,-9.877279281616211,0.9457097053527832,0.047646414488554,-0.0314093679189682,0.02794901467859745
1890485976787,0.8307880163192749,-9.830592155456543,0.9672574996948242,0.0468478724360466,-0.0393948033452034,0.02422248013317585
1890487214075,0.8918401598930359,-9.860519409179688,0.9816226959228516,0.0511067695915699,-0.0367329902946949,0.0191650390625
1890488451387,0.8643068075180054,-9.849745750427246,0.9588778018951416,0.0484449602663517,-0.0375315360724926,0.0196974016726017
1890489688675,0.851138710975647,-9.86889934539795,0.9564836025238037,0.0473802350461483,-0.0340711809694767,0.0204959437251091
1890490925975,0.8762778043746948,-9.920374870300293,0.9983820915222168,0.0439198799431324,-0.0393948033452034,0.0210283063352108
1890492163262,0.8702923059463501,-9.859322547912598,0.973242998123169,0.0433875173330307,-0.042855154722929,0.0210283063352108
1890493400562,0.8571242094039917,-9.871294021606445,0.9696516990661621,0.0484449602663517,-0.0423227921128273,0.0247548408806324
1890494637875,0.8248025178909302,-9.90361499786377,0.9768342971801758,0.0444522425532341,-0.0420566126704216,0.02661811001598835
1890495875175,0.8810662031173706,-9.858125686645508,0.9564836025238037,0.0481787770986557,-0.0449846051633358,0.0220930315554142
1890497112475,0.8535329103469849,-9.850942611694336,0.9780313968658447,0.0465816929936409,-0.0412580706179142,0.01889885775744915
1890498349775,0.828393816947937,-9.872490882873535,0.9684545993804932,0.0393948033452034,-0.0369991734623909,0.02182685025036335
1890499587062,0.8331822156906128,-9.907206535339355,0.9864110946655273,0.0409918874502182,-0.033272635191679,0.0228915736079216
1890500824362,0.8463503122329712,-9.9000244140625,0.9660604000091553,0.0407257080078125,-0.0420566126704216,0.023956298828125
1890502061675,0.8439561128616333,-9.886856079101562,0.9277531504631042,0.0423227921128273,-0.0444522425532341,0.01996358297765255
1890503298975,0.8559271097183228,-9.907206535339355,0.9792284965515137,0.038330078125,-0.0359344482421875,0.0204959437251091
1890504536250,0.8451532125473022,-9.911994934082031,1.0055646896362305,0.0356682650744915,-0.0399271659553051,0.0215606689453125
1890505773550,0.8750807046890259,-9.861717224121094,0.9852139949798584,0.0362006276845932,-0.0417904332280159,0.0244886614382267
1890507010862,0.8643068075180054,-9.885659217834473,0.9876081943511963,0.042855154722929,-0.0367329902946949,0.0173017717897892
1890508248150,0.8248025178909302,-9.877279281616211,0.9923965930938721,0.0420566126704216,-0.0340711809694767,0.02022976242005825
1890509485462,0.8271967172622681,-9.860519409179688,0.9876081943511963,0.0391286201775074,-0.0409918874502182,0.01996358297765255
1890510722737,0.8200140595436096,-9.892841339111328,1.0199298858642578,0.0346035435795784,-0.038063894957304,0.0210283063352108
1890511960062,0.7936778664588928,-9.896432876586914,0.9971849918365479,0.0311431884765625,-0.0372653529047966,0.01650322787463665
1890513197362,0.8319851160049438,-9.860519409179688,0.9720458984375,0.0330064557492733,-0.0375315360724926,0.01836649514734745
1890514434675,0.8427590131759644,-9.911994934082031,1.0211269855499268,0.0364668108522892,-0.0364668108522892,0.0210283063352108
1890515671937,0.8750807046890259,-9.894038200378418,0.973242998123169,0.0356682650744915,-0.0364668108522892,0.01943122036755085
1890516909237,0.8367735147476196,-9.911994934082031,0.9971849918365479,0.0359344482421875,-0.0388624407351017,0.01650322787463665
1890518146550,0.8200140595436096,-9.885659217834473,1.0019733905792236,0.0351359061896801,-0.0385962575674057,0.01943122036755085
1890519383850,0.812831461429596,-9.897629737854004,0.9888052940368652,0.0362006276845932,-0.0364668108522892,0.02262539230287075
1890520621162,0.8379706144332886,-9.895236015319824,0.9540894031524658,0.0346035435795784,-0.0359344482421875,0.01836649514734745
1890521858437,0.8056488633155823,-9.895236015319824,0.9816226959228516,0.0327402763068676,-0.0362006276845932,0.0228915736079216
1890523095750,0.8331822156906128,-9.910798072814941,0.9720458984375,0.0338049978017807,-0.0364668108522892,0.02262539230287075
1890524333050,0.8200140595436096,-9.892841339111328,0.9816226959228516,0.0351359061896801,-0.0385962575674057,0.02022976242005825
1890525570337,0.7841010689735413,-9.939528465270996,0.9421183466911316,0.0295461006462574,-0.0346035435795784,0.01943122036755085
1890526807637,0.8080430626869202,-9.927556991577148,0.9528923034667969,0.02981228195130825,-0.033272635191679,0.0258195661008358
1890528044950,0.812831461429596,-9.882067680358887,0.9780313968658447,0.0295461006462574,-0.0364668108522892,0.02022976242005825
1890529282225,0.8595184087753296,-9.883264541625977,0.970848798751831,0.0306108258664608,-0.0348697230219841,0.02369011752307415
1890530519537,0.8391677141189575,-9.915586471557617,1.0067617893218994,0.033272635191679,-0.0330064557492733,0.0234239362180233
1890531756850,0.767341673374176,-9.920374870300293,1.0103530883789062,0.0271504707634449,-0.02874755859375,0.0204959437251091
1890532994150,0.7852981686592102,-9.897629737854004,0.9636662006378174,0.0268842913210392,-0.0351359061896801,0.02262539230287075
1890534231450,0.828393816947937,-9.90122127532959,0.970848798751831,0.02502102218568325,-0.0348697230219841,0.0247548408806324
1890535468737,0.8164227604866028,-9.886856079101562,0.99479079246521,0.0244886614382267,-0.0351359061896801,0.02315775491297245
1890536706037,0.8068459630012512,-9.9000244140625,0.9792284965515137,0.0247548408806324,-0.038330078125,0.02182685025036335
1890537943337,0.8068459630012512,-9.929951667785645,0.970848798751831,0.0244886614382267,-0.0316755510866642,0.0210283063352108
1890539180625,0.7781155705451965,-9.925163269042969,0.9911994934082031,0.0247548408806324,-0.0324740931391716,0.0223592109978199
1890540417937,0.7972691655158997,-9.919178009033203,1.0067617893218994,0.023956298828125,-0.0319417305290699,0.0167694091796875
1890541655250,0.7625532746315002,-9.90241813659668,1.0199298858642578,0.0276828333735466,-0.033272635191679,0.01836649514734745
1890542892537,0.8271967172622681,-9.890447616577148,1.0091559886932373,0.0252872034907341,-0.0362006276845932,0.01889885775744915
1890544129837,0.8271967172622681,-9.86770248413086,0.9792284965515137,0.0196974016726017,-0.0346035435795784,0.01357523538172245
1890545367137,0.7960720658302307,-9.926360130310059,1.0199298858642578,0.02022976242005825,-0.0306108258664608,0.01889885775744915
1890546604425,0.7948749661445618,-9.897629737854004,0.9445126056671143,0.01597086526453495,-0.03087700717151165,0.02262539230287075
1890547841725,0.8068459630012512,-9.917980194091797,1.0067617893218994,0.0204959437251091,-0.0292799212038517,0.0181003138422966
1890549079037,0.8367735147476196,-9.952696800231934,1.0378865003585815,0.0210283063352108,-0.02608574740588665,0.0173017717897892
1890550316325,0.8319851160049438,-9.916783332824707,0.9840168952941895,0.01357523538172245,-0.02555338479578495,0.013309055007994175
1890551553625,0.8248025178909302,-9.917980194091797,0.973242998123169,0.01463996060192585,-0.0295461006462574,0.0167694091796875
1890552790912,0.7996633648872375,-9.87967300415039,0.9911994934082031,0.0119781494140625,-0.02874755859375,0.02022976242005825
1890554028225,0.7972691655158997,-9.892841339111328,0.9911994934082031,0.01171196810901165,-0.0244886614382267,0.01703559048473835
1890555265525,0.7781155705451965,-9.892841339111328,1.013944387435913,0.01224433071911335,-0.02555338479578495,0.01783413253724575
1890556502812,0.8056488633155823,-9.915586471557617,0.9816226959228516,0.00931633822619915,-0.02874755859375,0.0186326764523983
1890557740125,0.7984662652015686,-9.87967300415039,0.973242998123169,0.008517795242369175,-0.02422248013317585,0.0157046839594841
1890558977437,0.7876923680305481,-9.9371337890625,1.0019733905792236,0.0114457868039608,-0.0247548408806324,0.013309055007994175
1890560214725,0.7960720658302307,-9.847352027893066,0.9600749015808105,0.008251613937318325,-0.0247548408806324,0.012776692397892475
1890561452025,0.8164227604866028,-9.864110946655273,0.9828197956085205,0.007453070487827063,-0.02369011752307415,0.0162370465695858
1890562689312,0.8164227604866028,-9.891644477844238,0.9911994934082031,0.00958251953125,-0.02315775491297245,0.0157046839594841
1890563926612,0.8008604645729065,-9.86770248413086,0.9744400978088379,0.007985432632267475,-0.02262539230287075,0.01703559048473835
1890565163900,0.7852981686592102,-9.86889934539795,0.9684545993804932,0.005589802749454975,-0.023956298828125,0.012776692397892475
1890566401225,0.8080430626869202,-9.865307807922363,0.9696516990661621,0.007453070487827063,-0.02981228195130825,0.0167694091796875
1890567638512,0.7996633648872375,-9.859322547912598,0.9648633003234863,0.0063883461989462376,-0.0263519287109375,0.0210283063352108
1890568875812,0.7709329724311829,-9.87967300415039,0.9648633003234863,0.0015970865497365594,-0.02369011752307415,0.0181003138422966
1890570113112,0.7817068696022034,-9.885659217834473,0.9624691009521484,0.0053236219100654125,-0.02315775491297245,0.01943122036755085
1890571350412,0.8152256608009338,-9.862914085388184,0.9696516990661621,0.0018632676219567657,-0.0204959437251091,0.01463996060192585
1890572587700,0.7805097699165344,-9.890447616577148,0.9720458984375,0.00452507846057415,-0.02022976242005825,0.01703559048473835
1890573825000,0.7912836670875549,-9.883264541625977,0.9744400978088379,0.003460354171693325,-0.02076212503015995,0.01889885775744915
1890575062325,0.8104372620582581,-9.87967300415039,1.01753568649292,0.0026618109550327063,-0.01943122036755085,0.0210283063352108
1890576299612,0.8224083185195923,-9.870096206665039,0.9600749015808105,0.004791259765625,-0.0210283063352108,0.0191650390625
1890577536900,0.8188169598579407,-9.84615421295166,0.9744400978088379,0.0021294488105922937,-0.01836649514734745,0.01783413253724575
1890578774200,0.8020575642585754,-9.859322547912598,1.0019733905792236,-0.003460354171693325,-0.01650322787463665,0.0210283063352108
1890580011525,0.811634361743927,-9.872490882873535,0.9612720012664795,-0.007453070487827063,-0.02369011752307415,0.0167694091796875
1890581248800,0.812831461429596,-9.859322547912598,0.9672574996948242,-0.0010647244052961469,-0.01996358297765255,0.0191650390625
1890582486100,0.7936778664588928,-9.896432876586914,0.9624691009521484,0.0005323622026480734,-0.01836649514734745,0.02022976242005825
1890583723412,0.828393816947937,-9.847352027893066,0.9983820915222168,0.0010647244052961469,-0.0196974016726017,0.01889885775744915
1890584960712,0.7984662652015686,-9.859322547912598,0.9900023937225342,-0.0002661811013240367,-0.0186326764523983,0.0191650390625
1890586198012,0.8008604645729065,-9.880870819091797,0.9648633003234863,-0.0010647244052961469,-0.01836649514734745,0.0228915736079216
1890587435287,0.8176198601722717,-9.817423820495605,0.9672574996948242,-0.0005323622026480734,-0.01650322787463665,0.02315775491297245
1890588672587,0.8307880163192749,-9.854534149169922,0.9696516990661621,-0.0029279920272529125,-0.01463996060192585,0.0191650390625
1890589909900,0.8104372620582581,-9.860519409179688,0.9864110946655273,-0.0002661811013240367,-0.01783413253724575,0.0215606689453125
1890591147212,0.7781155705451965,-9.847352027893066,0.9876081943511963,-0.008251613937318325,-0.01889885775744915,0.023956298828125
1890592384500,0.828393816947937,-9.831789016723633,0.970848798751831,-0.008251613937318325,-0.0162370465695858,0.01996358297765255
1890593621800,0.8056488633155823,-9.86889934539795,0.9804255962371826,-0.006122165359556675,-0.01756795309484005,0.0215606689453125
1890594859100,0.767341673374176,-9.824606895446777,0.9564836025238037,-0.0039927163161337376,-0.0191650390625,0.01650322787463665
1890596096400,0.7972691655158997,-9.835380554199219,0.970848798751831,-0.0013309054775163531,-0.014906140975654125,0.014373779296875
1890597333700,0.8391677141189575,-9.817423820495605,0.94930100440979,-0.007453070487827063,-0.0138414166867733,0.0173017717897892
1890598571012,0.7841010689735413,-9.822212219238281,0.9133879542350769,-0.008783976547420025,-0.0196974016726017,0.01756795309484005
1890599808312,0.7805097699165344,-9.817423820495605,0.9552865028381348,-0.012776692397892475,-0.0119781494140625,0.014906140975654125
1890601045600,0.7924807667732239,-9.871294021606445,0.9421183466911316,-0.00931633822619915,-0.00984870083630085,0.01463996060192585
1890602282887,0.7793126702308655,-9.86889934539795,0.9229647517204285,-0.01224433071911335,-0.01650322787463665,0.010381062515079975
1890603520212,0.8212112188339233,-9.859322547912598,0.912190854549408,-0.013309055007994175,-0.02076212503015995,0.015438503585755825
1890604757487,0.8463503122329712,-9.837775230407715,0.9265560507774353,-0.010913425125181675,-0.01410759799182415,0.010381062515079975
1890605994800,0.7912836670875549,-9.853337287902832,0.950498104095459,-0.01171196810901165,-0.012776692397892475,0.01117960549890995
1890607232100,0.7960720658302307,-9.821015357971191,0.9660604000091553,-0.01224433071911335,-0.014373779296875,0.01171196810901165
1890608469387,0.8355764150619507,-9.855731010437012,0.9528923034667969,-0.014906140975654125,-0.01171196810901165,0.0119781494140625
1890609706700,0.7984662652015686,-9.841365814208984,0.9660604000091553,-0.010647243820130825,-0.010381062515079975,0.007985432632267475
1890610943987,0.8271967172622681,-9.885659217834473,0.9145850539207458,-0.0196974016726017,-0.00692070834338665,0.01171196810901165
1890612181300,0.811634361743927,-9.837775230407715,0.9840168952941895,-0.0162370465695858,-0.0114457868039608,0.013309055007994175
1890613418600,0.8224083185195923,-9.849745750427246,0.9421183466911316,-0.01463996060192585,-0.010913425125181675,0.0114457868039608
1890614655900,0.7912836670875549,-9.84376049041748,0.9433155059814453,-0.02022976242005825,-0.0071868896484375,0.01597086526453495
1890615893200,0.8152256608009338,-9.852140426635742,0.9421183466911316,-0.0173017717897892,-0.005589802749454975,0.008783976547420025
1890617130500,0.8271967172622681,-9.892841339111328,0.9397241473197937,-0.01410759799182415,-0.010913425125181675,0.010647243820130825
1890618367787,0.7709329724311829,-9.84256362915039,0.9253589510917664,-0.0181003138422966,-0.013309055007994175,0.014906140975654125
1890619605100,0.7924807667732239,-9.837775230407715,0.9564836025238037,-0.013042873702943325,-0.007453070487827063,0.008517795242369175
1890620842425,0.8475474119186401,-9.793481826782227,0.9361328482627869,-0.0196974016726017,-0.007985432632267475,0.008251613937318325
1890622079687,0.8248025178909302,-9.818621635437012,0.9588778018951416,-0.0215606689453125,-0.012510511092841625,0.00931633822619915
1890623317000,0.7793126702308655,-9.838972091674805,0.9373299479484558,-0.02076212503015995,-0.010913425125181675,0.007453070487827063
1890624554287,0.8020575642585754,-9.816226959228516,1.0007762908935547,-0.01117960549890995,-0.0071868896484375,0.008251613937318325
1890625791600,0.829590916633606,-9.800664901733398,0.9445126056671143,-0.015172322280704975,-0.010114881210029125,0.0066545275039970875
1890627028900,0.8798691034317017,-9.821015357971191,0.8918401598930359,-0.01650322787463665,-0.00958251953125,0.005855984054505825
1890628266200,0.8068459630012512,-9.77672290802002,0.9169792532920837,-0.01836649514734745,-0.005589802749454975,0.010647243820130825
1890629503512,0.8391677141189575,-9.805453300476074,0.9469068050384521,-0.01836649514734745,-0.00452507846057415,0.0053236219100654125
1890630740812,0.8140285611152649,-9.830592155456543,0.9552865028381348,-0.0228915736079216,-0.005589802749454975,0.003460354171693325
1890631978100,0.8248025178909302,-9.819818496704102,0.9313444495201111,-0.01836649514734745,-0.00692070834338665,0.00452507846057415
1890633215387,0.7984662652015686,-9.823410034179688,0.9169792532920837,-0.014373779296875,-0.0071868896484375,0.0071868896484375
1890634452687,0.8271967172622681,-9.78869342803955,0.9397241473197937,-0.01597086526453495,-0.003460354171693325,0.0063883461989462376
1890635690000,0.8140285611152649,-9.805453300476074,0.9002198576927185,-0.01463996060192585,-0.0077192517928779125,0.0021294488105922937
1890636927300,0.7948749661445618,-9.815030097961426,0.9217676520347595,-0.01783413253724575,-0.004791259765625,0.0029279920272529125
1890638164600,0.8200140595436096,-9.829395294189453,0.9205705523490906,-0.0196974016726017,-0.008517795242369175,0.00452507846057415
1890639401912,0.7972691655158997,-9.785102844238281,0.8954314589500427,-0.01597086526453495,-0.00452507846057415,0.003460354171693325
1890640639200,0.8080430626869202,-9.786299705505371,0.9540894031524658,-0.01889885775744915,-0.0053236219100654125,0.0002661811013240367
1890641876500,0.7793126702308655,-9.781511306762695,0.9457097053527832,-0.01836649514734745,-0.008783976547420025,0.0015970865497365594
1890643113800,0.8020575642585754,-9.780314445495605,0.9157821536064148,-0.01783413253724575,-0.0066545275039970875,0.0021294488105922937
1890644351100,0.8188169598579407,-9.771934509277344,0.9301473498344421,-0.014373779296875,-0.0037265352439135313,0.0005323622026480734
1890645588400,0.8403648138046265,-9.75158405303955,0.9133879542350769,-0.01410759799182415,-0.0026618109550327063,0.0029279920272529125
1890646825700,0.8343793153762817,-9.769539833068848,0.910993754863739,-0.014373779296875,-0.0015970865497365594,0.003460354171693325
1890648063000,0.8487445116043091,-9.818621635437012,0.9038111567497253,-0.01783413253724575,-0.005855984054505825,0.003460354171693325
1890649300312,0.8463503122329712,-9.77791976928711,0.9409212470054626,-0.01410759799182415,-0.0071868896484375,0.004791259765625
1890650537587,0.8343793153762817,-9.783905029296875,0.912190854549408,-0.012776692397892475,-0.0042588976211845875,0.0029279920272529125
1890651774887,0.8415619134902954,-9.768342971801758,0.9421183466911316,-0.01357523538172245,-0.0037265352439135313,0.0010647244052961469
1890653012200,0.8379706144332886,-9.764751434326172,0.9361328482627869,-0.013309055007994175,-0.010381062515079975,0.0042588976211845875
1890654249512,0.8104372620582581,-9.763554573059082,0.8966285586357117,-0.0119781494140625,-0.00452507846057415,0.0
1890655486800,0.849941611289978,-9.736021041870117,0.9457097053527832,-0.0162370465695858,-0.005855984054505825,0.0015970865497365594
1890656724100,0.8319851160049438,-9.75158405303955,0.889445960521698,-0.01650322787463665,-0.005855984054505825,0.0002661811013240367
1890657961387,0.8200140595436096,-9.746795654296875,0.8834604620933533,-0.010647243820130825,-0.006122165359556675,0.0021294488105922937
1890659198725,0.872686505317688,-9.733627319335938,0.9241618514060974,-0.014373779296875,-0.00452507846057415,0.0077192517928779125
1890660436000,0.8463503122329712,-9.727641105651855,0.9600749015808105,-0.0119781494140625,0.0002661811013240367,0.0042588976211845875
1890661673287,0.8678981065750122,-9.733627319335938,0.9026140570640564,-0.01224433071911335,0.0,0.006122165359556675
1890662910600,0.811634361743927,-9.739612579345703,0.910993754863739,-0.010647243820130825,-0.00452507846057415,0.0039927163161337376
1890664147887,0.8415619134902954,-9.710882186889648,0.8918401598930359,-0.007985432632267475,-0.0031941730994731188,0.0007985432748682797
1890665385212,0.8619126081466675,-9.737218856811523,0.851138710975647,-0.01463996060192585,-0.003460354171693325,0.0010647244052961469
1890666622487,0.8152256608009338,-9.750386238098145,0.9205705523490906,-0.0119781494140625,-0.006122165359556675,0.0037265352439135313
1890667859812,0.8631097078323364,-9.749189376831055,0.888248860836029,-0.008517795242369175,-0.0026618109550327063,0.0013309054775163531
1890669097087,0.8523358106613159,-9.747992515563965,0.8990227580070496,-0.0138414166867733,-0.0026618109550327063,0.0029279920272529125
1890670334412,0.8056488633155823,-9.757569313049316,0.9133879542350769,-0.01117960549890995,-0.005589802749454975,0.0037265352439135313
1890671571712,0.8259996175765991,-9.738415718078613,0.912190854549408,-0.0026618109550327063,-0.006122165359556675,0.0037265352439135313
1890672809000,0.8559271097183228,-9.706093788146973,0.9169792532920837,-0.0021294488105922937,-0.0015970865497365594,0.0015970865497365594
1890674046300,0.849941611289978,-9.702502250671387,0.9205705523490906,-0.008251613937318325,0.0005323622026480734,0.0013309054775163531
1890675283600,0.8200140595436096,-9.744400978088379,0.9085995554924011,-0.0071868896484375,-0.0023956298828125,0.0018632676219567657
1890676520900,0.828393816947937,-9.7420072555542,0.9169792532920837,-0.0042588976211845875,-0.006122165359556675,-0.0023956298828125
1890677758200,0.8439561128616333,-9.756372451782227,0.9085995554924011,-0.0013309054775163531,-0.006122165359556675,0.005057440605014563
1890678995512,0.8607155084609985,-9.739612579345703,0.871489405632019,-0.0021294488105922937,-0.0031941730994731188,-0.0002661811013240367
1890680232800,0.871489405632019,-9.734824180603027,0.9469068050384521,-0.0013309054775163531,-0.003460354171693325,-0.0010647244052961469
1890681470112,0.8607155084609985,-9.750386238098145,0.8954314589500427,0.0021294488105922937,0.0015970865497365594,0.0026618109550327063
1890682707387,0.8846575617790222,-9.744400978088379,0.9612720012664795,0.0010647244052961469,0.0,0.0029279920272529125
1890683944700,0.871489405632019,-9.75397777557373,0.9241618514060974,0.0010647244052961469,-0.0013309054775163531,0.0018632676219567657
1890685182000,0.8487445116043091,-9.7420072555542,0.9026140570640564,0.0053236219100654125,-0.0037265352439135313,0.0013309054775163531
1890686419325,0.8439561128616333,-9.761160850524902,0.8942343592643738,0.0063883461989462376,-0.0077192517928779125,0.0013309054775163531
1890687656600,0.8834604620933533,-9.75397777557373,0.8667010068893433,0.0,-0.00452507846057415,0.0039927163161337376
1890688893912,0.9085995554924011,-9.714473724365234,0.9026140570640564,0.00692070834338665,-0.005057440605014563,0.0013309054775163531
1890690131212,0.8834604620933533,-9.767146110534668,0.9062053561210632,0.005057440605014563,-0.0010647244052961469,-0.0031941730994731188
1890691368487,0.871489405632019,-9.736021041870117,0.888248860836029,0.007453070487827063,0.0026618109550327063,0.0
1890692605800,0.851138710975647,-9.739612579345703,0.8942343592643738,0.00692070834338665,-0.0007985432748682797,0.0029279920272529125
1890693843112,0.9026140570640564,-9.765949249267578,0.9289502501487732,0.0066545275039970875,-0.0029279920272529125,0.0
1890695080400,0.8547300100326538,-9.740809440612793,0.9205705523490906,0.005057440605014563,-0.005855984054505825,-0.004791259765625
1890696317712,0.8559271097183228,-9.733627319335938,0.9457097053527832,0.00984870083630085,-0.0039927163161337376,-0.0002661811013240367
1890697555000,0.8619126081466675,-9.712079048156738,0.9253589510917664,0.010647243820130825,-0.0023956298828125,0.0066545275039970875
1890698792300,0.871489405632019,-9.716867446899414,0.9133879542350769,0.00984870083630085,-0.0015970865497365594,0.0005323622026480734
1890700029612,0.872686505317688,-9.769539833068848,0.8870517611503601,0.012510511092841625,-0.0015970865497365594,0.0015970865497365594
1890701266900,0.8643068075180054,-9.72285270690918,0.9301473498344421,0.00958251953125,-0.00931633822619915,0.0021294488105922937
1890702504200,0.871489405632019,-9.767146110534668,0.8870517611503601,0.0138414166867733,-0.0119781494140625,0.0002661811013240367
1890703741512,0.8750807046890259,-9.767146110534668,0.8810662031173706,0.01836649514734745,-0.0026618109550327063,0.0015970865497365594
1890704978812,0.8846575617790222,-9.737218856811523,0.9253589510917664,0.0162370465695858,-0.0005323622026480734,0.0005323622026480734
1890706216125,0.8690952062606812,-9.756372451782227,0.8954314589500427,0.01650322787463665,-0.0071868896484375,0.0007985432748682797
1890707453400,0.9265560507774353,-9.769539833068848,0.9349357485771179,0.01756795309484005,-0.00692070834338665,0.0029279920272529125
1890708690712,0.9265560507774353,-9.78869342803955,0.8822633624076843,0.012776692397892475,-0.0042588976211845875,-0.0010647244052961469
1890709928012,0.8690952062606812,-9.774328231811523,0.9253589510917664,0.01836649514734745,-0.003460354171693325,0.0005323622026480734
1890711165300,0.8798691034317017,-9.791088104248047,0.8906430602073669,0.0210283063352108,-0.005057440605014563,0.0013309054775163531
1890712402612,0.8643068075180054,-9.789891242980957,0.9169792532920837,0.0215606689453125,-0.0042588976211845875,-0.0007985432748682797
1890713639925,0.8690952062606812,-9.750386238098145,0.9133879542350769,0.01996358297765255,-0.0042588976211845875,0.0013309054775163531
1890714877212,0.872686505317688,-9.785102844238281,0.9457097053527832,0.0191650390625,-0.0023956298828125,0.0031941730994731188
1890716114512,0.8690952062606812,-9.78869342803955,0.9241618514060974,0.02076212503015995,-0.007453070487827063,0.0021294488105922937
1890717351825,0.8870517611503601,-9.783905029296875,0.9169792532920837,0.01996358297765255,-0.005057440605014563,0.0018632676219567657
1890718589112,0.8463503122329712,-9.805453300476074,0.9169792532920837,0.01836649514734745,-0.0039927163161337376,-0.0007985432748682797
1890719826425,0.8762778043746948,-9.781511306762695,0.888248860836029,0.0220930315554142,-0.0077192517928779125,-0.005855984054505825
1890721063712,0.871489405632019,-9.81263542175293,0.9301473498344421,0.0247548408806324,-0.008251613937318325,-0.007453070487827063
1890722301025,0.8906430602073669,-9.797073364257812,0.9014169573783875,0.02315775491297245,-0.010114881210029125,-0.0013309054775163531
1890723538300,0.888248860836029,-9.799468040466309,0.871489405632019,0.01889885775744915,-0.01171196810901165,-0.0042588976211845875
1890724775600,0.8978256583213806,-9.827000617980957,0.9133879542350769,0.01783413253724575,-0.0063883461989462376,-0.004791259765625
1890726012925,0.8966285586357117,-9.831789016723633,0.9205705523490906,0.01703559048473835,-0.005855984054505825,-0.01171196810901165
1890727250212,0.9074024558067322,-9.847352027893066,0.9193734526634216,0.01996358297765255,-0.005855984054505825,-0.0042588976211845875
1890728487525,0.8954314589500427,-9.780314445495605,0.9301473498344421,0.0228915736079216,-0.007453070487827063,-0.0021294488105922937
1890729724812,0.8906430602073669,-9.819818496704102,0.9409212470054626,0.02076212503015995,-0.0029279920272529125,-0.00984870083630085
1890730962112,0.9038111567497253,-9.800664901733398,0.9145850539207458,0.023956298828125,-0.006122165359556675,-0.0042588976211845875
1890732199437,0.8918401598930359,-9.830592155456543,0.9133879542350769,0.02076212503015995,-0.0077192517928779125,-0.0039927163161337376
1890733436725,0.8846575617790222,-9.824606895446777,0.8978256583213806,0.0204959437251091,-0.014373779296875,-0.0063883461989462376
1890734674037,0.851138710975647,-9.762357711791992,0.8954314589500427,0.02076212503015995,-0.01171196810901165,-0.010114881210029125
1890735911325,0.8523358106613159,-9.828198432922363,0.8858546614646912,0.02076212503015995,-0.00958251953125,-0.013309055007994175
1890737148637,0.9385270476341248,-9.827000617980957,0.9421183466911316,0.02608574740588665,-0.0077192517928779125,-0.0071868896484375
1890738385937,0.9205705523490906,-9.803058624267578,0.9361328482627869,0.0244886614382267,-0.008517795242369175,-0.0053236219100654125
1890739623212,0.8678981065750122,-9.793481826782227,0.9241618514060974,0.01783413253724575,-0.012776692397892475,-0.0037265352439135313
1890740860525,0.8535329103469849,-9.821015357971191,0.9528923034667969,0.0210283063352108,-0.010647243820130825,-0.0090501569211483
1890742097837,0.8678981065750122,-9.805453300476074,0.9277531504631042,0.02741665206849575,-0.010647243820130825,-0.007453070487827063
1890743335125,0.8954314589500427,-9.81024169921875,0.93254154920578,0.02422248013317585,-0.01171196810901165,-0.0023956298828125
1890744572425,0.8930372595787048,-9.782708168029785,0.9038111567497253,0.02555338479578495,-0.010114881210029125,-0.0002661811013240367
1890745809725,0.8643068075180054,-9.805453300476074,0.889445960521698,0.0220930315554142,-0.0119781494140625,-0.010647243820130825
1890747047037,0.8667010068893433,-9.803058624267578,0.8978256583213806,0.0204959437251091,-0.0186326764523983,-0.010381062515079975
1890748284337,0.8906430602073669,-9.800664901733398,0.8870517611503601,0.0220930315554142,-0.01756795309484005,-0.01117960549890995
1890749521612,0.8655039072036743,-9.780314445495605,0.9145850539207458,0.02555338479578495,-0.0119781494140625,-0.0071868896484375
1890750758912,0.889445960521698,-9.795876502990723,0.9409212470054626,0.023956298828125,-0.015438503585755825,-0.010381062515079975
1890751996237,0.8942343592643738,-9.81024169921875,0.9469068050384521,0.0215606689453125,-0.010114881210029125,-0.008783976547420025
1890753233537,0.8331822156906128,-9.818621635437012,0.9265560507774353,0.0173017717897892,-0.0077192517928779125,-0.01171196810901165
1890754470837,0.8535329103469849,-9.81263542175293,0.9229647517204285,0.01943122036755085,-0.012776692397892475,-0.010114881210029125
1890755708125,0.8858546614646912,-9.818621635437012,0.9097966551780701,0.0223592109978199,-0.014373779296875,-0.0063883461989462376
1890756945437,0.9181763529777527,-9.819818496704102,0.9313444495201111,0.0223592109978199,-0.0162370465695858,-0.0071868896484375
1890758182737,0.8643068075180054,-9.815030097961426,0.9433155059814453,0.0204959437251091,-0.01836649514734745,-0.0037265352439135313
1890759420050,0.871489405632019,-9.837775230407715,0.9097966551780701,0.01650322787463665,-0.012510511092841625,-0.00958251953125
1890760657337,0.8678981065750122,-9.856928825378418,0.910993754863739,0.0204959437251091,-0.0114457868039608,-0.010381062515079975
1890761894650,0.872686505317688,-9.841365814208984,0.910993754863739,0.02182685025036335,-0.01463996060192585,-0.00984870083630085
1890763131937,0.8858546614646912,-9.815030097961426,0.9085995554924011,0.0191650390625,-0.0114457868039608,-0.01117960549890995
1890764369250,0.8990227580070496,-9.830592155456543,0.9373299479484558,0.01650322787463665,-0.012510511092841625,-0.00931633822619915
1890765606550,0.8690952062606812,-9.848548889160156,0.9636662006378174,0.015172322280704975,-0.014906140975654125,-0.010913425125181675
1890766843837,0.889445960521698,-9.806650161743164,0.9205705523490906,0.0191650390625,-0.014906140975654125,-0.008783976547420025
1890768081150,0.8954314589500427,-9.894038200378418,0.9253589510917664,0.0186326764523983,-0.0173017717897892,-0.005589802749454975
1890769318450,0.8678981065750122,-9.855731010437012,0.9409212470054626,0.0196974016726017,-0.01943122036755085,-0.0039927163161337376
1890770555750,0.9074024558067322,-9.852140426635742,0.8930372595787048,0.01703559048473835,-0.014373779296875,-0.008251613937318325
1890771793025,0.8774749040603638,-9.870096206665039,0.9289502501487732,0.0162370465695858,-0.01410759799182415,-0.00692070834338665
1890773030350,0.8176198601722717,-9.877279281616211,0.9421183466911316,0.01889885775744915,-0.01783413253724575,-0.01117960549890995
1890774267650,0.8595184087753296,-9.848548889160156,0.9253589510917664,0.01943122036755085,-0.013309055007994175,-0.015438503585755825
1890775504962,0.8702923059463501,-9.856928825378418,0.970848798751831,0.012510511092841625,-0.01943122036755085,-0.007453070487827063
1890776742250,0.8834604620933533,-9.854534149169922,0.9097966551780701,0.01597086526453495,-0.01650322787463665,-0.006122165359556675
1890777979550,0.8631097078323364,-9.84495735168457,0.9481039047241211,0.0162370465695858,-0.01703559048473835,-0.0053236219100654125
1890779216862,0.8678981065750122,-9.805453300476074,0.9265560507774353,0.01650322787463665,-0.0167694091796875,-0.00692070834338665
1890780454150,0.8463503122329712,-9.840168952941895,0.8930372595787048,0.0162370465695858,-0.01597086526453495,-0.005855984054505825
1890781691475,0.8547300100326538,-9.837775230407715,0.9157821536064148,0.01463996060192585,-0.01703559048473835,-0.0063883461989462376
1890782928762,0.8786720037460327,-9.829395294189453,0.9397241473197937,0.01650322787463665,-0.014373779296875,-0.0042588976211845875
1890784166062,0.8619126081466675,-9.848548889160156,0.912190854549408,0.01650322787463665,-0.014906140975654125,-0.005057440605014563
1890785403350,0.8415619134902954,-9.805453300476074,0.9349357485771179,0.01597086526453495,-0.01597086526453495,-0.006122165359556675
1890786640662,0.8846575617790222,-9.84615421295166,0.9612720012664795,0.01463996060192585,-0.0210283063352108,-0.005057440605014563
1890787877962,0.9193734526634216,-9.818621635437012,0.9277531504631042,0.0119781494140625,-0.0162370465695858,-0.00931633822619915
1890789115275,0.8463503122329712,-9.884461402893066,0.9229647517204285,0.0181003138422966,-0.01703559048473835,-0.0018632676219567657
1890790352575,0.8678981065750122,-9.841365814208984,0.9648633003234863,0.01836649514734745,-0.0157046839594841,-0.0026618109550327063
1890791589875,0.9062053561210632,-9.84256362915039,0.8906430602073669,0.013309055007994175,-0.0157046839594841,-0.0039927163161337376
1890792827162,0.888248860836029,-9.836577415466309,0.9313444495201111,0.0114457868039608,-0.012776692397892475,-0.008517795242369175
1890794064475,0.8750807046890259,-9.825803756713867,0.9696516990661621,0.0157046839594841,-0.015172322280704975,-0.007453070487827063
1890795301762,0.8762778043746948,-9.84376049041748,0.9217676520347595,0.0157046839594841,-0.01357523538172245,-0.0018632676219567657
1890796539087,0.8774749040603638,-9.852140426635742,0.9528923034667969,0.014373779296875,-0.01357523538172245,-0.0031941730994731188
1890797776375,0.8643068075180054,-9.854534149169922,0.9409212470054626,0.013309055007994175,-0.015438503585755825,-0.006122165359556675
1890799013675,0.8678981065750122,-9.80904483795166,0.9780313968658447,0.010114881210029125,-0.015438503585755825,-0.007985432632267475
1890800250975,0.8690952062606812,-9.837775230407715,0.9576807022094727,0.0157046839594841,-0.00984870083630085,-0.0066545275039970875
1890801488287,0.812831461429596,-9.852140426635742,0.9229647517204285,0.014906140975654125,-0.01410759799182415,-0.004791259765625
1890802725562,0.8559271097183228,-9.8784761428833,0.9600749015808105,0.014373779296875,-0.0157046839594841,-0.005855984054505825
1890803962875,0.8475474119186401,-9.852140426635742,0.9684545993804932,0.012510511092841625,-0.0119781494140625,-0.005855984054505825
1890805200187,0.8954314589500427,-9.835380554199219,0.9516952037811279,0.0119781494140625,-0.01224433071911335,-0.005589802749454975
1890806437500,0.8523358106613159,-9.835380554199219,0.9217676520347595,0.0066545275039970875,-0.01463996060192585,-0.0023956298828125
1890807674787,0.8164227604866028,-9.896432876586914,0.9828197956085205,0.012510511092841625,-0.0119781494140625,-0.0042588976211845875
1890808912100,0.8391677141189575,-9.853337287902832,0.9002198576927185,0.01597086526453495,-0.010381062515079975,-0.0037265352439135313
1890810149362,0.8319851160049438,-9.831789016723633,0.9469068050384521,0.01410759799182415,-0.015438503585755825,-0.0026618109550327063
1890811386700,0.8475474119186401,-9.799468040466309,0.9624691009521484,0.00958251953125,-0.007985432632267475,-0.0063883461989462376
1890812623987,0.8643068075180054,-9.836577415466309,0.9780313968658447,0.01597086526453495,-0.0167694091796875,-0.0071868896484375
1890813861287,0.8846575617790222,-9.84615421295166,0.9588778018951416,0.0114457868039608,-0.0162370465695858,-0.0026618109550327063
1890815098587,0.8200140595436096,-9.870096206665039,0.9253589510917664,0.010381062515079975,-0.014373779296875,-0.0010647244052961469
1890816335887,0.8966285586357117,-9.86889934539795,0.94930100440979,0.01171196810901165,-0.0090501569211483,-0.0021294488105922937
1890817573187,0.8008604645729065,-9.854534149169922,0.9433155059814453,0.010381062515079975,-0.008517795242369175,0.0
1890818810487,0.8307880163192749,-9.838972091674805,0.912190854549408,0.01171196810901165,-0.0114457868039608,-0.0063883461989462376
1890820047787,0.8427590131759644,-9.836577415466309,0.9923965930938721,0.008517795242369175,-0.0119781494140625,-0.005589802749454975
1890821285075,0.8463503122329712,-9.819818496704102,0.9744400978088379,0.010381062515079975,-0.013309055007994175,-0.0026618109550327063
1890822522387,0.8463503122329712,-9.835380554199219,0.9409212470054626,0.0090501569211483,-0.008517795242369175,-0.00984870083630085
1890823759700,0.8367735147476196,-9.821015357971191,0.9457097053527832,0.00984870083630085,-0.0090501569211483,-0.0029279920272529125
1890824996987,0.8152256608009338,-9.81143856048584,0.9600749015808105,0.01171196810901165,-0.0138414166867733,0.004791259765625
1890826234287,0.8559271097183228,-9.818621635437012,0.9528923034667969,0.010381062515079975,-0.01410759799182415,-0.0021294488105922937
1890827471587,0.8188169598579407,-9.804256439208984,0.9385270476341248,0.008251613937318325,-0.0071868896484375,-0.005855984054505825
1890828708887,0.8367735147476196,-9.829395294189453,0.9600749015808105,0.01117960549890995,-0.00692070834338665,-0.00931633822619915
1890829946200,0.8475474119186401,-9.821015357971191,0.9552865028381348,0.0071868896484375,-0.00984870083630085,-0.008251613937318325
1890831183487,0.8451532125473022,-9.803058624267578,0.9361328482627869,0.0077192517928779125,-0.0053236219100654125,-0.007985432632267475
1890832420800,0.8236054182052612,-9.837775230407715,0.9361328482627869,0.0077192517928779125,-0.008783976547420025,-0.008783976547420025
1890833658125,0.8331822156906128,-9.822212219238281,0.8966285586357117,0.010114881210029125,-0.0114457868039608,-0.004791259765625
1890834895437,0.8427590131759644,-9.823410034179688,0.9241618514060974,0.0066545275039970875,-0.005057440605014563,-0.003460354171693325
1890836132712,0.829590916633606,-9.818621635437012,0.910993754863739,0.0119781494140625,-0.00692070834338665,-0.0013309054775163531
1890837370012,0.8439561128616333,-9.783905029296875,0.9229647517204285,0.010647243820130825,-0.010381062515079975,-0.0042588976211845875
1890838607312,0.8092401623725891,-9.800664901733398,0.9193734526634216,0.0071868896484375,-0.00692070834338665,-0.0010647244052961469
1890839844612,0.8690952062606812,-9.822212219238281,0.9672574996948242,0.0077192517928779125,-0.0013309054775163531,-0.0013309054775163531
1890841081912,0.8678981065750122,-9.813833236694336,0.9265560507774353,0.0071868896484375,0.0023956298828125,-0.0029279920272529125
1890842319225,0.8188169598579407,-9.807847023010254,0.9457097053527832,0.0066545275039970875,-0.0023956298828125,-0.0023956298828125
1890843556512,0.8271967172622681,-9.86770248413086,0.9564836025238037,0.00692070834338665,-0.006122165359556675,-0.006122165359556675
1890844793825,0.8403648138046265,-9.871294021606445,0.8966285586357117,0.0071868896484375,-0.0029279920272529125,0.0
1890846031125,0.8212112188339233,-9.822212219238281,0.9672574996948242,0.0053236219100654125,0.0007985432748682797,-0.0013309054775163531
1890847268425,0.8427590131759644,-9.819818496704102,0.94930100440979,0.0015970865497365594,0.0002661811013240367,-0.004791259765625
1890848505712,0.8188169598579407,-9.853337287902832,0.9636662006378174,0.006122165359556675,-0.0029279920272529125,-0.0053236219100654125
1890849743037,0.8487445116043091,-9.860519409179688,0.9229647517204285,0.00931633822619915,-0.0002661811013240367,-0.003460354171693325
1890850980325,0.8140285611152649,-9.84495735168457,0.9277531504631042,0.005589802749454975,-0.0023956298828125,-0.0018632676219567657
1890852217637,0.7781155705451965,-9.800664901733398,0.9217676520347595,0.0063883461989462376,-0.0042588976211845875,-0.0018632676219567657
1890853454937,0.7984662652015686,-9.848548889160156,0.970848798751831,0.0071868896484375,-0.0063883461989462376,0.0031941730994731188
1890854692212,0.8798691034317017,-9.854534149169922,0.9469068050384521,0.0013309054775163531,-0.0042588976211845875,-0.00452507846057415
1890855929537,0.8750807046890259,-9.86650562286377,0.9205705523490906,0.0026618109550327063,-0.0018632676219567657,-0.0039927163161337376
1890857166837,0.8750807046890259,-9.858125686645508,0.9373299479484558,0.0053236219100654125,0.006122165359556675,-0.010913425125181675
1890858404112,0.8271967172622681,-9.870096206665039,1.0019733905792236,0.00958251953125,0.0026618109550327063,-0.004791259765625
1890859641437,0.828393816947937,-9.850942611694336,0.9528923034667969,0.0023956298828125,-0.0013309054775163531,-0.0039927163161337376
1890860878737,0.8451532125473022,-9.829395294189453,0.94930100440979,0.0031941730994731188,0.005057440605014563,-0.005855984054505825
1890862116050,0.8690952062606812,-9.834183692932129,0.9624691009521484,0.005855984054505825,-0.0018632676219567657,-0.0039927163161337376
1890863353337,0.8643068075180054,-9.828198432922363,0.9469068050384521,0.0077192517928779125,-0.0002661811013240367,-0.0031941730994731188
1890864590637,0.8212112188339233,-9.805453300476074,1.0115501880645752,0.00452507846057415,0.0021294488105922937,-0.0013309054775163531
1890865827950,0.8391677141189575,-9.849745750427246,1.0067617893218994,0.0029279920272529125,0.0,-0.0026618109550327063
1890867065237,0.8535329103469849,-9.797073364257812,0.9756371974945068,0.0015970865497365594,0.0018632676219567657,-0.004791259765625
1890868302525,0.8224083185195923,-9.84615421295166,0.9373299479484558,0.0029279920272529125,0.0026618109550327063,-0.0007985432748682797
1890869539850,0.8439561128616333,-9.793481826782227,0.9205705523490906,0.0026618109550327063,-0.0005323622026480734,-0.0007985432748682797
1890870777150,0.8212112188339233,-9.786299705505371,0.9229647517204285,0.010114881210029125,-0.0007985432748682797,0.0002661811013240367
1890872014450,0.8415619134902954,-9.84376049041748,0.9289502501487732,0.005057440605014563,0.0021294488105922937,-0.0066545275039970875
1890873251762,0.828393816947937,-9.800664901733398,0.9349357485771179,0.0018632676219567657,-0.0005323622026480734,-0.0053236219100654125
1890874489050,0.8415619134902954,-9.84495735168457,1.01753568649292,-0.0005323622026480734,-0.0010647244052961469,-0.00958251953125
1890875726350,0.8571242094039917,-9.86770248413086,0.9636662006378174,0.0029279920272529125,0.0,-0.007453070487827063
1890876963662,0.8152256608009338,-9.822212219238281,0.9229647517204285,0.0023956298828125,0.0031941730994731188,-0.0037265352439135313
1890878200950,0.8164227604866028,-9.841365814208984,0.9361328482627869,0.00452507846057415,0.007985432632267475,-0.0042588976211845875
1890879438262,0.8595184087753296,-9.793481826782227,0.9301473498344421,0.0026618109550327063,0.008517795242369175,-0.0013309054775163531
1890880675550,0.8307880163192749,-9.84615421295166,0.9445126056671143,0.005057440605014563,0.0002661811013240367,0.0002661811013240367
1890881912837,0.829590916633606,-9.855731010437012,0.9828197956085205,0.0042588976211845875,0.005855984054505825,-0.0090501569211483
1890883150162,0.8403648138046265,-9.805453300476074,1.0211269855499268,0.0053236219100654125,0.0039927163161337376,-0.006122165359556675
1890884387462,0.8463503122329712,-9.823410034179688,0.9923965930938721,0.005855984054505825,0.005057440605014563,-0.0053236219100654125
1890885624775,0.872686505317688,-9.853337287902832,0.9720458984375,0.0077192517928779125,0.010114881210029125,-0.0029279920272529125
1890886862050,0.8595184087753296,-9.807847023010254,0.9349357485771179,0.0053236219100654125,0.0077192517928779125,-0.0039927163161337376
1890888099362,0.8942343592643738,-9.786299705505371,0.9421183466911316,0.0015970865497365594,0.0039927163161337376,-0.008517795242369175
1890889336662,0.8750807046890259,-9.816226959228516,0.9301473498344421,0.0023956298828125,0.0039927163161337376,-0.005855984054505825
1890890573975,0.8990227580070496,-9.794679641723633,0.9888052940368652,0.005057440605014563,0.0037265352439135313,-0.004791259765625
1890891811262,0.8786720037460327,-9.786299705505371,0.993593692779541,-0.0031941730994731188,0.007985432632267475,-0.00931633822619915
1890893048575,0.851138710975647,-9.769539833068848,0.9648633003234863,0.0010647244052961469,0.008251613937318325,-0.00692070834338665
1890894285887,0.871489405632019,-9.785102844238281,0.9301473498344421,0.0042588976211845875,0.005057440605014563,-0.007453070487827063
1890895523175,0.8918401598930359,-9.838972091674805,0.9804255962371826,0.0029279920272529125,0.0039927163161337376,-0.004791259765625
1890896760475,0.8463503122329712,-9.7791166305542,0.9588778018951416,0.0,0.0042588976211845875,-0.01117960549890995
1890897997787,0.851138710975647,-9.81024169921875,0.9744400978088379,-0.0007985432748682797,0.0042588976211845875,-0.0090501569211483
1890899235062,0.811634361743927,-9.800664901733398,0.9696516990661621,0.0037265352439135313,0.0077192517928779125,-0.008783976547420025
1890900472400,0.8319851160049438,-9.783905029296875,0.9768342971801758,0.005057440605014563,0.005855984054505825,-0.004791259765625
1890901709700,0.8080430626869202,-9.787496566772461,0.9409212470054626,0.0023956298828125,0.00452507846057415,-0.0010647244052961469
1890902946987,0.829590916633606,-9.793481826782227,0.9026140570640564,0.0026618109550327063,0.00692070834338665,-0.005057440605014563
1890904184287,0.8439561128616333,-9.789891242980957,0.9684545993804932,0.004791259765625,0.00692070834338665,-0.010114881210029125
1890905421575,0.888248860836029,-9.804256439208984,0.9469068050384521,0.003460354171693325,0.0077192517928779125,-0.012510511092841625
1890906658900,0.8631097078323364,-9.792284965515137,0.9445126056671143,-0.0015970865497365594,0.0013309054775163531,-0.013309055007994175
1890907896187,0.8966285586357117,-9.782708168029785,0.970848798751831,0.006122165359556675,0.0,-0.008251613937318325
1890909133512,0.8954314589500427,-9.832986831665039,0.9540894031524658,0.005589802749454975,0.0063883461989462376,-0.0071868896484375
1890910370787,0.8774749040603638,-9.816226959228516,0.9481039047241211,0.0013309054775163531,0.00984870083630085,-0.01117960549890995
1890911608100,0.8738836050033569,-9.786299705505371,0.9804255962371826,0.005057440605014563,0.00958251953125,-0.005589802749454975
1890912845387,0.8942343592643738,-9.785102844238281,0.9457097053527832,0.0007985432748682797,0.005057440605014563,-0.010913425125181675
1890914082712,0.9373299479484558,-9.807847023010254,0.9576807022094727,0.0037265352439135313,0.0021294488105922937,-0.010913425125181675
1890915320000,0.8870517611503601,-9.794679641723633,0.9756371974945068,0.0066545275039970875,0.0042588976211845875,-0.012510511092841625
1890916557287,0.9241618514060974,-9.789891242980957,0.9433155059814453,0.00452507846057415,0.007985432632267475,-0.0157046839594841
1890917794612,0.8774749040603638,-9.797073364257812,0.9840168952941895,0.0071868896484375,0.0031941730994731188,-0.0090501569211483
1890919031900,0.8678981065750122,-9.805453300476074,0.933738648891449,0.0031941730994731188,0.007453070487827063,-0.01117960549890995
1890920269212,0.9062053561210632,-9.80904483795166,0.9828197956085205,0.0007985432748682797,0.005057440605014563,-0.013309055007994175
1890921506512,0.8954314589500427,-9.836577415466309,0.9540894031524658,0.0053236219100654125,0.0023956298828125,-0.0157046839594841
1890922743800,0.8834604620933533,-9.794679641723633,0.9768342971801758,0.004791259765625,0.005057440605014563,-0.01357523538172245
1890923981100,0.8619126081466675,-9.800664901733398,0.910993754863739,0.0031941730994731188,0.004791259765625,-0.01357523538172245
1890925218412,0.872686505317688,-9.818621635437012,0.9804255962371826,0.0053236219100654125,0.0023956298828125,-0.00984870083630085
1890926455712,0.871489405632019,-9.797073364257812,0.9277531504631042,0.0021294488105922937,0.005589802749454975,-0.01171196810901165
1890927693012,0.8451532125473022,-9.832986831665039,0.9457097053527832,-0.0021294488105922937,0.0066545275039970875,-0.014373779296875
1890928930325,0.8690952062606812,-9.821015357971191,0.9564836025238037,0.0039927163161337376,0.0002661811013240367,-0.012510511092841625
1890930167625,0.8774749040603638,-9.792284965515137,0.9588778018951416,0.007453070487827063,0.0029279920272529125,-0.0191650390625
1890931404912,0.9026140570640564,-9.816226959228516,0.9540894031524658,0.0007985432748682797,0.0090501569211483,-0.02315775491297245
1890932642237,0.912190854549408,-9.819818496704102,0.9552865028381348,0.0,0.008251613937318325,-0.02315775491297245
1890933879525,0.8643068075180054,-9.841365814208984,0.9612720012664795,0.005057440605014563,0.0031941730994731188,-0.0167694091796875
1890935116825,0.8858546614646912,-9.81024169921875,1.0295066833496094,0.0029279920272529125,0.0031941730994731188,-0.0114457868039608
1890936354125,0.93254154920578,-9.84495735168457,0.94930100440979,0.0018632676219567657,0.007985432632267475,-0.01224433071911335
1890937591412,0.9097966551780701,-9.829395294189453,0.9672574996948242,0.0018632676219567657,0.010114881210029125,-0.0196974016726017
1890938828725,0.8643068075180054,-9.819818496704102,0.9612720012664795,0.0029279920272529125,0.005589802749454975,-0.0173017717897892
1890940066037,0.9038111567497253,-9.835380554199219,0.9720458984375,-0.0023956298828125,0.0007985432748682797,-0.015172322280704975
1890941303337,0.9014169573783875,-9.84376049041748,0.9600749015808105,-0.0029279920272529125,0.0023956298828125,-0.01650322787463665
1890942540650,0.888248860836029,-9.832986831665039,0.9564836025238037,-0.0002661811013240367,0.0031941730994731188,-0.015172322280704975
1890943777950,0.8942343592643738,-9.829395294189453,0.9792284965515137,0.0,0.004791259765625,-0.015172322280704975
1890945015250,0.889445960521698,-9.84615421295166,0.9971849918365479,-0.0023956298828125,0.005057440605014563,-0.01783413253724575
1890946252562,0.8750807046890259,-9.787496566772461,0.9636662006378174,0.0,0.0066545275039970875,-0.0181003138422966
1890947489850,0.872686505317688,-9.816226959228516,0.9612720012664795,0.0007985432748682797,0.0026618109550327063,-0.0186326764523983
1890948727150,0.8750807046890259,-9.841365814208984,0.9612720012664795,-0.0010647244052961469,0.005589802749454975,-0.0196974016726017
1890949964450,0.9026140570640564,-9.822212219238281,0.9481039047241211,-0.0013309054775163531,0.006122165359556675,-0.0191650390625
1890951201750,0.8798691034317017,-9.859322547912598,0.9181763529777527,0.0018632676219567657,-0.0018632676219567657,-0.01703559048473835
1890952439062,0.8942343592643738,-9.805453300476074,0.9409212470054626,0.0015970865497365594,0.0010647244052961469,-0.01943122036755085
1890953676350,0.910993754863739,-9.852140426635742,0.9445126056671143,0.0002661811013240367,0.0037265352439135313,-0.02022976242005825
1890954913662,0.8954314589500427,-9.792284965515137,0.9744400978088379,-0.0023956298828125,0.00692070834338665,-0.0181003138422966
1890956150950,0.9301473498344421,-9.77672290802002,0.970848798751831,-0.00452507846057415,0.007453070487827063,-0.01463996060192585
1890957388262,0.8822633624076843,-9.825803756713867,0.9995791912078857,-0.0039927163161337376,0.0031941730994731188,-0.0220930315554142
1890958625562,0.8631097078323364,-9.854534149169922,0.9959878921508789,0.0,0.0018632676219567657,-0.02422248013317585
1890959862850,0.849941611289978,-9.834183692932129,0.9528923034667969,-0.0031941730994731188,0.0007985432748682797,-0.02182685025036335
1890961100187,0.8798691034317017,-9.798270225524902,0.9385270476341248,-0.007453070487827063,0.0053236219100654125,-0.02182685025036335
1890962337450,0.8631097078323364,-9.757569313049316,0.950498104095459,-0.0029279920272529125,0.0066545275039970875,-0.0186326764523983
1890963574775,0.8822633624076843,-9.824606895446777,0.970848798751831,-0.0026618109550327063,0.006122165359556675,-0.02076212503015995
1890964812062,0.8930372595787048,-9.792284965515137,0.9864110946655273,-0.0015970865497365594,0.00692070834338665,-0.0186326764523983
1890966049387,0.8930372595787048,-9.825803756713867,0.9373299479484558,-0.005855984054505825,0.0013309054775163531,-0.01943122036755085
1890967286700,0.9181763529777527,-9.806650161743164,0.9995791912078857,-0.007453070487827063,0.0023956298828125,-0.02315775491297245
1890968523987,0.9277531504631042,-9.836577415466309,0.9696516990661621,-0.0026618109550327063,0.0026618109550327063,-0.0258195661008358
1890969761287,0.8810662031173706,-9.852140426635742,0.9923965930938721,-0.0037265352439135313,0.005057440605014563,-0.0268842913210392
1890970998587,0.8655039072036743,-9.791088104248047,0.9038111567497253,-0.005057440605014563,0.0037265352439135313,-0.02315775491297245
1890972235900,0.9145850539207458,-9.801861763000488,0.9792284965515137,-0.005057440605014563,0.0021294488105922937,-0.02315775491297245
1890973473225,0.9157821536064148,-9.815030097961426,0.9720458984375,-0.0029279920272529125,0.0053236219100654125,-0.01943122036755085
1890974710487,0.8750807046890259,-9.838972091674805,0.9600749015808105,-0.008783976547420025,0.006122165359556675,-0.02422248013317585
1890975947800,0.8678981065750122,-9.81024169921875,0.9804255962371826,-0.010381062515079975,0.007985432632267475,-0.02422248013317585
1890977185087,0.8762778043746948,-9.80904483795166,0.9133879542350769,-0.0090501569211483,0.005057440605014563,-0.023956298828125
1890978422400,0.8595184087753296,-9.84256362915039,0.9421183466911316,-0.0026618109550327063,0.0066545275039970875,-0.0204959437251091
1890979659687,0.9265560507774353,-9.819818496704102,0.9421183466911316,0.0,0.0037265352439135313,-0.0228915736079216
1890980897000,0.8667010068893433,-9.81024169921875,0.9600749015808105,-0.0042588976211845875,-0.0015970865497365594,-0.02182685025036335
1890982134300,0.8834604620933533,-9.84495735168457,0.9852139949798584,-0.0063883461989462376,0.0007985432748682797,-0.02182685025036335
1890983371600,0.888248860836029,-9.838972091674805,0.9780313968658447,-0.005057440605014563,0.00958251953125,-0.0220930315554142
1890984608900,0.8678981065750122,-9.858125686645508,0.9552865028381348,-0.0026618109550327063,0.0005323622026480734,-0.01889885775744915
1890985846200,0.9062053561210632,-9.824606895446777,0.9421183466911316,-0.007453070487827063,0.0021294488105922937,-0.0186326764523983
1890987083525,0.8619126081466675,-9.81263542175293,0.9241618514060974,-0.0090501569211483,0.0005323622026480734,-0.02022976242005825
1890988320825,0.9002198576927185,-9.836577415466309,0.9289502501487732,-0.01117960549890995,0.005057440605014563,-0.02422248013317585
1890989558125,0.8643068075180054,-9.81024169921875,0.9169792532920837,-0.0071868896484375,0.00452507846057415,-0.02608574740588665
1890990795437,0.93254154920578,-9.797073364257812,0.9385270476341248,-0.01117960549890995,0.0031941730994731188,-0.02076212503015995
1890992032712,0.889445960521698,-9.800664901733398,0.9684545993804932,-0.010114881210029125,0.0053236219100654125,-0.0215606689453125
1890993270037,0.9038111567497253,-9.7791166305542,0.9696516990661621,-0.010647243820130825,0.010114881210029125,-0.02422248013317585
1890994507325,0.8798691034317017,-9.861717224121094,0.9145850539207458,-0.010647243820130825,0.0066545275039970875,-0.0247548408806324
1890995744612,0.8834604620933533,-9.834183692932129,0.9313444495201111,-0.01357523538172245,0.008517795242369175,-0.02369011752307415
1890996981937,0.8918401598930359,-9.84615421295166,0.9552865028381348,-0.014906140975654125,0.00984870083630085,-0.0234239362180233
1890998219237,0.8571242094039917,-9.870096206665039,0.9205705523490906,-0.012510511092841625,0.0053236219100654125,-0.01889885775744915
1890999456550,0.8786720037460327,-9.806650161743164,0.9792284965515137,-0.008251613937318325,0.01171196810901165,-0.02129448764026165
1891000693850,0.8834604620933533,-9.832986831665039,0.9564836025238037,-0.0090501569211483,0.0042588976211845875,-0.02182685025036335
1891001931137,0.8643068075180054,-9.829395294189453,0.9780313968658447,-0.00984870083630085,0.006122165359556675,-0.02502102218568325
1891003168450,0.9217676520347595,-9.840168952941895,0.9684545993804932,-0.010381062515079975,0.010114881210029125,-0.0228915736079216
1891004405737,0.8942343592643738,-9.831789016723633,0.9253589510917664,-0.01224433071911335,0.0063883461989462376,-0.01703559048473835
1891005643062,0.9229647517204285,-9.853337287902832,0.9433155059814453,-0.0138414166867733,0.0066545275039970875,-0.0210283063352108
1891006880325,0.889445960521698,-9.832986831665039,0.9672574996948242,-0.010913425125181675,0.0071868896484375,-0.0191650390625
1891008117662,0.9133879542350769,-9.793481826782227,0.9672574996948242,-0.010647243820130825,0.0039927163161337376,-0.02076212503015995
1891009354950,0.889445960521698,-9.838972091674805,0.9576807022094727,-0.012510511092841625,0.0071868896484375,-0.02182685025036335
1891010592250,0.8930372595787048,-9.794679641723633,0.9516952037811279,-0.0119781494140625,0.004791259765625,-0.02076212503015995
1891011829562,0.8463503122329712,-9.856928825378418,0.9349357485771179,-0.01597086526453495,0.0029279920272529125,-0.02182685025036335
1891013066875,0.9265560507774353,-9.854534149169922,0.9205705523490906,-0.0114457868039608,0.006122165359556675,-0.01943122036755085
1891014304162,0.8966285586357117,-9.821015357971191,0.9145850539207458,-0.01410759799182415,0.005855984054505825,-0.02262539230287075
1891015541475,0.9050082564353943,-9.815030097961426,0.9097966551780701,-0.01357523538172245,0.0119781494140625,-0.02422248013317585
1891016778762,0.8798691034317017,-9.861717224121094,0.9564836025238037,-0.0077192517928779125,0.010381062515079975,-0.02022976242005825
1891018016087,0.912190854549408,-9.795876502990723,0.9576807022094727,-0.01224433071911335,0.008251613937318325,-0.0210283063352108
1891019253375,0.8750807046890259,-9.81024169921875,0.9720458984375,-0.01224433071911335,0.0039927163161337376,-0.0228915736079216
1891020490675,0.8870517611503601,-9.827000617980957,0.9600749015808105,-0.015438503585755825,0.007985432632267475,-0.0228915736079216
1891021727975,0.9026140570640564,-9.829395294189453,0.9457097053527832,-0.01597086526453495,0.0119781494140625,-0.023956298828125
1891022965300,0.9050082564353943,-9.824606895446777,0.9900023937225342,-0.01171196810901165,0.007453070487827063,-0.02182685025036335
1891024202587,0.8774749040603638,-9.835380554199219,0.910993754863739,-0.0162370465695858,0.008783976547420025,-0.0244886614382267
1891025439900,0.8942343592643738,-9.822212219238281,0.9636662006378174,-0.010381062515079975,0.015172322280704975,-0.0263519287109375
1891026677187,0.8750807046890259,-9.819818496704102,0.9409212470054626,-0.015172322280704975,0.01357523538172245,-0.0247548408806324
1891027914487,0.8954314589500427,-9.84256362915039,0.9564836025238037,-0.0181003138422966,0.0119781494140625,-0.02502102218568325
1891029151800,0.9145850539207458,-9.834183692932129,0.9050082564353943,-0.014373779296875,0.01117960549890995,-0.0228915736079216
1891030389112,0.9038111567497253,-9.861717224121094,0.9696516990661621,-0.01171196810901165,0.0090501569211483,-0.0204959437251091
1891031626400,0.9181763529777527,-9.825803756713867,0.9241618514060974,-0.01171196810901165,0.007985432632267475,-0.0210283063352108
1891032863700,0.8906430602073669,-9.798270225524902,0.9600749015808105,-0.01783413253724575,0.015438503585755825,-0.023956298828125
1891034101000,0.9385270476341248,-9.821015357971191,0.9516952037811279,-0.01410759799182415,0.015438503585755825,-0.0244886614382267
1891035338300,0.9205705523490906,-9.789891242980957,0.94930100440979,-0.01597086526453495,0.012776692397892475,-0.02608574740588665
1891036575600,0.9050082564353943,-9.823410034179688,0.9385270476341248,-0.01889885775744915,0.01463996060192585,-0.02981228195130825
1891037812900,0.8774749040603638,-9.834183692932129,0.9277531504631042,-0.012776692397892475,0.0162370465695858,-0.0276828333735466
1891039050212,0.8858546614646912,-9.81263542175293,0.9588778018951416,-0.01836649514734745,0.01703559048473835,-0.02981228195130825
1891040287512,0.8954314589500427,-9.837775230407715,0.9361328482627869,-0.02022976242005825,0.00958251953125,-0.02422248013317585
1891041524812,0.8858546614646912,-9.819818496704102,0.9133879542350769,-0.01756795309484005,0.0167694091796875,-0.0220930315554142
1891042762125,0.9301473498344421,-9.841365814208984,0.9576807022094727,-0.0157046839594841,0.0204959437251091,-0.02129448764026165
1891043999412,0.8774749040603638,-9.854534149169922,0.9876081943511963,-0.012510511092841625,0.014373779296875,-0.01836649514734745
1891045236737,0.8655039072036743,-9.829395294189453,0.9720458984375,-0.01756795309484005,0.013042873702943325,-0.0181003138422966
1891046474025,0.8643068075180054,-9.850942611694336,0.950498104095459,-0.02076212503015995,0.01597086526453495,-0.0223592109978199
1891047711325,0.9038111567497253,-9.86889934539795,0.9373299479484558,-0.0196974016726017,0.013309055007994175,-0.0215606689453125
1891048948625,0.8870517611503601,-9.849745750427246,0.9265560507774353,-0.0181003138422966,0.0173017717897892,-0.0191650390625
1891050185937,0.9050082564353943,-9.813833236694336,0.9469068050384521,-0.01703559048473835,0.015172322280704975,-0.02369011752307415
1891051423237,0.9157821536064148,-9.831789016723633,0.9157821536064148,-0.01996358297765255,0.0162370465695858,-0.023956298828125
1891052660550,0.9097966551780701,-9.858125686645508,0.933738648891449,-0.0167694091796875,0.0215606689453125,-0.02076212503015995
1891053897850,0.8858546614646912,-9.84615421295166,0.9253589510917664,-0.01410759799182415,0.014373779296875,-0.0173017717897892
1891055135137,0.8822633624076843,-9.850942611694336,0.9385270476341248,-0.015438503585755825,0.007985432632267475,-0.01783413253724575
1891056372437,0.9085995554924011,-9.891644477844238,0.9265560507774353,-0.0157046839594841,0.01703559048473835,-0.02022976242005825
1891057609750,0.9085995554924011,-9.834183692932129,0.9205705523490906,-0.0162370465695858,0.02076212503015995,-0.02129448764026165
1891058847062,0.9361328482627869,-9.838972091674805,0.9038111567497253,-0.013309055007994175,0.0173017717897892,-0.0228915736079216
1891060084350,0.9193734526634216,-9.827000617980957,0.9062053561210632,-0.01171196810901165,0.01650322787463665,-0.0191650390625
1891061321637,0.9397241473197937,-9.84495735168457,0.9373299479484558,-0.01597086526453495,0.01650322787463665,-0.01756795309484005
1891062558950,0.9002198576927185,-9.825803756713867,0.950498104095459,-0.02022976242005825,0.01703559048473835,-0.01996358297765255
1891063796262,0.8978256583213806,-9.813833236694336,0.9241618514060974,-0.01836649514734745,0.0223592109978199,-0.01783413253724575
1891065033575,0.9062053561210632,-9.813833236694336,0.9564836025238037,-0.0167694091796875,0.02076212503015995,-0.01597086526453495
1891066270862,0.9074024558067322,-9.822212219238281,0.950498104095459,-0.0162370465695858,0.0220930315554142,-0.01650322787463665
1891067508175,0.8966285586357117,-9.828198432922363,0.9552865028381348,-0.01703559048473835,0.02848137728869915,-0.01889885775744915
1891068745487,0.9660604000091553,-9.817423820495605,0.9564836025238037,-0.0210283063352108,0.02422248013317585,-0.0191650390625
1891069982775,0.8906430602073669,-9.838972091674805,0.9349357485771179,-0.013309055007994175,0.0191650390625,-0.014373779296875
1891071220062,0.9014169573783875,-9.828198432922363,0.9564836025238037,-0.01597086526453495,0.02129448764026165,-0.0138414166867733
1891072457375,0.9074024558067322,-9.852140426635742,0.9074024558067322,-0.01783413253724575,0.0263519287109375,-0.01703559048473835
1891073694687,0.8487445116043091,-9.850942611694336,0.9385270476341248,-0.01756795309484005,0.023956298828125,-0.010913425125181675
1891074931987,0.9265560507774353,-9.823410034179688,0.9229647517204285,-0.0167694091796875,0.02022976242005825,-0.015172322280704975
1891076169287,0.9014169573783875,-9.817423820495605,0.9289502501487732,-0.01756795309484005,0.02661811001598835,-0.01889885775744915
1891077406600,0.9014169573783875,-9.84376049041748,0.93254154920578,-0.0167694091796875,0.0268842913210392,-0.014906140975654125
1891078643900,0.9205705523490906,-9.835380554199219,0.912190854549408,-0.0157046839594841,0.02661811001598835,-0.01117960549890995
1891079881187,0.9277531504631042,-9.852140426635742,0.9074024558067322,-0.01463996060192585,0.0247548408806324,-0.0114457868039608
1891081118500,0.8834604620933533,-9.84256362915039,0.933738648891449,-0.013042873702943325,0.0228915736079216,-0.012510511092841625
1891082355800,0.93254154920578,-9.837775230407715,0.9085995554924011,-0.0196974016726017,0.023956298828125,-0.014373779296875
1891083593100,0.8774749040603638,-9.830592155456543,0.9481039047241211,-0.01783413253724575,0.02608574740588665,-0.015438503585755825
1891084830412,0.8595184087753296,-9.822212219238281,0.9026140570640564,-0.0173017717897892,0.02661811001598835,-0.013042873702943325
1891086067700,0.9481039047241211,-9.840168952941895,0.9313444495201111,-0.01836649514734745,0.02182685025036335,-0.00692070834338665
1891087304987,0.9433155059814453,-9.819818496704102,0.8966285586357117,-0.01783413253724575,0.02661811001598835,-0.01171196810901165
1891088542312,0.872686505317688,-9.873687744140625,0.9205705523490906,-0.0196974016726017,0.0282151959836483,-0.013042873702943325
1891089779612,0.9050082564353943,-9.834183692932129,0.9002198576927185,-0.01783413253724575,0.02794901467859745,-0.008783976547420025
1891091016900,0.9097966551780701,-9.827000617980957,0.9528923034667969,-0.02182685025036335,0.0263519287109375,-0.0071868896484375
1891092254225,0.888248860836029,-9.84615421295166,0.9085995554924011,-0.02129448764026165,0.02874755859375,-0.008517795242369175
1891093491550,0.9409212470054626,-9.852140426635742,0.9289502501487732,-0.01783413253724575,0.0300784632563591,-0.007985432632267475
1891094728812,0.912190854549408,-9.836577415466309,0.9349357485771179,-0.0138414166867733,0.0268842913210392,-0.006122165359556675
1891095966137,0.8870517611503601,-9.852140426635742,0.9373299479484558,-0.015438503585755825,0.0247548408806324,-0.0077192517928779125
1891097203437,0.8954314589500427,-9.834183692932129,0.889445960521698,-0.0247548408806324,0.02794901467859745,-0.00931633822619915
1891098440737,0.8822633624076843,-9.858125686645508,0.912190854549408,-0.01836649514734745,0.0348697230219841,-0.005855984054505825
1891099678050,0.933738648891449,-9.832986831665039,0.9313444495201111,-0.0181003138422966,0.02848137728869915,-0.0063883461989462376
1891100915362,0.9062053561210632,-9.834183692932129,0.9181763529777527,-0.02129448764026165,0.0268842913210392,-0.01224433071911335
1891102152662,0.910993754863739,-9.858125686645508,0.9085995554924011,-0.0167694091796875,0.0271504707634449,-0.007453070487827063
1891103389962,0.9026140570640564,-9.824606895446777,0.9050082564353943,-0.01783413253724575,0.02874755859375,-0.0029279920272529125
1891104627262,0.9002198576927185,-9.815030097961426,0.9193734526634216,-0.01756795309484005,0.0330064557492733,-0.0021294488105922937
1891105864550,0.9373299479484558,-9.831789016723633,0.9038111567497253,-0.02262539230287075,0.0314093679189682,-0.0042588976211845875
1891107101862,0.9229647517204285,-9.793481826782227,0.9289502501487732,-0.0220930315554142,0.0343373604118824,-0.0063883461989462376
1891108339175,0.8966285586357117,-9.801861763000488,0.9014169573783875,-0.0228915736079216,0.0343373604118824,-0.0037265352439135313
1891109576462,0.9014169573783875,-9.80904483795166,0.8583213090896606,-0.02315775491297245,0.02661811001598835,-0.0005323622026480734
1891110813762,0.9409212470054626,-9.840168952941895,0.9014169573783875,-0.0204959437251091,0.02315775491297245,-0.0018632676219567657
1891112051087,0.9469068050384521,-9.84615421295166,0.9133879542350769,-0.0215606689453125,0.033538818359375,-0.003460354171693325
1891113288362,0.8822633624076843,-9.827000617980957,0.9349357485771179,-0.02794901467859745,0.0375315360724926,-0.0023956298828125
1891114525687,0.9457097053527832,-9.853337287902832,0.8906430602073669,-0.02076212503015995,0.02901373989880085,-0.0031941730994731188
1891115762962,0.9062053561210632,-9.847352027893066,0.9002198576927185,-0.023956298828125,0.0369991734623909,-0.0063883461989462376
1891117000287,0.9469068050384521,-9.821015357971191,0.8870517611503601,-0.0215606689453125,0.0330064557492733,-0.0026618109550327063
1891118237587,0.889445960521698,-9.823410034179688,0.9205705523490906,-0.0186326764523983,0.0311431884765625,0.00452507846057415
1891119474875,0.9085995554924011,-9.823410034179688,0.8774749040603638,-0.0234239362180233,0.0367329902946949,-0.0013309054775163531
1891120712200,0.8870517611503601,-9.840168952941895,0.9038111567497253,-0.023956298828125,0.0396609827876091,-0.005589802749454975
1891121949500,0.8870517611503601,-9.813833236694336,0.9085995554924011,-0.0244886614382267,0.0391286201775074,0.0015970865497365594
1891123186787,0.8966285586357117,-9.793481826782227,0.8858546614646912,-0.01943122036755085,0.0327402763068676,0.0037265352439135313
1891124424112,0.9600749015808105,-9.794679641723633,0.9229647517204285,-0.02076212503015995,0.033538818359375,0.00452507846057415
1891125661400,0.94930100440979,-9.816226959228516,0.9145850539207458,-0.02262539230287075,0.0330064557492733,0.0029279920272529125
1891126898712,0.9385270476341248,-9.837775230407715,0.9241618514060974,-0.02262539230287075,0.0367329902946949,0.0021294488105922937
1891128136025,0.910993754863739,-9.81143856048584,0.8930372595787048,-0.0247548408806324,0.0356682650744915,0.0029279920272529125
1891129373312,0.9397241473197937,-9.864110946655273,0.8762778043746948,-0.01996358297765255,0.0364668108522892,0.0063883461989462376
1891130610637,0.9002198576927185,-9.86770248413086,0.8906430602073669,-0.0215606689453125,0.0372653529047966,0.0077192517928779125
1891131847912,0.9349357485771179,-9.87967300415039,0.8918401598930359,-0.0292799212038517,0.0377977155148983,0.0013309054775163531
1891133085225,0.93254154920578,-9.884461402893066,0.888248860836029,-0.02661811001598835,0.0364668108522892,-0.0007985432748682797
1891134322525,0.9026140570640564,-9.828198432922363,0.9074024558067322,-0.0223592109978199,0.0343373604118824,0.0010647244052961469
1891135559837,0.912190854549408,-9.853337287902832,0.8331822156906128,-0.0228915736079216,0.0367329902946949,0.0026618109550327063
1891136797125,0.9050082564353943,-9.895236015319824,0.8535329103469849,-0.0247548408806324,0.0377977155148983,0.00692070834338665
1891138034425,0.9217676520347595,-9.854534149169922,0.8643068075180054,-0.0220930315554142,0.0369991734623909,0.008783976547420025
1891139271725,0.950498104095459,-9.886856079101562,0.9002198576927185,-0.03034464456140995,0.0354020856320858,0.00984870083630085
1891140509050,0.9277531504631042,-9.855731010437012,0.9097966551780701,-0.0292799212038517,0.038063894957304,0.0077192517928779125
1891141746337,0.9002198576927185,-9.880870819091797,0.872686505317688,-0.0324740931391716,0.0441860631108284,0.008517795242369175
1891142983637,0.9169792532920837,-9.947908401489258,0.8942343592643738,-0.0276828333735466,0.0407257080078125,0.00984870083630085
1891144220937,0.9385270476341248,-9.906009674072266,0.9157821536064148,-0.03034464456140995,0.0391286201775074,0.012510511092841625
1891145458250,0.9552865028381348,-9.915586471557617,0.8966285586357117,-0.0314093679189682,0.0377977155148983,0.005855984054505825
1891146695562,0.9373299479484558,-9.894038200378418,0.910993754863739,-0.02901373989880085,0.038063894957304,0.01410759799182415
1891147932862,0.970848798751831,-9.915586471557617,0.8918401598930359,-0.0327402763068676,0.033272635191679,0.01224433071911335
1891149170175,0.9169792532920837,-9.885659217834473,0.9050082564353943,-0.0348697230219841,0.0385962575674057,0.010647243820130825
1891150407475,0.9289502501487732,-9.90241813659668,0.8858546614646912,-0.0295461006462574,0.0385962575674057,0.01357523538172245
1891151644762,0.9624691009521484,-9.854534149169922,0.9026140570640564,-0.0327402763068676,0.0393948033452034,0.007985432632267475
1891152882062,0.9660604000091553,-9.888052940368652,0.8798691034317017,-0.0322079136967659,0.0346035435795784,0.012510511092841625
1891154119375,0.9349357485771179,-9.825803756713867,0.8870517611503601,-0.0348697230219841,0.0327402763068676,0.013042873702943325
1891155356675,0.9756371974945068,-9.84256362915039,0.8774749040603638,-0.0375315360724926,0.0369991734623909,0.01410759799182415
1891156593975,0.9074024558067322,-9.86889934539795,0.8846575617790222,-0.038330078125,0.0385962575674057,0.01650322787463665
1891157831262,0.9421183466911316,-9.86770248413086,0.8966285586357117,-0.0420566126704216,0.0423227921128273,0.013309055007994175
1891159068587,0.9205705523490906,-9.855731010437012,0.8762778043746948,-0.042855154722929,0.0375315360724926,0.013042873702943325
1891160305887,0.9397241473197937,-9.855731010437012,0.888248860836029,-0.0391286201775074,0.0388624407351017,0.02182685025036335
1891161543212,0.9145850539207458,-9.824606895446777,0.9002198576927185,-0.0447184219956398,0.0343373604118824,0.02022976242005825
1891162780487,0.933738648891449,-9.854534149169922,0.9445126056671143,-0.0409918874502182,0.0346035435795784,0.014906140975654125
1891164017787,0.9576807022094727,-9.870096206665039,0.9193734526634216,-0.0396609827876091,0.0346035435795784,0.0173017717897892
1891165255112,0.973242998123169,-9.865307807922363,0.8547300100326538,-0.043121337890625,0.0372653529047966,0.0173017717897892
1891166492412,0.9660604000091553,-9.858125686645508,0.8858546614646912,-0.0439198799431324,0.0372653529047966,0.02022976242005825
1891167729687,0.9684545993804932,-9.853337287902832,0.8667010068893433,-0.0449846051633358,0.033272635191679,0.02608574740588665
1891168967012,0.9816226959228516,-9.848548889160156,0.8906430602073669,-0.0415242500603199,0.033272635191679,0.0215606689453125
1891170204312,0.9457097053527832,-9.861717224121094,0.8702923059463501,-0.0503082275390625,0.0338049978017807,0.02022976242005825
1891171441612,0.9780313968658447,-9.891644477844238,0.8846575617790222,-0.0487111397087574,0.0356682650744915,0.02262539230287075
1891172678925,0.9600749015808105,-9.87967300415039,0.8990227580070496,-0.0444522425532341,0.0330064557492733,0.0244886614382267
1891173916225,0.9540894031524658,-9.884461402893066,0.8798691034317017,-0.0460493303835392,0.0306108258664608,0.0220930315554142
1891175153537,0.9528923034667969,-9.850942611694336,0.9385270476341248,-0.0471140518784523,0.0319417305290699,0.02315775491297245
1891176390825,0.9241618514060974,-9.836577415466309,0.888248860836029,-0.0473802350461483,0.0292799212038517,0.02182685025036335
1891177628125,0.9840168952941895,-9.864110946655273,0.9229647517204285,-0.0484449602663517,0.0295461006462574,0.0228915736079216
1891178865437,0.9373299479484558,-9.870096206665039,0.8798691034317017,-0.0537685826420784,0.033272635191679,0.02369011752307415
1891180102737,0.9277531504631042,-9.835380554199219,0.9373299479484558,-0.0455169677734375,0.0292799212038517,0.02369011752307415
1891181340037,0.9540894031524658,-9.84615421295166,0.9038111567497253,-0.0492435023188591,0.02874755859375,0.023956298828125
1891182577362,0.9564836025238037,-9.86650562286377,0.8954314589500427,-0.0481787770986557,0.033538818359375,0.02129448764026165
1891183814650,1.0199298858642578,-9.864110946655273,0.8906430602073669,-0.0452507846057415,0.0324740931391716,0.0234239362180233
1891185051987,0.9469068050384521,-9.858125686645508,0.8918401598930359,-0.0516391322016716,0.0330064557492733,0.0247548408806324
1891186289275,0.9445126056671143,-9.829395294189453,0.8954314589500427,-0.0521714948117733,0.0314093679189682,0.02661811001598835
1891187526575,0.9445126056671143,-9.80904483795166,0.9062053561210632,-0.0465816929936409,0.0292799212038517,0.0271504707634449
1891188763887,0.9552865028381348,-9.84615421295166,0.8678981065750122,-0.0508405901491642,0.0306108258664608,0.02369011752307415
1891190001175,0.9744400978088379,-9.84615421295166,0.889445960521698,-0.0548333041369915,0.03034464456140995,0.02661811001598835
1891191238475,0.9768342971801758,-9.795876502990723,0.889445960521698,-0.0492435023188591,0.0319417305290699,0.0258195661008358
1891192475775,0.9720458984375,-9.803058624267578,0.9313444495201111,-0.0529700368642807,0.02848137728869915,0.02661811001598835
1891193713075,0.9361328482627869,-9.78869342803955,0.8559271097183228,-0.0529700368642807,0.0311431884765625,0.0282151959836483
1891194950375,0.9540894031524658,-9.807847023010254,0.9085995554924011,-0.0548333041369915,0.02874755859375,0.0295461006462574
1891196187675,0.9564836025238037,-9.854534149169922,0.8690952062606812,-0.0561642125248909,0.0258195661008358,0.0292799212038517
1891197425000,0.9516952037811279,-9.818621635437012,0.889445960521698,-0.0519053116440773,0.02794901467859745,0.02794901467859745
1891198662287,0.9900023937225342,-9.769539833068848,0.9181763529777527,-0.0495096817612648,0.02848137728869915,0.02608574740588665
1891199899587,0.9828197956085205,-9.798270225524902,0.8678981065750122,-0.0505744069814682,0.0271504707634449,0.02608574740588665
1891201136912,0.9588778018951416,-9.822212219238281,0.9133879542350769,-0.0489773228764534,0.0247548408806324,0.02422248013317585
1891202374200,0.9528923034667969,-9.815030097961426,0.9193734526634216,-0.0521714948117733,0.0263519287109375,0.02901373989880085
1891203611512,0.9684545993804932,-9.770737648010254,0.8750807046890259,-0.0471140518784523,0.02608574740588665,0.02608574740588665
1891204848825,0.9421183466911316,-9.749189376831055,0.8870517611503601,-0.0457831472158432,0.02502102218568325,0.02741665206849575
1891206086112,0.9756371974945068,-9.793481826782227,0.8786720037460327,-0.0468478724360466,0.0258195661008358,0.0292799212038517
1891207323437,0.9600749015808105,-9.758766174316406,0.8930372595787048,-0.0495096817612648,0.02661811001598835,0.0343373604118824
1891208560737,0.9552865028381348,-9.791088104248047,0.8918401598930359,-0.0415242500603199,0.02502102218568325,0.0300784632563591
1891209798037,0.9828197956085205,-9.806650161743164,0.8810662031173706,-0.0463155098259449,0.02848137728869915,0.0282151959836483
1891211035325,0.9540894031524658,-9.841365814208984,0.8930372595787048,-0.0497758649289608,0.02182685025036335,0.0292799212038517
1891212272625,0.9481039047241211,-9.786299705505371,0.8631097078323364,-0.0423227921128273,0.0220930315554142,0.0346035435795784
1891213509962,0.9313444495201111,-9.768342971801758,0.829590916633606,-0.0444522425532341,0.02076212503015995,0.0271504707634449
1891214747237,0.9421183466911316,-9.789891242980957,0.8391677141189575,-0.0449846051633358,0.0204959437251091,0.0244886614382267
1891215984550,0.9576807022094727,-9.792284965515137,0.8798691034317017,-0.0465816929936409,0.023956298828125,0.0292799212038517
1891217221875,0.9552865028381348,-9.81263542175293,0.8702923059463501,-0.0457831472158432,0.02262539230287075,0.02901373989880085
1891218459150,0.9277531504631042,-9.758766174316406,0.9026140570640564,-0.0473802350461483,0.02022976242005825,0.02661811001598835
1891219696437,0.9301473498344421,-9.803058624267578,0.8667010068893433,-0.0473802350461483,0.0204959437251091,0.0244886614382267
1891220933775,0.9433155059814453,-9.830592155456543,0.8822633624076843,-0.0415242500603199,0.01756795309484005,0.033272635191679
1891222171075,0.9684545993804932,-9.793481826782227,0.8463503122329712,-0.0439198799431324,0.0157046839594841,0.0319417305290699
1891223408362,0.9457097053527832,-9.786299705505371,0.8535329103469849,-0.0484449602663517,0.02022976242005825,0.0282151959836483
1891224645662,0.9181763529777527,-9.813833236694336,0.8667010068893433,-0.0415242500603199,0.0167694091796875,0.0316755510866642
1891225882987,0.9516952037811279,-9.84495735168457,0.8248025178909302,-0.0439198799431324,0.01783413253724575,0.0282151959836483
1891227120287,0.9672574996948242,-9.84615421295166,0.8535329103469849,-0.0465816929936409,0.0191650390625,0.0300784632563591
1891228357575,0.9768342971801758,-9.825803756713867,0.8619126081466675,-0.0412580706179142,0.01943122036755085,0.0306108258664608
1891229594875,0.9648633003234863,-9.804256439208984,0.8595184087753296,-0.0391286201775074,0.01703559048473835,0.0247548408806324
1891230832187,0.9756371974945068,-9.782708168029785,0.8738836050033569,-0.0449846051633358,0.02315775491297245,0.0252872034907341
1891232069487,0.9588778018951416,-9.813833236694336,0.8750807046890259,-0.0415242500603199,0.01943122036755085,0.02502102218568325
1891233306812,0.94930100440979,-9.827000617980957,0.8583213090896606,-0.038330078125,0.0167694091796875,0.0258195661008358
1891234544112,0.9433155059814453,-9.756372451782227,0.8379706144332886,-0.0399271659553051,0.01650322787463665,0.0244886614382267
1891235781412,0.9469068050384521,-9.75158405303955,0.8224083185195923,-0.0388624407351017,0.012510511092841625,0.0228915736079216
1891237018700,0.9648633003234863,-9.830592155456543,0.8487445116043091,-0.0367329902946949,0.01756795309484005,0.02502102218568325
1891238256012,0.9684545993804932,-9.817423820495605,0.8188169598579407,-0.0367329902946949,0.0162370465695858,0.02555338479578495
1891239493312,0.9421183466911316,-9.789891242980957,0.829590916633606,-0.0409918874502182,0.013042873702943325,0.0228915736079216
1891240730612,0.9684545993804932,-9.785102844238281,0.8391677141189575,-0.0362006276845932,0.014373779296875,0.0244886614382267
1891241967925,0.9469068050384521,-9.794679641723633,0.8307880163192749,-0.0399271659553051,0.01597086526453495,0.0247548408806324
1891243205225,0.9576807022094727,-9.736021041870117,0.8619126081466675,-0.033538818359375,0.008783976547420025,0.0234239362180233
1891244442525,0.9026140570640564,-9.765949249267578,0.849941611289978,-0.0324740931391716,0.0077192517928779125,0.02262539230287075
1891245679837,0.9313444495201111,-9.750386238098145,0.8020575642585754,-0.0372653529047966,0.013042873702943325,0.0210283063352108
1891246917150,0.9062053561210632,-9.801861763000488,0.8140285611152649,-0.0346035435795784,0.014373779296875,0.0247548408806324
1891248154437,0.9205705523490906,-9.731232643127441,0.8367735147476196,-0.0340711809694767,0.01171196810901165,0.0223592109978199
1891249391750,0.9481039047241211,-9.749189376831055,0.8212112188339233,-0.0258195661008358,0.01117960549890995,0.0204959437251091
1891250629037,0.9313444495201111,-9.732430458068848,0.8020575642585754,-0.03087700717151165,0.0119781494140625,0.02422248013317585
1891251866350,0.9349357485771179,-9.724050521850586,0.8080430626869202,-0.0319417305290699,0.0167694091796875,0.02022976242005825
1891253103675,0.9361328482627869,-9.773131370544434,0.8475474119186401,-0.02741665206849575,0.01224433071911335,0.01836649514734745
1891254340962,0.9361328482627869,-9.744400978088379,0.8248025178909302,-0.0295461006462574,0.0114457868039608,0.02182685025036335
1891255578250,0.9265560507774353,-9.713275909423828,0.8056488633155823,-0.02981228195130825,0.0090501569211483,0.0247548408806324
1891256815562,0.9277531504631042,-9.703699111938477,0.8343793153762817,-0.0268842913210392,0.006122165359556675,0.02182685025036335
1891258052875,0.9301473498344421,-9.738415718078613,0.7948749661445618,-0.02794901467859745,0.008517795242369175,0.02076212503015995
1891259290187,0.9241618514060974,-9.713275909423828,0.8271967172622681,-0.03034464456140995,0.010913425125181675,0.02315775491297245
1891260527487,0.9552865028381348,-9.68574333190918,0.8655039072036743,-0.0247548408806324,0.007453070487827063,0.0186326764523983
1891261764800,0.9361328482627869,-9.709685325622559,0.8619126081466675,-0.02369011752307415,0.010381062515079975,0.01463996060192585
1891263002100,0.8930372595787048,-9.694122314453125,0.8152256608009338,-0.02555338479578495,0.0071868896484375,0.02369011752307415
1891264239400,0.8978256583213806,-9.715670585632324,0.8188169598579407,-0.0204959437251091,0.0042588976211845875,0.02555338479578495
1891265476700,0.9253589510917664,-9.750386238098145,0.8427590131759644,-0.0210283063352108,0.0018632676219567657,0.02129448764026165
1891266714012,0.8690952062606812,-9.730035781860352,0.7996633648872375,-0.0220930315554142,0.008783976547420025,0.0186326764523983
1891267951312,0.9361328482627869,-9.714473724365234,0.7697358727455139,-0.02129448764026165,0.0066545275039970875,0.01943122036755085
1891269188600,0.9241618514060974,-9.724050521850586,0.8104372620582581,-0.0157046839594841,0.0037265352439135313,0.0220930315554142
1891270425912,0.9157821536064148,-9.667786598205566,0.8248025178909302,-0.01463996060192585,0.0071868896484375,0.01996358297765255
1891271663225,0.912190854549408,-9.690531730651855,0.8248025178909302,-0.01597086526453495,0.0066545275039970875,0.0210283063352108
1891272900537,0.9313444495201111,-9.68933391571045,0.7996633648872375,-0.010114881210029125,0.0026618109550327063,0.0244886614382267
1891274137837,0.933738648891449,-9.716867446899414,0.811634361743927,-0.0162370465695858,0.0015970865497365594,0.01889885775744915
1891275375137,0.9253589510917664,-9.761160850524902,0.8032546639442444,-0.013042873702943325,0.003460354171693325,0.0181003138422966
1891276612425,0.9361328482627869,-9.734824180603027,0.8487445116043091,-0.010647243820130825,0.0002661811013240367,0.0204959437251091
1891277849750,0.9277531504631042,-9.738415718078613,0.8224083185195923,-0.0053236219100654125,0.0005323622026480734,0.0181003138422966
1891279087050,0.8930372595787048,-9.740809440612793,0.7960720658302307,-0.00692070834338665,0.0029279920272529125,0.0173017717897892
1891280324325,0.8978256583213806,-9.736021041870117,0.7912836670875549,-0.006122165359556675,0.0010647244052961469,0.0215606689453125
1891281561650,0.8930372595787048,-9.750386238098145,0.8200140595436096,-0.0031941730994731188,-0.0005323622026480734,0.02022976242005825
1891282798962,0.8559271097183228,-9.749189376831055,0.7936778664588928,-0.0031941730994731188,-0.004791259765625,0.0228915736079216
1891284036262,0.8595184087753296,-9.744400978088379,0.8379706144332886,-0.003460354171693325,-0.0031941730994731188,0.02076212503015995
1891285273575,0.8834604620933533,-9.75158405303955,0.7936778664588928,-0.0042588976211845875,-0.0010647244052961469,0.0167694091796875
1891286510850,0.9074024558067322,-9.736021041870117,0.8032546639442444,-0.00931633822619915,0.0026618109550327063,0.01943122036755085
1891287748175,0.9097966551780701,-9.781511306762695,0.8391677141189575,-0.0002661811013240367,0.0007985432748682797,0.023956298828125
1891288985487,0.9205705523490906,-9.771934509277344,0.8403648138046265,-0.0015970865497365594,0.0053236219100654125,0.0228915736079216
1891290222800,0.9133879542350769,-9.761160850524902,0.811634361743927,0.0002661811013240367,0.0007985432748682797,0.01756795309484005
1891291460075,0.8870517611503601,-9.774328231811523,0.7852981686592102,0.0013309054775163531,0.0018632676219567657,0.01836649514734745
1891292697387,0.9217676520347595,-9.782708168029785,0.8176198601722717,0.0039927163161337376,0.0007985432748682797,0.01783413253724575
1891293934687,0.8918401598930359,-9.759963035583496,0.8092401623725891,0.005057440605014563,-0.005855984054505825,0.01836649514734745
1891295172000,0.8678981065750122,-9.730035781860352,0.8176198601722717,-0.0015970865497365594,-0.0018632676219567657,0.01703559048473835
1891296409312,0.8978256583213806,-9.761160850524902,0.8331822156906128,-0.0023956298828125,0.0039927163161337376,0.01703559048473835
1891297646587,0.9301473498344421,-9.720458984375,0.8056488633155823,0.003460354171693325,-0.0010647244052961469,0.02076212503015995
1891298883912,0.9301473498344421,-9.744400978088379,0.7721300721168518,0.0,-0.0007985432748682797,0.01783413253724575
1891300121225,0.8559271097183228,-9.727641105651855,0.7936778664588928,-0.0023956298828125,-0.0015970865497365594,0.015438503585755825
1891301358525,0.9038111567497253,-9.720458984375,0.8008604645729065,0.003460354171693325,0.0013309054775163531,0.015172322280704975
1891302595825,0.9277531504631042,-9.72285270690918,0.7649474740028381,0.0021294488105922937,-0.004791259765625,0.01650322787463665
1891303833137,0.8942343592643738,-9.72165584564209,0.7852981686592102,0.00692070834338665,-0.0010647244052961469,0.01597086526453495
1891305070450,0.8918401598930359,-9.736021041870117,0.8583213090896606,0.00692070834338665,0.0021294488105922937,0.013042873702943325
1891306307750,0.9062053561210632,-9.690531730651855,0.8547300100326538,0.005589802749454975,0.0007985432748682797,0.010647243820130825
1891307545025,0.8846575617790222,-9.71926212310791,0.8834604620933533,0.0077192517928779125,-0.0002661811013240367,0.012776692397892475
1891308782362,0.9193734526634216,-9.728838920593262,0.8200140595436096,0.00958251953125,0.0018632676219567657,0.012510511092841625
1891310019637,0.889445960521698,-9.712079048156738,0.7960720658302307,0.014373779296875,0.0053236219100654125,0.007985432632267475
1891311256937,0.8690952062606812,-9.728838920593262,0.7805097699165344,0.010913425125181675,-0.005057440605014563,0.005589802749454975
1891312494250,0.8978256583213806,-9.747992515563965,0.8367735147476196,0.0063883461989462376,-0.0077192517928779125,0.00931633822619915
1891313731550,0.9002198576927185,-9.765949249267578,0.7769184708595276,0.008783976547420025,-0.0015970865497365594,0.010913425125181675
1891314968862,0.8870517611503601,-9.746795654296875,0.8044517636299133,0.01463996060192585,-0.0037265352439135313,0.007985432632267475
1891316206187,0.8343793153762817,-9.747992515563965,0.8224083185195923,0.0167694091796875,-0.0031941730994731188,0.00452507846057415
1891317443475,0.8547300100326538,-9.797073364257812,0.8068459630012512,0.014906140975654125,-0.0021294488105922937,0.0021294488105922937
1891318680762,0.8738836050033569,-9.782708168029785,0.8583213090896606,0.014906140975654125,-0.0029279920272529125,0.008783976547420025
1891319918075,0.8846575617790222,-9.797073364257812,0.8846575617790222,0.0196974016726017,-0.0029279920272529125,0.006122165359556675
1891321155387,0.9133879542350769,-9.819818496704102,0.8427590131759644,0.01703559048473835,-0.0021294488105922937,0.0029279920272529125
1891322392700,0.8547300100326538,-9.803058624267578,0.8523358106613159,0.0162370465695858,-0.0015970865497365594,0.0029279920272529125
1891323630012,0.851138710975647,-9.817423820495605,0.8307880163192749,0.0157046839594841,0.0010647244052961469,0.005057440605014563
1891324867300,0.9157821536064148,-9.825803756713867,0.8152256608009338,0.0167694091796875,-0.0023956298828125,0.006122165359556675
1891326104600,0.8643068075180054,-9.816226959228516,0.8212112188339233,0.01943122036755085,-0.007453070487827063,0.0029279920272529125
1891327341912,0.8822633624076843,-9.7791166305542,0.8307880163192749,0.014373779296875,0.0039927163161337376,0.0005323622026480734
1891328579200,0.8858546614646912,-9.805453300476074,0.8738836050033569,0.0157046839594841,-0.0013309054775163531,0.0021294488105922937
1891329816525,0.888248860836029,-9.816226959228516,0.8595184087753296,0.01650322787463665,-0.0031941730994731188,0.0039927163161337376
1891331053825,0.8750807046890259,-9.84376049041748,0.8271967172622681,0.01996358297765255,-0.005057440605014563,-0.0013309054775163531
1891332291125,0.8535329103469849,-9.836577415466309,0.8451532125473022,0.01943122036755085,-0.004791259765625,0.0015970865497365594
1891333528437,0.8667010068893433,-9.807847023010254,0.849941611289978,0.02076212503015995,-0.0010647244052961469,0.0007985432748682797
1891334765737,0.8595184087753296,-9.84376049041748,0.849941611289978,0.02076212503015995,-0.0018632676219567657,0.0005323622026480734
1891336003037,0.8870517611503601,-9.81143856048584,0.8152256608009338,0.01836649514734745,-0.0021294488105922937,-0.0015970865497365594
1891337240362,0.8798691034317017,-9.815030097961426,0.8355764150619507,0.01756795309484005,-0.0013309054775163531,-0.00452507846057415
1891338477637,0.8978256583213806,-9.81024169921875,0.8367735147476196,0.0181003138422966,-0.0042588976211845875,-0.0053236219100654125
1891339714950,0.8966285586357117,-9.807847023010254,0.8535329103469849,0.01410759799182415,0.0015970865497365594,-0.0023956298828125
1891340952275,0.8655039072036743,-9.84615421295166,0.8248025178909302,0.0167694091796875,-0.0002661811013240367,-0.0031941730994731188
1891342189575,0.8822633624076843,-9.852140426635742,0.8176198601722717,0.01703559048473835,-0.0021294488105922937,-0.0031941730994731188
1891343426862,0.8690952062606812,-9.831789016723633,0.8080430626869202,0.01650322787463665,-0.003460354171693325,-0.00692070834338665
1891344664187,0.8690952062606812,-9.804256439208984,0.8080430626869202,0.01650322787463665,-0.0026618109550327063,-0.004791259765625
1891345901487,0.8978256583213806,-9.84376049041748,0.8523358106613159,0.01889885775744915,0.0029279920272529125,-0.010114881210029125
1891347138775,0.8798691034317017,-9.81143856048584,0.829590916633606,0.0186326764523983,0.0021294488105922937,-0.010114881210029125
1891348376100,0.8786720037460327,-9.830592155456543,0.8319851160049438,0.01703559048473835,-0.0007985432748682797,-0.01117960549890995
1891349613387,0.8810662031173706,-9.816226959228516,0.812831461429596,0.015438503585755825,0.0005323622026480734,-0.0138414166867733
1891350850687,0.888248860836029,-9.819818496704102,0.8248025178909302,0.01889885775744915,-0.0026618109550327063,-0.010913425125181675
1891352088000,0.8858546614646912,-9.81143856048584,0.8152256608009338,0.0196974016726017,-0.0026618109550327063,-0.00931633822619915
1891353325300,0.9038111567497253,-9.825803756713867,0.8355764150619507,0.01783413253724575,-0.0005323622026480734,-0.01117960549890995
1891354562612,0.9014169573783875,-9.807847023010254,0.8080430626869202,0.01783413253724575,0.0023956298828125,-0.01463996060192585
1891355799925,0.9014169573783875,-9.798270225524902,0.8415619134902954,0.0181003138422966,0.0013309054775163531,-0.0138414166867733
1891357037225,0.8607155084609985,-9.806650161743164,0.812831461429596,0.013309055007994175,-0.0023956298828125,-0.01171196810901165
1891358274512,0.8463503122329712,-9.824606895446777,0.8487445116043091,0.0186326764523983,-0.00452507846057415,-0.013042873702943325
1891359511825,0.8319851160049438,-9.806650161743164,0.8427590131759644,0.02129448764026165,-0.0005323622026480734,-0.014906140975654125
1891360749125,0.912190854549408,-9.800664901733398,0.8307880163192749,0.01650322787463665,0.0018632676219567657,-0.01463996060192585
1891361986437,0.8607155084609985,-9.786299705505371,0.8259996175765991,0.01889885775744915,-0.003460354171693325,-0.015438503585755825
1891363223737,0.8415619134902954,-9.80904483795166,0.8319851160049438,0.01756795309484005,0.0005323622026480734,-0.0210283063352108
1891364461050,0.8786720037460327,-9.838972091674805,0.8248025178909302,0.02022976242005825,0.0005323622026480734,-0.02129448764026165
1891365698350,0.9157821536064148,-9.821015357971191,0.8451532125473022,0.02369011752307415,-0.008251613937318325,-0.015172322280704975
1891366935662,0.8954314589500427,-9.803058624267578,0.8834604620933533,0.0181003138422966,0.0029279920272529125,-0.0173017717897892
1891368172962,0.8954314589500427,-9.815030097961426,0.8475474119186401,0.0186326764523983,0.0053236219100654125,-0.01889885775744915
1891369410275,0.9062053561210632,-9.792284965515137,0.8427590131759644,0.0220930315554142,0.0023956298828125,-0.01836649514734745
1891370647562,0.8966285586357117,-9.767146110534668,0.8583213090896606,0.0186326764523983,0.0023956298828125,-0.01836649514734745
1891371884875,0.871489405632019,-9.819818496704102,0.8559271097183228,0.0181003138422966,0.0013309054775163531,-0.01463996060192585
1891373122175,0.889445960521698,-9.793481826782227,0.8224083185195923,0.015172322280704975,0.0018632676219567657,-0.014906140975654125
1891374359475,0.8954314589500427,-9.801861763000488,0.812831461429596,0.0181003138422966,0.0013309054775163531,-0.0119781494140625
1891375596787,0.8655039072036743,-9.841365814208984,0.8762778043746948,0.0210283063352108,0.0039927163161337376,-0.0204959437251091
1891376834087,0.8942343592643738,-9.801861763000488,0.8547300100326538,0.023956298828125,0.00452507846057415,-0.01703559048473835
1891378071387,0.9062053561210632,-9.791088104248047,0.8355764150619507,0.0215606689453125,0.0026618109550327063,-0.014906140975654125
1891379308712,0.9074024558067322,-9.793481826782227,0.8367735147476196,0.0191650390625,0.0042588976211845875,-0.01703559048473835
1891380546000,0.9026140570640564,-9.815030097961426,0.8343793153762817,0.0215606689453125,0.003460354171693325,-0.0186326764523983
1891381783300,0.8774749040603638,-9.785102844238281,0.8427590131759644,0.0223592109978199,0.0039927163161337376,-0.0157046839594841
1891383020625,0.8966285586357117,-9.816226959228516,0.8858546614646912,0.0276828333735466,0.0018632676219567657,-0.0173017717897892
1891384257912,0.8738836050033569,-9.786299705505371,0.871489405632019,0.0223592109978199,-0.0010647244052961469,-0.0181003138422966
1891385495225,0.912190854549408,-9.806650161743164,0.8523358106613159,0.01996358297765255,0.0031941730994731188,-0.0215606689453125
1891386732525,0.9085995554924011,-9.818621635437012,0.8786720037460327,0.023956298828125,0.0031941730994731188,-0.01836649514734745
1891387969837,0.9205705523490906,-9.757569313049316,0.8798691034317017,0.023956298828125,0.0002661811013240367,-0.0204959437251091
1891389207137,0.888248860836029,-9.818621635437012,0.8619126081466675,0.0252872034907341,-0.0005323622026480734,-0.02076212503015995
1891390444437,0.889445960521698,-9.797073364257812,0.8643068075180054,0.02422248013317585,0.0031941730994731188,-0.01597086526453495
1891391681750,0.8535329103469849,-9.787496566772461,0.8690952062606812,0.0228915736079216,0.0013309054775163531,-0.01756795309484005
1891392919050,0.8810662031173706,-9.804256439208984,0.8068459630012512,0.0258195661008358,0.0037265352439135313,-0.014373779296875
1891394156337,0.8738836050033569,-9.795876502990723,0.8523358106613159,0.02422248013317585,0.0031941730994731188,-0.01597086526453495
1891395393675,0.8846575617790222,-9.792284965515137,0.8643068075180054,0.02608574740588665,0.00452507846057415,-0.01650322787463665
1891396630962,0.8738836050033569,-9.836577415466309,0.8702923059463501,0.0276828333735466,0.0090501569211483,-0.0162370465695858
1891397868287,0.9062053561210632,-9.824606895446777,0.8391677141189575,0.0252872034907341,0.005057440605014563,-0.01756795309484005
1891399105600,0.8942343592643738,-9.786299705505371,0.8343793153762817,0.02502102218568325,0.0021294488105922937,-0.01889885775744915
1891400342887,0.8978256583213806,-9.801861763000488,0.849941611289978,0.02608574740588665,0.0039927163161337376,-0.0162370465695858
1891401580200,0.9133879542350769,-9.828198432922363,0.8176198601722717,0.02369011752307415,0.005855984054505825,-0.012510511092841625
1891402817500,0.94930100440979,-9.847352027893066,0.8619126081466675,0.01889885775744915,0.003460354171693325,-0.0167694091796875
1891404054812,0.9313444495201111,-9.840168952941895,0.8667010068893433,0.02129448764026165,0.006122165359556675,-0.0162370465695858
1891405292100,0.93254154920578,-9.821015357971191,0.8571242094039917,0.02848137728869915,0.00931633822619915,-0.0071868896484375
1891406529425,0.9205705523490906,-9.824606895446777,0.8583213090896606,0.02661811001598835,0.003460354171693325,-0.01171196810901165
1891407766712,0.912190854549408,-9.838972091674805,0.8571242094039917,0.0295461006462574,-0.0013309054775163531,-0.0167694091796875
1891409004012,0.9277531504631042,-9.803058624267578,0.8631097078323364,0.02981228195130825,0.0023956298828125,-0.0119781494140625
1891410241325,0.9516952037811279,-9.865307807922363,0.8786720037460327,0.0247548408806324,0.0114457868039608,-0.010114881210029125
1891411478612,0.8858546614646912,-9.827000617980957,0.8918401598930359,0.0244886614382267,0.0039927163161337376,-0.010114881210029125
1891412715950,0.9253589510917664,-9.835380554199219,0.8655039072036743,0.02262539230287075,0.003460354171693325,-0.007453070487827063
1891413953250,0.910993754863739,-9.821015357971191,0.8523358106613159,0.0252872034907341,0.005589802749454975,-0.0090501569211483
1891415190550,0.8918401598930359,-9.850942611694336,0.8271967172622681,0.0300784632563591,0.010913425125181675,-0.0090501569211483
1891416427862,0.9193734526634216,-9.831789016723633,0.8571242094039917,0.0319417305290699,0.00958251953125,-0.010381062515079975
1891417665162,0.9193734526634216,-9.84376049041748,0.8822633624076843,0.02315775491297245,0.005589802749454975,-0.010647243820130825
1891418902462,0.9409212470054626,-9.828198432922363,0.851138710975647,0.0295461006462574,0.00958251953125,-0.013309055007994175
1891420139762,0.910993754863739,-9.827000617980957,0.8643068075180054,0.0300784632563591,0.0039927163161337376,-0.004791259765625
1891421377062,0.9085995554924011,-9.797073364257812,0.8667010068893433,0.0292799212038517,0.006122165359556675,-0.00692070834338665
1891422614375,0.9349357485771179,-9.792284965515137,0.8559271097183228,0.02315775491297245,0.008517795242369175,-0.007453070487827063
1891423851675,0.872686505317688,-9.80904483795166,0.8834604620933533,0.02369011752307415,0.0037265352439135313,-0.006122165359556675
1891425088975,0.8786720037460327,-9.823410034179688,0.8834604620933533,0.02369011752307415,0.008517795242369175,-0.0063883461989462376
1891426326300,0.9133879542350769,-9.818621635437012,0.8810662031173706,0.0247548408806324,0.008251613937318325,-0.0063883461989462376
1891427563600,0.9648633003234863,-9.854534149169922,0.8810662031173706,0.0268842913210392,0.00452507846057415,-0.007985432632267475
1891428800900,0.9085995554924011,-9.84495735168457,0.8990227580070496,0.0247548408806324,0.0071868896484375,-0.010114881210029125
1891430038212,0.9169792532920837,-9.858125686645508,0.8906430602073669,0.0247548408806324,0.0114457868039608,-0.008251613937318325
1891431275512,0.9062053561210632,-9.825803756713867,0.8942343592643738,0.0210283063352108,0.0077192517928779125,-0.0037265352439135313
1891432512812,0.8798691034317017,-9.847352027893066,0.8762778043746948,0.0228915736079216,0.0063883461989462376,-0.003460354171693325
1891433750112,0.8990227580070496,-9.84615421295166,0.8475474119186401,0.02555338479578495,0.0066545275039970875,0.0007985432748682797
1891434987450,0.889445960521698,-9.821015357971191,0.811634361743927,0.023956298828125,0.0071868896484375,-0.0013309054775163531
1891436224725,0.8870517611503601,-9.8784761428833,0.8319851160049438,0.02502102218568325,0.007985432632267475,0.0026618109550327063
1891437462037,0.8942343592643738,-9.864110946655273,0.8643068075180054,0.0252872034907341,0.0063883461989462376,-0.0007985432748682797
1891438699337,0.8918401598930359,-9.818621635437012,0.9050082564353943,0.0204959437251091,0.012510511092841625,-0.0023956298828125
1891439936637,0.9481039047241211,-9.829395294189453,0.8762778043746948,0.02422248013317585,0.0138414166867733,-0.0031941730994731188
1891441173950,0.8978256583213806,-9.817423820495605,0.8906430602073669,0.02369011752307415,0.007985432632267475,0.0005323622026480734
1891442411250,0.9792284965515137,-9.824606895446777,0.9062053561210632,0.0181003138422966,0.010913425125181675,0.005057440605014563
1891443648550,0.9457097053527832,-9.861717224121094,0.9074024558067322,0.02129448764026165,0.01410759799182415,0.0023956298828125
1891444885875,0.9181763529777527,-9.84376049041748,0.8930372595787048,0.0215606689453125,0.010647243820130825,-0.0005323622026480734
1891446123175,0.9062053561210632,-9.859322547912598,0.8798691034317017,0.01996358297765255,0.01171196810901165,-0.0005323622026480734
1891447360462,0.910993754863739,-9.86650562286377,0.8619126081466675,0.02262539230287075,0.0039927163161337376,-0.0007985432748682797
1891448597787,0.8966285586357117,-9.824606895446777,0.8774749040603638,0.02502102218568325,0.0037265352439135313,0.0015970865497365594
1891449835087,0.9241618514060974,-9.8784761428833,0.9050082564353943,0.0196974016726017,0.00984870083630085,0.005057440605014563
1891451072387,0.889445960521698,-9.835380554199219,0.8690952062606812,0.02129448764026165,0.01117960549890995,0.004791259765625
1891452309700,0.8990227580070496,-9.813833236694336,0.8547300100326538,0.01943122036755085,0.01117960549890995,0.005589802749454975
1891453547000,0.9193734526634216,-9.838972091674805,0.8966285586357117,0.0196974016726017,0.007453070487827063,0.006122165359556675
1891454784325,0.9157821536064148,-9.865307807922363,0.888248860836029,0.015172322280704975,0.0077192517928779125,0.0007985432748682797
1891456021612,0.9313444495201111,-9.865307807922363,0.8942343592643738,0.0162370465695858,0.00958251953125,0.0023956298828125
1891457258912,0.9349357485771179,-9.841365814208984,0.9097966551780701,0.0186326764523983,0.01463996060192585,0.005057440605014563
1891458496200,0.889445960521698,-9.829395294189453,0.9062053561210632,0.015438503585755825,0.007985432632267475,0.010114881210029125
1891459733537,0.9445126056671143,-9.81263542175293,0.8786720037460327,0.0228915736079216,0.0018632676219567657,0.01171196810901165
1891460970837,0.8942343592643738,-9.853337287902832,0.8798691034317017,0.0258195661008358,0.005855984054505825,0.010114881210029125
1891462208137,0.9445126056671143,-9.86650562286377,0.8942343592643738,0.0138414166867733,0.01171196810901165,0.00931633822619915
1891463445437,0.9289502501487732,-9.86889934539795,0.8834604620933533,0.0119781494140625,0.0114457868039608,0.0114457868039608
1891464682750,0.9229647517204285,-9.840168952941895,0.8870517611503601,0.012510511092841625,0.00984870083630085,0.0053236219100654125
1891465920050,0.912190854549408,-9.836577415466309,0.8619126081466675,0.01224433071911335,0.00692070834338665,0.012776692397892475
1891467157350,0.9002198576927185,-9.852140426635742,0.849941611289978,0.01357523538172245,0.010114881210029125,0.02315775491297245
1891468394675,0.9169792532920837,-9.894038200378418,0.8619126081466675,0.010114881210029125,0.007453070487827063,0.013309055007994175
1891469631962,0.9038111567497253,-9.896432876586914,0.8583213090896606,0.01597086526453495,0.008517795242369175,0.012510511092841625
1891470869287,0.912190854549408,-9.870096206665039,0.8834604620933533,0.012510511092841625,0.00931633822619915,0.012776692397892475
1891472106575,0.9002198576927185,-9.847352027893066,0.8774749040603638,0.005589802749454975,0.00931633822619915,0.012776692397892475
1891473343887,0.9289502501487732,-9.904812812805176,0.8846575617790222,0.00692070834338665,0.007453070487827063,0.01463996060192585
1891474581187,0.9157821536064148,-9.853337287902832,0.8798691034317017,0.0071868896484375,0.01117960549890995,0.0162370465695858
1891475818500,0.9277531504631042,-9.864110946655273,0.9145850539207458,0.008251613937318325,0.015172322280704975,0.0181003138422966
1891477055800,0.9289502501487732,-9.865307807922363,0.8978256583213806,0.01597086526453495,0.008783976547420025,0.01836649514734745
1891478293112,0.9145850539207458,-9.876082420349121,0.9217676520347595,0.00692070834338665,0.005057440605014563,0.0181003138422966
1891479530412,0.9145850539207458,-9.856928825378418,0.889445960521698,0.0037265352439135313,0.006122165359556675,0.012776692397892475
1891480767725,0.9002198576927185,-9.884461402893066,0.8750807046890259,0.010913425125181675,0.0039927163161337376,0.01703559048473835
1891482005025,0.871489405632019,-9.8784761428833,0.8798691034317017,0.0031941730994731188,0.00958251953125,0.01996358297765255
1891483242337,0.9085995554924011,-9.891644477844238,0.8966285586357117,0.0021294488105922937,0.005855984054505825,0.0162370465695858
1891484479625,0.9038111567497253,-9.873687744140625,0.9097966551780701,0.0063883461989462376,0.00452507846057415,0.0204959437251091
1891485716950,0.9349357485771179,-9.884461402893066,0.9205705523490906,0.005057440605014563,0.007453070487827063,0.0223592109978199
1891486954250,0.9361328482627869,-9.90361499786377,0.8738836050033569,0.0031941730994731188,0.00931633822619915,0.01836649514734745
1891488191562,0.950498104095459,-9.909601211547852,0.8906430602073669,0.00452507846057415,0.008251613937318325,0.02262539230287075
1891489428837,0.9289502501487732,-9.888052940368652,0.9181763529777527,0.0037265352439135313,0.0071868896484375,0.02262539230287075
1891490666162,0.8978256583213806,-9.8784761428833,0.9050082564353943,0.003460354171693325,0.010647243820130825,0.02502102218568325
1891491903462,0.9241618514060974,-9.897629737854004,0.9445126056671143,0.0053236219100654125,0.005589802749454975,0.02422248013317585
1891493140787,0.9349357485771179,-9.873687744140625,0.9133879542350769,0.0007985432748682797,0.0063883461989462376,0.0271504707634449
1891494378075,0.9361328482627869,-9.883264541625977,0.8738836050033569,-0.0015970865497365594,0.00931633822619915,0.0234239362180233
1891495615387,0.9289502501487732,-9.882067680358887,0.8607155084609985,-0.0018632676219567657,0.0071868896484375,0.0228915736079216
1891496852700,0.9373299479484558,-9.827000617980957,0.8990227580070496,-0.0007985432748682797,0.008251613937318325,0.0244886614382267
1891498089987,0.9014169573783875,-9.909601211547852,0.8786720037460327,-0.0010647244052961469,0.0090501569211483,0.0252872034907341
1891499327300,0.912190854549408,-9.885659217834473,0.9014169573783875,-0.004791259765625,0.0071868896484375,0.0244886614382267
1891500564600,0.9002198576927185,-9.877279281616211,0.9145850539207458,-0.0018632676219567657,0.005057440605014563,0.0258195661008358
1891501801912,0.889445960521698,-9.836577415466309,0.8858546614646912,-0.0018632676219567657,0.005589802749454975,0.02369011752307415
1891503039212,0.9169792532920837,-9.87967300415039,0.8655039072036743,-0.0031941730994731188,0.008251613937318325,0.02848137728869915
1891504276525,0.9253589510917664,-9.87967300415039,0.8595184087753296,-0.0042588976211845875,0.0039927163161337376,0.0252872034907341
1891505513837,0.9145850539207458,-9.861717224121094,0.8942343592643738,-0.003460354171693325,-0.0002661811013240367,0.023956298828125
1891506751137,0.9026140570640564,-9.897629737854004,0.8846575617790222,-0.0042588976211845875,0.0021294488105922937,0.02555338479578495
1891507988437,0.8834604620933533,-9.858125686645508,0.9050082564353943,-0.004791259765625,-0.0010647244052961469,0.02608574740588665
1891509225750,0.9002198576927185,-9.84615421295166,0.9145850539207458,-0.005057440605014563,0.0023956298828125,0.0252872034907341
1891510463062,0.9217676520347595,-9.81024169921875,0.912190854549408,-0.0071868896484375,0.0042588976211845875,0.02369011752307415
1891511700362,0.912190854549408,-9.855731010437012,0.9193734526634216,-0.007985432632267475,0.0026618109550327063,0.02741665206849575
1891512937675,0.889445960521698,-9.835380554199219,0.9516952037811279,-0.0063883461989462376,0.0029279920272529125,0.0268842913210392
1891514175000,0.950498104095459,-9.890447616577148,0.9564836025238037,-0.0063883461989462376,0.00452507846057415,0.02315775491297245
1891515412262,0.910993754863739,-9.864110946655273,0.888248860836029,-0.0053236219100654125,0.0042588976211845875,0.02502102218568325
1891516649575,0.9002198576927185,-9.871294021606445,0.9002198576927185,-0.005855984054505825,0.0021294488105922937,0.02741665206849575
1891517886900,0.8930372595787048,-9.84256362915039,0.93254154920578,-0.0066545275039970875,0.0015970865497365594,0.0292799212038517
1891519124187,0.9385270476341248,-9.850942611694336,0.9253589510917664,-0.0066545275039970875,-0.0015970865497365594,0.02794901467859745
1891520361500,0.9301473498344421,-9.838972091674805,0.9624691009521484,-0.010913425125181675,0.0023956298828125,0.01996358297765255
1891521598800,0.9421183466911316,-9.817423820495605,0.9085995554924011,-0.00692070834338665,0.0053236219100654125,0.02262539230287075
1891522836100,0.912190854549408,-9.8784761428833,0.9026140570640564,-0.0029279920272529125,0.0018632676219567657,0.02502102218568325
1891524073412,0.8918401598930359,-9.830592155456543,0.9193734526634216,-0.00452507846057415,-0.0029279920272529125,0.0247548408806324
1891525310700,0.9217676520347595,-9.86770248413086,0.8846575617790222,-0.0090501569211483,-0.0010647244052961469,0.0316755510866642
1891526548037,0.9588778018951416,-9.852140426635742,0.9361328482627869,-0.005855984054505825,0.0015970865497365594,0.0295461006462574
1891527785337,0.9241618514060974,-9.835380554199219,0.8810662031173706,-0.0063883461989462376,0.0023956298828125,0.0210283063352108
1891529022637,0.8954314589500427,-9.822212219238281,0.8954314589500427,-0.01224433071911335,-0.0023956298828125,0.0210283063352108
1891530259950,0.8942343592643738,-9.831789016723633,0.9193734526634216,-0.01117960549890995,-0.0013309054775163531,0.0263519287109375
1891531497250,0.8607155084609985,-9.829395294189453,0.93254154920578,-0.007985432632267475,-0.0039927163161337376,0.023956298828125
1891532734575,0.9253589510917664,-9.84256362915039,0.9277531504631042,-0.007985432632267475,-0.004791259765625,0.01943122036755085
1891533971887,0.9289502501487732,-9.817423820495605,0.8774749040603638,-0.01171196810901165,0.0015970865497365594,0.0186326764523983
1891535209175,0.9133879542350769,-9.84376049041748,0.9133879542350769,-0.0090501569211483,-0.0010647244052961469,0.02502102218568325
1891536446475,0.8846575617790222,-9.856928825378418,0.9385270476341248,-0.0029279920272529125,-0.0021294488105922937,0.0252872034907341
1891537683787,0.8978256583213806,-9.87967300415039,0.9433155059814453,-0.0013309054775163531,-0.005057440605014563,0.0247548408806324
1891538921087,0.8667010068893433,-9.824606895446777,0.9038111567497253,-0.010114881210029125,-0.0029279920272529125,0.0215606689453125
1891540158375,0.889445960521698,-9.836577415466309,0.9205705523490906,-0.010647243820130825,0.0015970865497365594,0.02422248013317585
1891541395700,0.8906430602073669,-9.81143856048584,0.9145850539207458,-0.005057440605014563,-0.0005323622026480734,0.01889885775744915
1891542633012,0.9014169573783875,-9.827000617980957,0.8942343592643738,-0.008517795242369175,0.0007985432748682797,0.015172322280704975
1891543870312,0.8906430602073669,-9.81143856048584,0.889445960521698,-0.01117960549890995,-0.0023956298828125,0.0234239362180233
1891545107637,0.9133879542350769,-9.786299705505371,0.8798691034317017,-0.008517795242369175,-0.0015970865497365594,0.01996358297765255
1891546344912,0.9002198576927185,-9.782708168029785,0.8786720037460327,-0.0071868896484375,-0.0029279920272529125,0.02315775491297245
1891547582237,0.9074024558067322,-9.824606895446777,0.9014169573783875,-0.008783976547420025,-0.0039927163161337376,0.02661811001598835
1891548819525,0.9145850539207458,-9.847352027893066,0.851138710975647,-0.00984870083630085,-0.00452507846057415,0.02076212503015995
1891550056837,0.8643068075180054,-9.821015357971191,0.8942343592643738,-0.0066545275039970875,-0.0029279920272529125,0.02262539230287075
1891551294162,0.8631097078323364,-9.824606895446777,0.8978256583213806,-0.005589802749454975,0.0,0.02262539230287075
1891552531425,0.8930372595787048,-9.831789016723633,0.8559271097183228,-0.0039927163161337376,-0.0010647244052961469,0.02182685025036335
1891553768762,0.8607155084609985,-9.862914085388184,0.8690952062606812,-0.0053236219100654125,-0.005855984054505825,0.0228915736079216
1891555006062,0.9038111567497253,-9.830592155456543,0.9361328482627869,-0.008251613937318325,-0.0066545275039970875,0.0215606689453125
1891556243375,0.8774749040603638,-9.81143856048584,0.9169792532920837,-0.010647243820130825,-0.0029279920272529125,0.0186326764523983
1891557480675,0.8702923059463501,-9.828198432922363,0.8918401598930359,-0.0063883461989462376,-0.0013309054775163531,0.01889885775744915
1891558717987,0.8798691034317017,-9.84495735168457,0.9074024558067322,-0.0039927163161337376,-0.003460354171693325,0.02076212503015995
1891559955287,0.8834604620933533,-9.847352027893066,0.9062053561210632,-0.00931633822619915,0.005057440605014563,0.0215606689453125
1891561192587,0.8738836050033569,-9.852140426635742,0.9050082564353943,-0.005855984054505825,-0.0013309054775163531,0.0191650390625
1891562429900,0.8810662031173706,-9.801861763000488,0.9014169573783875,-0.005057440605014563,-0.0010647244052961469,0.0157046839594841
1891563667212,0.8738836050033569,-9.840168952941895,0.9373299479484558,-0.0029279920272529125,-0.0021294488105922937,0.01224433071911335
1891564904512,0.8870517611503601,-9.823410034179688,0.8942343592643738,-0.008517795242369175,-0.0013309054775163531,0.015438503585755825
1891566141825,0.8702923059463501,-9.782708168029785,0.8702923059463501,-0.0063883461989462376,-0.0063883461989462376,0.0167694091796875
1891567379112,0.871489405632019,-9.817423820495605,0.93254154920578,-0.0042588976211845875,-0.0066545275039970875,0.01703559048473835
1891568616425,0.912190854549408,-9.78869342803955,0.8774749040603638,-0.0002661811013240367,-0.0010647244052961469,0.0162370465695858
1891569853725,0.8750807046890259,-9.801861763000488,0.8343793153762817,-0.0013309054775163531,-0.0018632676219567657,0.010381062515079975
1891571091037,0.871489405632019,-9.799468040466309,0.9014169573783875,-0.0053236219100654125,-0.0053236219100654125,0.00958251953125
1891572328350,0.9050082564353943,-9.805453300476074,0.8643068075180054,-0.006122165359556675,-0.005057440605014563,0.013309055007994175
1891573565650,0.9014169573783875,-9.817423820495605,0.8762778043746948,-0.005589802749454975,-0.0042588976211845875,0.0157046839594841
1891574802975,0.8990227580070496,-9.81263542175293,0.9038111567497253,-0.01117960549890995,0.0015970865497365594,0.01410759799182415
1891576040275,0.9097966551780701,-9.794679641723633,0.910993754863739,-0.0090501569211483,0.0015970865497365594,0.01357523538172245
1891577277587,0.8535329103469849,-9.827000617980957,0.9193734526634216,-0.0039927163161337376,-0.005589802749454975,0.02022976242005825
1891578514887,0.8870517611503601,-9.832986831665039,0.9145850539207458,-0.0031941730994731188,-0.0023956298828125,0.014373779296875
1891579752200,0.8786720037460327,-9.824606895446777,0.8918401598930359,-0.0077192517928779125,-0.0015970865497365594,0.01463996060192585
1891580989500,0.8367735147476196,-9.813833236694336,0.9133879542350769,-0.0066545275039970875,-0.0053236219100654125,0.010913425125181675
1891582226800,0.8870517611503601,-9.800664901733398,0.9313444495201111,0.0,-0.0053236219100654125,0.014373779296875
1891583464112,0.9169792532920837,-9.780314445495605,0.8990227580070496,0.0010647244052961469,-0.0053236219100654125,0.015172322280704975
1891584701412,0.8834604620933533,-9.801861763000488,0.9026140570640564,-0.0029279920272529125,-0.003460354171693325,0.00958251953125
1891585938725,0.8678981065750122,-9.771934509277344,0.8678981065750122,-0.0018632676219567657,-0.0063883461989462376,0.0066545275039970875
1891587176037,0.8906430602073669,-9.746795654296875,0.8762778043746948,-0.0039927163161337376,-0.005589802749454975,0.0063883461989462376
1891588413350,0.8774749040603638,-9.797073364257812,0.9085995554924011,-0.0007985432748682797,0.0023956298828125,0.00958251953125
1891589650637,0.9062053561210632,-9.764751434326172,0.8942343592643738,0.0002661811013240367,0.0015970865497365594,0.010913425125181675
1891590887950,0.9085995554924011,-9.770737648010254,0.9038111567497253,0.004791259765625,-0.005855984054505825,0.008783976547420025
1891592125237,0.8858546614646912,-9.771934509277344,0.872686505317688,-0.0018632676219567657,-0.004791259765625,0.005855984054505825
1891593362550,0.8702923059463501,-9.78869342803955,0.8954314589500427,-0.0005323622026480734,-0.0013309054775163531,0.00692070834338665
1891594599862,0.8786720037460327,-9.803058624267578,0.910993754863739,-0.0005323622026480734,-0.005057440605014563,0.005855984054505825
1891595837162,0.889445960521698,-9.771934509277344,0.9014169573783875,-0.0007985432748682797,-0.005589802749454975,0.006122165359556675
1891597074475,0.8702923059463501,-9.825803756713867,0.8978256583213806,-0.0031941730994731188,-0.005855984054505825,0.00452507846057415
1891598311787,0.8607155084609985,-9.80904483795166,0.9014169573783875,0.0010647244052961469,-0.0023956298828125,0.005589802749454975
1891599549087,0.9038111567497253,-9.773131370544434,0.8990227580070496,0.0021294488105922937,-0.006122165359556675,0.0066545275039970875
1891600786387,0.8427590131759644,-9.756372451782227,0.8822633624076843,-0.0026618109550327063,-0.0007985432748682797,0.0071868896484375
1891602023712,0.829590916633606,-9.77672290802002,0.9026140570640564,-0.0015970865497365594,0.0005323622026480734,0.0063883461989462376
1891603261000,0.8786720037460327,-9.803058624267578,0.8822633624076843,0.0013309054775163531,-0.0023956298828125,0.0077192517928779125
1891604498300,0.8678981065750122,-9.827000617980957,0.8786720037460327,0.0042588976211845875,0.0015970865497365594,0.005855984054505825
1891605735625,0.8583213090896606,-9.798270225524902,0.9169792532920837,0.0010647244052961469,-0.003460354171693325,0.005589802749454975
1891606972937,0.8655039072036743,-9.834183692932129,0.8870517611503601,0.0007985432748682797,-0.00931633822619915,0.010913425125181675
1891608210225,0.8535329103469849,-9.794679641723633,0.8954314589500427,0.00452507846057415,-0.00958251953125,0.0066545275039970875
1891609447537,0.8942343592643738,-9.7791166305542,0.9038111567497253,0.0015970865497365594,-0.0039927163161337376,0.007985432632267475
1891610684850,0.8631097078323364,-9.792284965515137,0.9181763529777527,0.0063883461989462376,-0.0031941730994731188,0.0063883461989462376
1891611922150,0.872686505317688,-9.77672290802002,0.9062053561210632,0.010647243820130825,-0.0031941730994731188,0.005855984054505825
1891613159450,0.8607155084609985,-9.798270225524902,0.8942343592643738,0.008517795242369175,-0.0002661811013240367,0.004791259765625
1891614396750,0.8954314589500427,-9.823410034179688,0.8535329103469849,0.0042588976211845875,-0.0071868896484375,0.0042588976211845875
1891615634062,0.9014169573783875,-9.803058624267578,0.9074024558067322,0.004791259765625,-0.0039927163161337376,0.013042873702943325
1891616871375,0.888248860836029,-9.818621635437012,0.9181763529777527,0.008251613937318325,0.0,0.008517795242369175
1891618108687,0.8870517611503601,-9.821015357971191,0.8930372595787048,0.0077192517928779125,0.0005323622026480734,0.00984870083630085
1891619346000,0.8774749040603638,-9.841365814208984,0.9241618514060974,0.0077192517928779125,0.0013309054775163531,0.00692070834338665
1891620583300,0.9085995554924011,-9.821015357971191,0.9038111567497253,0.008251613937318325,0.0063883461989462376,0.0013309054775163531
1891621820612,0.8978256583213806,-9.798270225524902,0.8631097078323364,0.005589802749454975,-0.003460354171693325,0.0037265352439135313
1891623057912,0.8750807046890259,-9.805453300476074,0.9133879542350769,0.0053236219100654125,-0.0013309054775163531,0.003460354171693325
1891624295225,0.8966285586357117,-9.81024169921875,0.8942343592643738,0.008251613937318325,0.0,0.005057440605014563
1891625532525,0.8619126081466675,-9.806650161743164,0.912190854549408,0.010647243820130825,-0.0029279920272529125,0.0063883461989462376
1891626769837,0.8487445116043091,-9.800664901733398,0.8487445116043091,0.0039927163161337376,-0.00452507846057415,0.0023956298828125
1891628007137,0.8463503122329712,-9.871294021606445,0.8858546614646912,0.0077192517928779125,0.0026618109550327063,0.0031941730994731188
1891629244450,0.8846575617790222,-9.830592155456543,0.8834604620933533,0.0090501569211483,0.0042588976211845875,0.0026618109550327063
1891630481737,0.8762778043746948,-9.819818496704102,0.8678981065750122,0.00692070834338665,-0.0002661811013240367,0.0023956298828125
1891631719050,0.8834604620933533,-9.827000617980957,0.888248860836029,0.0007985432748682797,-0.0015970865497365594,0.0031941730994731188
1891632956362,0.8810662031173706,-9.803058624267578,0.8798691034317017,0.007985432632267475,0.0005323622026480734,0.0029279920272529125
1891634193662,0.871489405632019,-9.797073364257812,0.8463503122329712,0.0042588976211845875,0.0015970865497365594,-0.0013309054775163531
1891635430975,0.8834604620933533,-9.798270225524902,0.8822633624076843,0.0039927163161337376,0.0026618109550327063,-0.0002661811013240367
1891636668275,0.8702923059463501,-9.771934509277344,0.8475474119186401,0.00452507846057415,-0.0018632676219567657,-0.0021294488105922937
1891637905587,0.8846575617790222,-9.795876502990723,0.8619126081466675,0.008517795242369175,0.0007985432748682797,0.0007985432748682797
1891639142887,0.8236054182052612,-9.792284965515137,0.888248860836029,0.0037265352439135313,0.005589802749454975,-0.0005323622026480734
1891640380187,0.8774749040603638,-9.801861763000488,0.8786720037460327,0.004791259765625,-0.003460354171693325,-0.0021294488105922937
1891641617500,0.8595184087753296,-9.77791976928711,0.8834604620933533,0.0031941730994731188,-0.0023956298828125,-0.0066545275039970875
1891642854800,0.8834604620933533,-9.783905029296875,0.8236054182052612,0.0071868896484375,0.0026618109550327063,-0.0063883461989462376
1891644092112,0.8475474119186401,-9.81024169921875,0.8451532125473022,0.00692070834338665,0.0002661811013240367,-0.0021294488105922937
1891645329437,0.8427590131759644,-9.785102844238281,0.8846575617790222,0.005057440605014563,-0.0002661811013240367,0.0007985432748682797
1891646566737,0.8786720037460327,-9.835380554199219,0.8702923059463501,0.0021294488105922937,0.0005323622026480734,0.0037265352439135313
1891647804025,0.8762778043746948,-9.81143856048584,0.9085995554924011,0.0071868896484375,0.0021294488105922937,-0.0053236219100654125
1891649041325,0.9014169573783875,-9.827000617980957,0.8870517611503601,0.0077192517928779125,0.0002661811013240367,-0.004791259765625
1891650278625,0.8846575617790222,-9.806650161743164,0.8834604620933533,0.0053236219100654125,0.0,-0.0015970865497365594
1891651515937,0.851138710975647,-9.804256439208984,0.871489405632019,0.0039927163161337376,0.008251613937318325,-0.00692070834338665
1891652753262,0.8918401598930359,-9.831789016723633,0.8762778043746948,0.0071868896484375,0.008517795242369175,-0.007985432632267475
1891653990562,0.8678981065750122,-9.84615421295166,0.888248860836029,0.0042588976211845875,0.0023956298828125,-0.006122165359556675
1891655227875,0.9169792532920837,-9.837775230407715,0.9002198576927185,0.006122165359556675,0.0010647244052961469,0.0010647244052961469
1891656465175,0.8858546614646912,-9.807847023010254,0.910993754863739,0.0114457868039608,0.003460354171693325,-0.007985432632267475
1891657702475,0.8846575617790222,-9.858125686645508,0.8547300100326538,0.0063883461989462376,0.0029279920272529125,-0.008517795242369175
1891658939775,0.8774749040603638,-9.870096206665039,0.9181763529777527,0.0015970865497365594,0.00931633822619915,-0.00958251953125
1891660177075,0.8738836050033569,-9.819818496704102,0.8954314589500427,0.0026618109550327063,0.0090501569211483,-0.005589802749454975
1891661414387,0.8463503122329712,-9.832986831665039,0.8619126081466675,0.0026618109550327063,0.0029279920272529125,-0.005855984054505825
1891662651712,0.8140285611152649,-9.789891242980957,0.8583213090896606,0.003460354171693325,-0.0007985432748682797,-0.0029279920272529125
1891663889000,0.8391677141189575,-9.785102844238281,0.8427590131759644,0.004791259765625,0.0053236219100654125,-0.004791259765625
1891665126325,0.872686505317688,-9.77791976928711,0.8655039072036743,0.003460354171693325,0.0053236219100654125,-0.0026618109550327063
1891666363612,0.8822633624076843,-9.761160850524902,0.8858546614646912,0.0029279920272529125,0.0071868896484375,0.0015970865497365594
1891667600937,0.8607155084609985,-9.761160850524902,0.9289502501487732,-0.0021294488105922937,0.008517795242369175,-0.0063883461989462376
1891668838225,0.8810662031173706,-9.774328231811523,0.8690952062606812,0.0029279920272529125,0.005589802749454975,-0.0077192517928779125
1891670075562,0.8379706144332886,-9.782708168029785,0.8774749040603638,0.005855984054505825,0.0023956298828125,-0.004791259765625
1891671312862,0.8271967172622681,-9.782708168029785,0.8595184087753296,0.0037265352439135313,0.007985432632267475,-0.0013309054775163531
1891672550150,0.8870517611503601,-9.805453300476074,0.8954314589500427,0.0,0.0090501569211483,-0.0031941730994731188
1891673787462,0.8906430602073669,-9.782708168029785,0.9062053561210632,-0.0002661811013240367,0.008251613937318325,-0.0039927163161337376
1891675024750,0.9038111567497253,-9.793481826782227,0.871489405632019,0.007985432632267475,0.008517795242369175,-0.0039927163161337376
1891676262087,0.9193734526634216,-9.780314445495605,0.8798691034317017,0.010114881210029125,0.005057440605014563,0.003460354171693325
1891677499412,0.8942343592643738,-9.795876502990723,0.8846575617790222,0.0042588976211845875,0.0077192517928779125,-0.0031941730994731188
1891678736687,0.8942343592643738,-9.786299705505371,0.8331822156906128,0.0021294488105922937,0.01224433071911335,-0.008251613937318325
1891679974012,0.8786720037460327,-9.80904483795166,0.8846575617790222,0.0026618109550327063,0.0119781494140625,-0.0018632676219567657
1891681211287,0.8559271097183228,-9.805453300476074,0.8906430602073669,0.0031941730994731188,0.008783976547420025,-0.0026618109550327063
1891682448625,0.8475474119186401,-9.837775230407715,0.8786720037460327,0.004791259765625,0.006122165359556675,-0.006122165359556675
1891683685925,0.8655039072036743,-9.797073364257812,0.9229647517204285,0.005855984054505825,0.007985432632267475,-0.0018632676219567657
1891684923225,0.9074024558067322,-9.816226959228516,0.8990227580070496,0.0053236219100654125,0.010647243820130825,-0.0007985432748682797
1891686160512,0.8870517611503601,-9.824606895446777,0.8798691034317017,0.00452507846057415,0.01171196810901165,-0.0002661811013240367
1891687397825,0.872686505317688,-9.792284965515137,0.8822633624076843,0.0013309054775163531,0.01224433071911335,-0.004791259765625
1891688635125,0.8834604620933533,-9.815030097961426,0.8762778043746948,0.0,0.0066545275039970875,-0.0037265352439135313
1891689872462,0.9133879542350769,-9.785102844238281,0.8690952062606812,0.0042588976211845875,0.008517795242369175,-0.0023956298828125
1891691109750,0.9253589510917664,-9.798270225524902,0.8846575617790222,0.00692070834338665,0.0071868896484375,0.0013309054775163531
1891692347062,0.8930372595787048,-9.803058624267578,0.8678981065750122,0.008251613937318325,0.007985432632267475,0.0
1891693584362,0.8786720037460327,-9.804256439208984,0.9253589510917664,0.008517795242369175,0.010647243820130825,-0.0005323622026480734
1891694821675,0.8559271097183228,-9.773131370544434,0.9085995554924011,0.006122165359556675,0.00958251953125,-0.0013309054775163531
1891696058975,0.8834604620933533,-9.797073364257812,0.8930372595787048,0.0015970865497365594,0.0157046839594841,-0.00452507846057415
1891697296287,0.8846575617790222,-9.813833236694336,0.8583213090896606,0.004791259765625,0.0114457868039608,0.0023956298828125
1891698533600,0.888248860836029,-9.789891242980957,0.8738836050033569,0.01117960549890995,0.008517795242369175,0.0039927163161337376
1891699770900,0.8655039072036743,-9.768342971801758,0.9085995554924011,0.0090501569211483,0.0071868896484375,-0.0013309054775163531
1891701008200,0.8571242094039917,-9.797073364257812,0.9157821536064148,0.007985432632267475,0.012776692397892475,0.0031941730994731188
1891702245500,0.888248860836029,-9.750386238098145,0.8966285586357117,0.0066545275039970875,0.010114881210029125,0.0023956298828125
1891703482837,0.8822633624076843,-9.7791166305542,0.8631097078323364,0.00984870083630085,0.010381062515079975,0.0031941730994731188
1891704720137,0.9085995554924011,-9.77672290802002,0.8966285586357117,0.008517795242369175,0.010913425125181675,0.007985432632267475
1891705957437,0.9074024558067322,-9.786299705505371,0.933738648891449,0.00931633822619915,0.01597086526453495,0.010913425125181675
1891707194750,0.9253589510917664,-9.780314445495605,0.9002198576927185,0.012510511092841625,0.0119781494140625,0.0
1891708432050,0.9169792532920837,-9.789891242980957,0.8942343592643738,0.008251613937318325,0.00931633822619915,0.0029279920272529125
1891709669362,0.9014169573783875,-9.765949249267578,0.9026140570640564,0.0063883461989462376,0.014373779296875,0.0015970865497365594
1891710906662,0.8990227580070496,-9.77791976928711,0.9241618514060974,0.010647243820130825,0.012776692397892475,0.0018632676219567657
1891712143975,0.9050082564353943,-9.764751434326172,0.8678981065750122,0.013042873702943325,0.010381062515079975,0.004791259765625
1891713381275,0.8834604620933533,-9.773131370544434,0.8738836050033569,0.0173017717897892,0.013309055007994175,0.005855984054505825
1891714618587,0.8966285586357117,-9.804256439208984,0.912190854549408,0.01410759799182415,0.010913425125181675,0.00452507846057415
1891715855900,0.8535329103469849,-9.781511306762695,0.8918401598930359,0.013309055007994175,0.013042873702943325,-0.0021294488105922937
1891717093212,0.9445126056671143,-9.803058624267578,0.8667010068893433,0.014373779296875,0.010114881210029125,0.005589802749454975
1891718330500,0.9301473498344421,-9.821015357971191,0.9301473498344421,0.01650322787463665,0.013309055007994175,0.006122165359556675
1891719567825,0.9062053561210632,-9.794679641723633,0.8750807046890259,0.015438503585755825,0.010381062515079975,0.0042588976211845875
1891720805125,0.8798691034317017,-9.793481826782227,0.8643068075180054,0.01410759799182415,0.010913425125181675,0.004791259765625
1891722042412,0.950498104095459,-9.804256439208984,0.8702923059463501,0.0119781494140625,0.013042873702943325,0.0031941730994731188
1891723279737,0.9409212470054626,-9.783905029296875,0.9169792532920837,0.012776692397892475,0.0119781494140625,0.01171196810901165
1891724517037,0.9193734526634216,-9.804256439208984,0.9026140570640564,0.01463996060192585,0.01357523538172245,0.0066545275039970875
1891725754337,0.9265560507774353,-9.791088104248047,0.9301473498344421,0.0173017717897892,0.01756795309484005,0.0031941730994731188
1891726991650,0.8918401598930359,-9.797073364257812,0.8834604620933533,0.02076212503015995,0.01117960549890995,0.00931633822619915
1891728228962,0.9445126056671143,-9.84615421295166,0.8870517611503601,0.01783413253724575,0.0138414166867733,0.010381062515079975
1891729466262,0.8918401598930359,-9.77791976928711,0.8966285586357117,0.015438503585755825,0.014906140975654125,0.0077192517928779125
1891730703575,0.9349357485771179,-9.770737648010254,0.8918401598930359,0.0181003138422966,0.01410759799182415,0.0021294488105922937
1891731940887,0.9385270476341248,-9.770737648010254,0.8810662031173706,0.02022976242005825,0.01703559048473835,0.003460354171693325
1891733178187,0.9205705523490906,-9.7791166305542,0.9169792532920837,0.0228915736079216,0.0119781494140625,0.006122165359556675
1891734415500,0.9062053561210632,-9.795876502990723,0.872686505317688,0.01756795309484005,0.010913425125181675,0.0007985432748682797
1891735652812,0.9469068050384521,-9.825803756713867,0.9133879542350769,0.01783413253724575,0.010381062515079975,0.003460354171693325
1891736890100,0.9397241473197937,-9.813833236694336,0.9241618514060974,0.01836649514734745,0.013309055007994175,0.010647243820130825
1891738127412,0.9133879542350769,-9.818621635437012,0.889445960521698,0.01836649514734745,0.010647243820130825,0.007985432632267475
1891739364725,0.8607155084609985,-9.806650161743164,0.9181763529777527,0.01996358297765255,0.00931633822619915,0.0026618109550327063
1891740602025,0.9588778018951416,-9.783905029296875,0.8990227580070496,0.015438503585755825,0.014373779296875,0.0066545275039970875
1891741839325,0.9421183466911316,-9.805453300476074,0.9014169573783875,0.0173017717897892,0.010913425125181675,0.005589802749454975
1891743076650,0.9349357485771179,-9.823410034179688,0.9097966551780701,0.01650322787463665,0.01224433071911335,0.004791259765625
1891744313950,0.8906430602073669,-9.832986831665039,0.8978256583213806,0.0204959437251091,0.015172322280704975,0.0039927163161337376
1891745551250,0.9385270476341248,-9.816226959228516,0.8762778043746948,0.01996358297765255,0.01597086526453495,0.0066545275039970875
1891746788575,0.888248860836029,-9.819818496704102,0.9074024558067322,0.01943122036755085,0.0167694091796875,0.006122165359556675
1891748025875,0.9409212470054626,-9.832986831665039,0.8643068075180054,0.013042873702943325,0.014373779296875,0.007453070487827063
1891749263175,0.9540894031524658,-9.823410034179688,0.9169792532920837,0.01703559048473835,0.01224433071911335,0.0013309054775163531
1891750500475,0.8966285586357117,-9.797073364257812,0.9133879542350769,0.0186326764523983,0.012776692397892475,0.005057440605014563
1891751737787,0.9361328482627869,-9.798270225524902,0.9169792532920837,0.0204959437251091,0.010913425125181675,0.007985432632267475
1891752975087,0.9540894031524658,-9.84615421295166,0.9062053561210632,0.02262539230287075,0.01171196810901165,0.006122165359556675
1891754212412,0.9528923034667969,-9.829395294189453,0.8810662031173706,0.0167694091796875,0.010381062515079975,0.005589802749454975
1891755449712,0.9433155059814453,-9.819818496704102,0.9145850539207458,0.01836649514734745,0.00931633822619915,0.0029279920272529125
1891756687012,0.9516952037811279,-9.840168952941895,0.910993754863739,0.0191650390625,0.00931633822619915,0.0021294488105922937
1891757924337,0.9528923034667969,-9.860519409179688,0.912190854549408,0.0181003138422966,0.01224433071911335,0.0023956298828125
1891759161600,0.9397241473197937,-9.818621635437012,0.8966285586357117,0.013042873702943325,0.01117960549890995,0.007453070487827063
1891760398925,0.9277531504631042,-9.834183692932129,0.8858546614646912,0.0167694091796875,0.0114457868039608,-0.0005323622026480734
1891761636250,0.8942343592643738,-9.847352027893066,0.9062053561210632,0.014373779296875,0.01357523538172245,-0.0042588976211845875
1891762873537,0.9720458984375,-9.792284965515137,0.933738648891449,0.01756795309484005,0.0031941730994731188,0.005855984054505825
1891764110850,0.93254154920578,-9.824606895446777,0.93254154920578,0.0210283063352108,0.005589802749454975,0.0037265352439135313
1891765348175,0.9085995554924011,-9.848548889160156,0.8942343592643738,0.0210283063352108,0.010381062515079975,0.006122165359556675
1891766585475,0.9349357485771179,-9.840168952941895,0.8930372595787048,0.01943122036755085,0.0066545275039970875,0.007985432632267475
1891767822787,0.9445126056671143,-9.832986831665039,0.8978256583213806,0.01703559048473835,0.0066545275039970875,0.0013309054775163531
1891769060100,0.9169792532920837,-9.828198432922363,0.9169792532920837,0.01756795309484005,0.010647243820130825,-0.0007985432748682797
1891770297387,0.9074024558067322,-9.81024169921875,0.8846575617790222,0.01463996060192585,0.0077192517928779125,0.0026618109550327063
1891771534700,0.9229647517204285,-9.81263542175293,0.9038111567497253,0.012510511092841625,0.010381062515079975,0.0042588976211845875
1891772772025,0.94930100440979,-9.850942611694336,0.910993754863739,0.01836649514734745,0.008517795242369175,-0.0031941730994731188
1891774009325,0.9397241473197937,-9.837775230407715,0.9205705523490906,0.01756795309484005,0.00984870083630085,0.0005323622026480734
1891775246612,0.9289502501487732,-9.841365814208984,0.8870517611503601,0.01756795309484005,0.0090501569211483,0.005057440605014563
1891776483912,0.9409212470054626,-9.862914085388184,0.9361328482627869,0.015438503585755825,0.010114881210029125,0.0031941730994731188
1891777721237,0.8966285586357117,-9.827000617980957,0.9361328482627869,0.01597086526453495,0.010913425125181675,0.0031941730994731188
1891778958537,0.9085995554924011,-9.86770248413086,0.9050082564353943,0.01224433071911335,0.010381062515079975,0.0031941730994731188
1891780195862,0.9253589510917664,-9.81263542175293,0.9133879542350769,0.013309055007994175,0.0090501569211483,0.0005323622026480734
1891781433175,0.933738648891449,-9.807847023010254,0.8918401598930359,0.01171196810901165,0.0013309054775163531,0.0021294488105922937
1891782670475,0.9540894031524658,-9.86770248413086,0.9169792532920837,0.0157046839594841,0.005855984054505825,0.005855984054505825
1891783907775,0.9636662006378174,-9.872490882873535,0.9014169573783875,0.01650322787463665,0.0114457868039608,0.0007985432748682797
1891785145075,0.9457097053527832,-9.871294021606445,0.9540894031524658,0.015438503585755825,0.005855984054505825,-0.0005323622026480734
1891786382387,0.9540894031524658,-9.821015357971191,0.9050082564353943,0.01224433071911335,0.003460354171693325,0.0037265352439135313
1891787619700,0.9277531504631042,-9.821015357971191,0.9181763529777527,0.01463996060192585,0.006122165359556675,0.0026618109550327063
1891788857000,0.9074024558067322,-9.827000617980957,0.9145850539207458,0.014906140975654125,0.0005323622026480734,0.005057440605014563
1891790094300,0.9349357485771179,-9.859322547912598,0.9385270476341248,0.01410759799182415,0.0029279920272529125,0.0031941730994731188
1891791331600,0.9301473498344421,-9.816226959228516,0.9301473498344421,0.010381062515079975,0.0031941730994731188,0.0018632676219567657
1891792568925,0.950498104095459,-9.81263542175293,0.9038111567497253,0.0119781494140625,0.0007985432748682797,0.00452507846057415
1891793806225,0.9600749015808105,-9.84495735168457,0.9097966551780701,0.0114457868039608,0.0029279920272529125,0.005589802749454975
1891795043537,0.9612720012664795,-9.827000617980957,0.9169792532920837,0.010381062515079975,0.005589802749454975,0.0053236219100654125
1891796280837,0.973242998123169,-9.880870819091797,0.9289502501487732,0.010913425125181675,0.0031941730994731188,0.0015970865497365594
1891797518162,0.94930100440979,-9.864110946655273,0.9361328482627869,0.007453070487827063,0.005057440605014563,0.003460354171693325
1891798755462,0.9660604000091553,-9.872490882873535,0.9169792532920837,0.0077192517928779125,0.003460354171693325,0.0021294488105922937
1891799992775,0.9457097053527832,-9.876082420349121,0.9349357485771179,0.00958251953125,0.005589802749454975,0.0029279920272529125
1891801230075,0.9385270476341248,-9.854534149169922,0.8942343592643738,0.0066545275039970875,0.00692070834338665,0.0037265352439135313
1891802467375,0.9373299479484558,-9.813833236694336,0.9169792532920837,0.008783976547420025,0.003460354171693325,0.012510511092841625
1891803704675,0.970848798751831,-9.819818496704102,0.9576807022094727,0.0026618109550327063,0.003460354171693325,0.0077192517928779125
1891804942000,0.9373299479484558,-9.838972091674805,0.9062053561210632,0.004791259765625,0.0021294488105922937,0.0026618109550327063
1891806179312,0.9445126056671143,-9.840168952941895,0.8678981065750122,0.007985432632267475,0.0037265352439135313,0.00452507846057415
1891807416625,0.9373299479484558,-9.800664901733398,0.9445126056671143,0.008517795242369175,0.0018632676219567657,-0.0002661811013240367
1891808653937,0.9169792532920837,-9.832986831665039,0.9672574996948242,0.005589802749454975,0.006122165359556675,0.004791259765625
1891809891212,0.9684545993804932,-9.791088104248047,0.9253589510917664,0.0077192517928779125,0.007985432632267475,0.00452507846057415
1891811128537,0.9600749015808105,-9.805453300476074,0.9074024558067322,0.006122165359556675,0.0031941730994731188,0.0002661811013240367
1891812365837,0.9588778018951416,-9.829395294189453,0.8978256583213806,0.006122165359556675,0.0010647244052961469,0.006122165359556675
1891813603150,0.8858546614646912,-9.797073364257812,0.9050082564353943,0.008783976547420025,0.0023956298828125,0.005057440605014563
1891814840450,0.8798691034317017,-9.84495735168457,0.9050082564353943,0.00958251953125,-0.0002661811013240367,0.0042588976211845875
1891816077762,0.9002198576927185,-9.81143856048584,0.9145850539207458,0.010913425125181675,0.004791259765625,0.0037265352439135313
1891817315087,0.9002198576927185,-9.823410034179688,0.8990227580070496,0.0063883461989462376,0.0037265352439135313,0.003460354171693325
1891818552375,0.9217676520347595,-9.823410034179688,0.9205705523490906,0.0029279920272529125,0.0037265352439135313,0.0063883461989462376
1891819789675,0.9205705523490906,-9.81024169921875,0.888248860836029,0.008517795242369175,0.00692070834338665,0.008517795242369175
1891821027000,0.9469068050384521,-9.823410034179688,0.8954314589500427,0.0090501569211483,-0.0010647244052961469,0.007453070487827063
1891822264300,0.910993754863739,-9.792284965515137,0.8774749040603638,0.005855984054505825,0.0026618109550327063,0.0077192517928779125
1891823501625,0.9145850539207458,-9.827000617980957,0.9133879542350769,0.007453070487827063,0.0063883461989462376,0.0090501569211483
1891824738912,0.933738648891449,-9.806650161743164,0.888248860836029,0.0066545275039970875,0.00452507846057415,0.0031941730994731188
1891825976212,0.9600749015808105,-9.827000617980957,0.9253589510917664,0.00452507846057415,0.0053236219100654125,0.0018632676219567657
1891827213525,0.9588778018951416,-9.848548889160156,0.8990227580070496,0.0066545275039970875,0.0031941730994731188,0.0018632676219567657
1891828450850,0.9516952037811279,-9.816226959228516,0.9133879542350769,0.0063883461989462376,0.005057440605014563,0.0029279920272529125
1891829688150,0.94930100440979,-9.824606895446777,0.9433155059814453,0.006122165359556675,-0.0013309054775163531,0.007453070487827063
1891830925462,0.9145850539207458,-9.856928825378418,0.9074024558067322,0.00931633822619915,0.0039927163161337376,0.0042588976211845875
1891832162775,0.9313444495201111,-9.832986831665039,0.9636662006378174,0.008783976547420025,0.006122165359556675,0.0053236219100654125
1891833400075,0.9385270476341248,-9.841365814208984,0.8954314589500427,0.0066545275039970875,0.0015970865497365594,0.0013309054775163531
1891834637387,0.9241618514060974,-9.84615421295166,0.9253589510917664,0.005589802749454975,-0.0018632676219567657,0.0018632676219567657
1891835874675,0.9062053561210632,-9.831789016723633,0.8858546614646912,0.005589802749454975,0.0015970865497365594,0.0039927163161337376
1891837111987,0.9528923034667969,-9.841365814208984,0.8954314589500427,0.0053236219100654125,0.003460354171693325,0.0039927163161337376
1891838349300,0.9157821536064148,-9.864110946655273,0.910993754863739,0.00692070834338665,0.0021294488105922937,0.00452507846057415
1891839586612,0.9074024558067322,-9.854534149169922,0.9229647517204285,0.005589802749454975,-0.0037265352439135313,0.0053236219100654125
1891840823912,0.9433155059814453,-9.840168952941895,0.8954314589500427,0.0063883461989462376,-0.003460354171693325,0.0037265352439135313
1891842061225,0.9205705523490906,-9.829395294189453,0.970848798751831,0.0071868896484375,0.0015970865497365594,0.0026618109550327063
1891843298537,0.9193734526634216,-9.793481826782227,0.93254154920578,0.0063883461989462376,0.003460354171693325,0.0031941730994731188
1891844535850,0.9074024558067322,-9.824606895446777,0.8930372595787048,0.005589802749454975,0.006122165359556675,0.005057440605014563
1891845773150,0.933738648891449,-9.832986831665039,0.9469068050384521,0.005589802749454975,0.0090501569211483,0.0021294488105922937
1891847010462,0.9756371974945068,-9.823410034179688,0.9038111567497253,0.00692070834338665,0.0037265352439135313,0.0002661811013240367
1891848247762,0.9792284965515137,-9.828198432922363,0.8547300100326538,0.0018632676219567657,0.003460354171693325,0.0026618109550327063
1891849485075,0.9349357485771179,-9.789891242980957,0.8583213090896606,0.0021294488105922937,0.007453070487827063,0.0037265352439135313
1891850722387,0.9145850539207458,-9.84256362915039,0.9038111567497253,0.0037265352439135313,0.0015970865497365594,0.0031941730994731188
1891851959675,0.9564836025238037,-9.862914085388184,0.9145850539207458,-0.0021294488105922937,0.0015970865497365594,0.004791259765625
1891853197000,0.9540894031524658,-9.791088104248047,0.9373299479484558,0.0013309054775163531,0.005855984054505825,0.0029279920272529125
1891854434312,0.9265560507774353,-9.801861763000488,0.9074024558067322,0.0018632676219567657,0.006122165359556675,0.0018632676219567657
1891855671612,0.9289502501487732,-9.836577415466309,0.9361328482627869,0.0026618109550327063,0.0021294488105922937,0.0037265352439135313
1891856908925,0.9265560507774353,-9.807847023010254,0.9097966551780701,-0.0015970865497365594,0.0023956298828125,0.0007985432748682797
1891858146212,0.9349357485771179,-9.789891242980957,0.9050082564353943,0.0018632676219567657,0.0037265352439135313,0.0021294488105922937
1891859383525,0.8786720037460327,-9.800664901733398,0.9277531504631042,0.004791259765625,0.008783976547420025,0.0015970865497365594
1891860620850,0.9277531504631042,-9.815030097961426,0.8762778043746948,-0.0018632676219567657,0.005855984054505825,0.0031941730994731188
1891861858150,0.9469068050384521,-9.829395294189453,0.8858546614646912,0.0005323622026480734,0.0029279920272529125,0.006122165359556675
1891863095462,0.9624691009521484,-9.81263542175293,0.9277531504631042,0.0002661811013240367,0.0026618109550327063,0.0007985432748682797
1891864332762,0.950498104095459,-9.817423820495605,0.9062053561210632,0.0023956298828125,0.0010647244052961469,0.0013309054775163531
1891865570075,0.9277531504631042,-9.84615421295166,0.8822633624076843,0.0029279920272529125,0.0042588976211845875,0.0063883461989462376
1891866807387,0.9421183466911316,-9.757569313049316,0.8858546614646912,0.0018632676219567657,0.00958251953125,0.0023956298828125
1891868044712,0.9421183466911316,-9.822212219238281,0.8966285586357117,-0.0018632676219567657,0.010381062515079975,0.0
1891869282000,0.9193734526634216,-9.822212219238281,0.93254154920578,-0.0031941730994731188,0.004791259765625,0.0021294488105922937
1891870519325,0.9133879542350769,-9.828198432922363,0.9241618514060974,0.0002661811013240367,0.003460354171693325,0.005057440605014563
1891871756612,0.9062053561210632,-9.80904483795166,0.8822633624076843,0.0002661811013240367,-0.0007985432748682797,0.0021294488105922937
1891872993937,0.9133879542350769,-9.84495735168457,0.9062053561210632,0.0039927163161337376,-0.0037265352439135313,-0.0005323622026480734
1891874231237,0.9301473498344421,-9.827000617980957,0.8667010068893433,0.0026618109550327063,0.005057440605014563,0.0042588976211845875
1891875468537,0.912190854549408,-9.864110946655273,0.9062053561210632,-0.0021294488105922937,0.00692070834338665,0.0026618109550327063
1891876705837,0.9289502501487732,-9.798270225524902,0.9409212470054626,0.0010647244052961469,0.003460354171693325,0.0021294488105922937
1891877943162,0.9445126056671143,-9.817423820495605,0.8942343592643738,-0.0015970865497365594,0.006122165359556675,0.004791259765625
1891879180475,0.94930100440979,-9.825803756713867,0.9193734526634216,-0.0002661811013240367,0.0031941730994731188,0.0021294488105922937
1891880417775,0.9133879542350769,-9.853337287902832,0.8954314589500427,-0.0015970865497365594,0.0021294488105922937,0.0015970865497365594
1891881655087,0.8942343592643738,-9.84495735168457,0.9157821536064148,0.0,0.008517795242369175,0.00452507846057415
1891882892375,0.8906430602073669,-9.797073364257812,0.8822633624076843,0.0018632676219567657,0.004791259765625,0.0026618109550327063
1891884129712,0.9062053561210632,-9.821015357971191,0.9193734526634216,-0.0053236219100654125,0.0023956298828125,-0.0039927163161337376
1891885367000,0.9014169573783875,-9.793481826782227,0.9241618514060974,-0.0021294488105922937,-0.0031941730994731188,0.0023956298828125
1891886604312,0.8678981065750122,-9.804256439208984,0.933738648891449,0.0037265352439135313,0.0018632676219567657,0.00452507846057415
1891887841612,0.8978256583213806,-9.791088104248047,0.9085995554924011,-0.0007985432748682797,0.005855984054505825,0.005855984054505825
1891889078937,0.9433155059814453,-9.80904483795166,0.9062053561210632,-0.0018632676219567657,0.006122165359556675,-0.0013309054775163531
1891890316225,0.9277531504631042,-9.77552604675293,0.8906430602073669,0.0002661811013240367,0.0031941730994731188,0.005057440605014563
1891891553550,0.8966285586357117,-9.804256439208984,0.9253589510917664,-0.0005323622026480734,0.0005323622026480734,0.0031941730994731188
1891892790850,0.9289502501487732,-9.836577415466309,0.9385270476341248,0.0015970865497365594,0.0077192517928779125,0.0037265352439135313
1891894028175,0.9241618514060974,-9.853337287902832,0.9002198576927185,0.003460354171693325,0.005855984054505825,-0.0015970865497365594
1891895265437,0.9528923034667969,-9.827000617980957,0.9085995554924011,0.0007985432748682797,0.0042588976211845875,0.0007985432748682797
1891896502787,0.9397241473197937,-9.865307807922363,0.9026140570640564,-0.0023956298828125,0.0066545275039970875,0.0031941730994731188
1891897740062,0.8966285586357117,-9.850942611694336,0.8990227580070496,-0.0010647244052961469,0.0071868896484375,0.0031941730994731188
1891898977387,0.9481039047241211,-9.829395294189453,0.93254154920578,-0.0015970865497365594,0.008251613937318325,0.0037265352439135313
1891900214700,0.9744400978088379,-9.86650562286377,0.910993754863739,-0.0026618109550327063,0.00958251953125,0.0018632676219567657
1891901452012,0.9205705523490906,-9.825803756713867,0.889445960521698,-0.0026618109550327063,0.007985432632267475,0.0010647244052961469
1891902689312,0.9301473498344421,-9.829395294189453,0.8918401598930359,0.0018632676219567657,0.005057440605014563,0.005057440605014563
1891903926625,0.9469068050384521,-9.862914085388184,0.9026140570640564,0.0029279920272529125,0.0071868896484375,0.0021294488105922937
1891905163950,0.9193734526634216,-9.818621635437012,0.9313444495201111,0.0021294488105922937,0.0066545275039970875,0.0015970865497365594
1891906401250,0.9229647517204285,-9.822212219238281,0.9145850539207458,-0.0021294488105922937,0.00931633822619915,0.0023956298828125
1891907638537,0.8990227580070496,-9.806650161743164,0.888248860836029,-0.0002661811013240367,0.004791259765625,0.0021294488105922937
1891908875850,0.889445960521698,-9.81263542175293,0.9217676520347595,-0.0007985432748682797,0.0063883461989462376,-0.00452507846057415
1891910113175,0.8990227580070496,-9.829395294189453,0.9253589510917664,-0.0023956298828125,0.0039927163161337376,-0.0031941730994731188
1891911350475,0.9205705523490906,-9.798270225524902,0.9169792532920837,-0.0042588976211845875,0.005855984054505825,0.0021294488105922937
1891912587762,0.9528923034667969,-9.821015357971191,0.9169792532920837,0.0007985432748682797,0.005589802749454975,-0.0013309054775163531
1891913825100,0.9564836025238037,-9.856928825378418,0.9181763529777527,-0.0023956298828125,0.005589802749454975,0.0013309054775163531
1891915062387,0.933738648891449,-9.799468040466309,0.9133879542350769,-0.0042588976211845875,0.0039927163161337376,0.0029279920272529125
1891916299700,0.9433155059814453,-9.799468040466309,0.9421183466911316,0.0013309054775163531,0.0063883461989462376,0.0053236219100654125
1891917537012,0.9193734526634216,-9.822212219238281,0.8918401598930359,-0.0005323622026480734,0.0002661811013240367,0.0053236219100654125
1891918774325,0.9876081943511963,-9.762357711791992,0.9289502501487732,-0.0023956298828125,0.0031941730994731188,0.005589802749454975
1891920011637,0.9744400978088379,-9.80904483795166,0.9145850539207458,0.0002661811013240367,0.003460354171693325,0.005057440605014563
1891921248937,0.9540894031524658,-9.80904483795166,0.8547300100326538,0.0021294488105922937,0.003460354171693325,0.0037265352439135313
1891922486250,0.9349357485771179,-9.801861763000488,0.9349357485771179,-0.0018632676219567657,0.0039927163161337376,0.003460354171693325
1891923723562,0.9720458984375,-9.81024169921875,0.9169792532920837,-0.0029279920272529125,0.008251613937318325,0.0053236219100654125
1891924960862,0.9576807022094727,-9.819818496704102,0.9277531504631042,-0.0026618109550327063,0.008783976547420025,0.0066545275039970875
1891926198175,0.9085995554924011,-9.800664901733398,0.9085995554924011,0.0010647244052961469,0.0031941730994731188,0.0037265352439135313
1891927435475,0.9205705523490906,-9.807847023010254,0.8954314589500427,-0.0066545275039970875,0.0015970865497365594,0.0037265352439135313
1891928672812,0.8990227580070496,-9.819818496704102,0.8990227580070496,-0.0039927163161337376,0.00692070834338665,0.0063883461989462376
1891929910100,0.9265560507774353,-9.817423820495605,0.8990227580070496,-0.0018632676219567657,0.0029279920272529125,0.007453070487827063
1891931147412,0.9181763529777527,-9.836577415466309,0.8822633624076843,0.0039927163161337376,0.0023956298828125,0.0039927163161337376
1891932384725,0.9265560507774353,-9.816226959228516,0.9133879542350769,0.0021294488105922937,0.006122165359556675,0.0071868896484375
1891933622025,0.9026140570640564,-9.847352027893066,0.8966285586357117,-0.0002661811013240367,0.0066545275039970875,0.010913425125181675
1891934859337,0.9445126056671143,-9.831789016723633,0.9085995554924011,-0.0015970865497365594,0.0037265352439135313,0.0031941730994731188
1891936096650,0.9516952037811279,-9.852140426635742,0.8786720037460327,-0.0007985432748682797,0.005589802749454975,0.003460354171693325
1891937333950,0.910993754863739,-9.855731010437012,0.9241618514060974,-0.0002661811013240367,0.0053236219100654125,0.003460354171693325
1891938571262,0.933738648891449,-9.836577415466309,0.9229647517204285,-0.0007985432748682797,0.0013309054775163531,0.0066545275039970875
1891939808587,0.9636662006378174,-9.84376049041748,0.9074024558067322,-0.0002661811013240367,0.00452507846057415,0.007453070487827063
1891941045887,0.9301473498344421,-9.874884605407715,0.8607155084609985,-0.0002661811013240367,0.0031941730994731188,0.007453070487827063
1891942283187,0.9576807022094727,-9.823410034179688,0.8942343592643738,-0.003460354171693325,0.0037265352439135313,0.0071868896484375
1891943520512,0.93254154920578,-9.782708168029785,0.8331822156906128,-0.0013309054775163531,0.0053236219100654125,0.010114881210029125
1891944757825,0.9373299479484558,-9.807847023010254,0.8966285586357117,-0.0010647244052961469,0.0039927163161337376,0.0063883461989462376
1891945995137,0.9612720012664795,-9.801861763000488,0.9157821536064148,0.0037265352439135313,0.004791259765625,0.0090501569211483
1891947232425,0.9624691009521484,-9.821015357971191,0.8942343592643738,0.0029279920272529125,0.00692070834338665,0.0077192517928779125
1891948469725,0.9014169573783875,-9.789891242980957,0.9193734526634216,-0.0013309054775163531,0.0090501569211483,0.0042588976211845875
1891949707037,0.889445960521698,-9.81143856048584,0.8655039072036743,-0.0005323622026480734,0.006122165359556675,0.0023956298828125
1891950944375,0.9828197956085205,-9.807847023010254,0.9313444495201111,0.0005323622026480734,0.005589802749454975,0.005589802749454975
1891952181662,0.9193734526634216,-9.798270225524902,0.889445960521698,0.0005323622026480734,0.0090501569211483,0.005057440605014563
1891953418987,0.9169792532920837,-9.783905029296875,0.8774749040603638,0.0031941730994731188,0.0037265352439135313,0.003460354171693325
1891954656275,0.9253589510917664,-9.821015357971191,0.8427590131759644,-0.0018632676219567657,0.008517795242369175,0.0042588976211845875
1891955893587,0.9277531504631042,-9.84495735168457,0.888248860836029,0.0037265352439135313,0.0053236219100654125,0.0071868896484375
1891957130900,0.9253589510917664,-9.807847023010254,0.8559271097183228,0.0042588976211845875,-0.0026618109550327063,0.01117960549890995
1891958368200,0.8870517611503601,-9.81024169921875,0.8702923059463501,-0.0018632676219567657,0.004791259765625,0.0077192517928779125
1891959605500,0.933738648891449,-9.841365814208984,0.9169792532920837,0.0005323622026480734,0.008251613937318325,0.00984870083630085
1891960842812,0.9205705523490906,-9.813833236694336,0.9301473498344421,0.0026618109550327063,0.00692070834338665,0.00931633822619915
1891962080125,0.9169792532920837,-9.816226959228516,0.849941611289978,0.0063883461989462376,0.0063883461989462376,0.00931633822619915
1891963317450,0.9528923034667969,-9.80904483795166,0.8774749040603638,-0.0007985432748682797,0.008517795242369175,0.007985432632267475
1891964554750,0.9540894031524658,-9.834183692932129,0.889445960521698,-0.0010647244052961469,0.01463996060192585,0.004791259765625
1891965792075,0.9385270476341248,-9.805453300476074,0.9193734526634216,0.0,0.005057440605014563,0.0063883461989462376
1891967029375,0.9528923034667969,-9.7791166305542,0.9193734526634216,0.0021294488105922937,0.0018632676219567657,0.0063883461989462376
1891968266675,0.9145850539207458,-9.824606895446777,0.8810662031173706,0.0042588976211845875,0.005589802749454975,0.007453070487827063
1891969503987,0.94930100440979,-9.768342971801758,0.9026140570640564,0.0039927163161337376,0.0071868896484375,0.007985432632267475
1891970741287,0.9277531504631042,-9.799468040466309,0.9002198576927185,0.0042588976211845875,0.007453070487827063,0.008517795242369175
1891971978587,0.9229647517204285,-9.821015357971191,0.8858546614646912,0.0015970865497365594,0.005057440605014563,0.0077192517928779125
1891973215912,0.9385270476341248,-9.823410034179688,0.910993754863739,0.007453070487827063,0.0039927163161337376,0.00958251953125
1891974453237,0.9696516990661621,-9.81263542175293,0.9145850539207458,0.0039927163161337376,0.005057440605014563,0.008517795242369175
1891975690512,0.9289502501487732,-9.819818496704102,0.8667010068893433,0.0015970865497365594,0.0042588976211845875,0.004791259765625
1891976927825,0.9241618514060974,-9.831789016723633,0.8595184087753296,0.003460354171693325,0.0063883461989462376,0.010913425125181675
1891978165150,0.950498104095459,-9.822212219238281,0.9169792532920837,0.0029279920272529125,0.0090501569211483,0.0071868896484375
1891979402462,0.93254154920578,-9.794679641723633,0.9684545993804932,-0.0021294488105922937,0.005855984054505825,0.008251613937318325
1891980639762,0.9205705523490906,-9.825803756713867,0.9181763529777527,-0.003460354171693325,0.0010647244052961469,0.013309055007994175
1891981877062,0.9181763529777527,-9.84495735168457,0.8786720037460327,0.0007985432748682797,0.0010647244052961469,0.01703559048473835
1891983114387,0.9313444495201111,-9.792284965515137,0.9301473498344421,0.0031941730994731188,0.0010647244052961469,0.0119781494140625
1891984351700,0.9397241473197937,-9.799468040466309,0.8978256583213806,0.0023956298828125,0.00692070834338665,0.0063883461989462376
1891985588987,0.889445960521698,-9.836577415466309,0.9014169573783875,0.0,0.0071868896484375,0.0077192517928779125
1891986826312,0.9385270476341248,-9.827000617980957,0.9085995554924011,0.0021294488105922937,0.0066545275039970875,0.01224433071911335
1891988063600,0.9217676520347595,-9.805453300476074,0.8990227580070496,0.0007985432748682797,0.0018632676219567657,0.01117960549890995
1891989300912,0.9253589510917664,-9.819818496704102,0.8774749040603638,0.0063883461989462376,0.0029279920272529125,0.010381062515079975
1891990538225,0.9469068050384521,-9.797073364257812,0.9050082564353943,0.008517795242369175,0.003460354171693325,0.00958251953125
1891991775537,0.9205705523490906,-9.804256439208984,0.8870517611503601,0.0031941730994731188,0.00692070834338665,0.0066545275039970875
1891993012837,0.9385270476341248,-9.793481826782227,0.8750807046890259,0.006122165359556675,0.0066545275039970875,0.012510511092841625
1891994250162,0.9038111567497253,-9.805453300476074,0.9050082564353943,0.0026618109550327063,-0.0002661811013240367,0.014373779296875
1891995487462,0.9600749015808105,-9.791088104248047,0.8930372595787048,0.0053236219100654125,-0.005855984054505825,0.0157046839594841
1891996724762,0.9133879542350769,-9.767146110534668,0.8966285586357117,0.0031941730994731188,0.0031941730994731188,0.00958251953125
1891997962087,0.9768342971801758,-9.77552604675293,0.8667010068893433,0.0015970865497365594,0.0029279920272529125,0.0173017717897892
1891999199400,0.9684545993804932,-9.780314445495605,0.9085995554924011,0.004791259765625,0.003460354171693325,0.01357523538172245
1892000436700,0.9481039047241211,-9.780314445495605,0.8858546614646912,0.00452507846057415,0.0023956298828125,0.01463996060192585
1892001674012,0.93254154920578,-9.759963035583496,0.9038111567497253,0.0066545275039970875,0.0010647244052961469,0.014906140975654125
1892002911325,0.9301473498344421,-9.803058624267578,0.9026140570640564,0.00692070834338665,-0.0013309054775163531,0.012776692397892475
1892004148637,0.9361328482627869,-9.786299705505371,0.9133879542350769,0.0029279920272529125,0.0039927163161337376,0.0119781494140625
1892005385937,0.9564836025238037,-9.81263542175293,0.851138710975647,0.0007985432748682797,0.0018632676219567657,0.01171196810901165
1892006623237,0.9457097053527832,-9.799468040466309,0.8702923059463501,0.0042588976211845875,0.0023956298828125,0.01171196810901165
1892007860562,0.9397241473197937,-9.823410034179688,0.9002198576927185,0.0042588976211845875,0.0029279920272529125,0.0114457868039608
1892009097862,0.9516952037811279,-9.786299705505371,0.8978256583213806,0.006122165359556675,0.0015970865497365594,0.01597086526453495
1892010335175,0.9457097053527832,-9.805453300476074,0.8678981065750122,0.007453070487827063,-0.0007985432748682797,0.0157046839594841
1892011572475,0.9002198576927185,-9.824606895446777,0.8810662031173706,0.0063883461989462376,0.0042588976211845875,0.015172322280704975
1892012809800,0.9265560507774353,-9.84376049041748,0.8750807046890259,0.006122165359556675,-0.003460354171693325,0.015172322280704975
1892014047100,0.93254154920578,-9.818621635437012,0.9157821536064148,0.0053236219100654125,-0.0029279920272529125,0.0114457868039608
1892015284387,0.9744400978088379,-9.7791166305542,0.9157821536064148,0.005855984054505825,0.003460354171693325,0.015438503585755825
1892016521725,0.8966285586357117,-9.805453300476074,0.9026140570640564,0.0071868896484375,0.006122165359556675,0.01889885775744915
1892017759025,0.9181763529777527,-9.805453300476074,0.8918401598930359,0.00692070834338665,-0.0010647244052961469,0.012510511092841625
1892018996337,0.9361328482627869,-9.81024169921875,0.8918401598930359,0.0037265352439135313,-0.0010647244052961469,0.014906140975654125
1892020233637,0.9205705523490906,-9.829395294189453,0.9241618514060974,0.00452507846057415,-0.0023956298828125,0.01650322787463665
1892021470962,0.9445126056671143,-9.834183692932129,0.9157821536064148,0.005057440605014563,-0.0039927163161337376,0.01463996060192585
1892022708262,0.9612720012664795,-9.793481826782227,0.8930372595787048,0.0026618109550327063,0.0053236219100654125,0.01117960549890995
1892023945562,0.9205705523490906,-9.781511306762695,0.888248860836029,0.005589802749454975,0.0007985432748682797,0.015172322280704975
1892025182875,0.9445126056671143,-9.835380554199219,0.8367735147476196,0.0002661811013240367,-0.0029279920272529125,0.0167694091796875
1892026420187,0.9361328482627869,-9.804256439208984,0.8678981065750122,0.0015970865497365594,0.0026618109550327063,0.0167694091796875
1892027657500,0.933738648891449,-9.77791976928711,0.9050082564353943,0.0071868896484375,0.0002661811013240367,0.01597086526453495
1892028894825,0.8738836050033569,-9.81024169921875,0.8786720037460327,0.0039927163161337376,0.0002661811013240367,0.013309055007994175
1892030132112,0.9277531504631042,-9.822212219238281,0.889445960521698,0.0029279920272529125,0.0015970865497365594,0.0196974016726017
1892031369425,0.9624691009521484,-9.827000617980957,0.912190854549408,0.0071868896484375,-0.0026618109550327063,0.01996358297765255
1892032606737,0.9385270476341248,-9.801861763000488,0.9145850539207458,0.0037265352439135313,-0.0039927163161337376,0.0223592109978199
1892033844062,0.8918401598930359,-9.75397777557373,0.9050082564353943,0.0042588976211845875,-0.0013309054775163531,0.0244886614382267
1892035081350,0.9145850539207458,-9.81024169921875,0.9085995554924011,0.0023956298828125,-0.0031941730994731188,0.0119781494140625
1892036318662,0.9074024558067322,-9.786299705505371,0.9241618514060974,0.0029279920272529125,-0.0026618109550327063,0.0167694091796875
1892037555987,0.9373299479484558,-9.836577415466309,0.9038111567497253,0.0026618109550327063,-0.0015970865497365594,0.0167694091796875
1892038793287,0.9469068050384521,-9.803058624267578,0.8810662031173706,-0.0037265352439135313,0.0007985432748682797,0.0173017717897892
1892040030600,0.9409212470054626,-9.819818496704102,0.8786720037460327,0.0026618109550327063,-0.0013309054775163531,0.01410759799182415
1892041267900,0.9002198576927185,-9.835380554199219,0.9085995554924011,-0.0021294488105922937,-0.0010647244052961469,0.01597086526453495
1892042505225,0.9277531504631042,-9.818621635437012,0.8810662031173706,0.0002661811013240367,0.0,0.01703559048473835
1892043742525,0.9409212470054626,-9.823410034179688,0.8810662031173706,0.007453070487827063,-0.0053236219100654125,0.0191650390625
1892044979825,0.9145850539207458,-9.80904483795166,0.8786720037460327,0.0042588976211845875,-0.007985432632267475,0.023956298828125
1892046217137,0.9074024558067322,-9.819818496704102,0.888248860836029,0.0015970865497365594,-0.005855984054505825,0.01597086526453495
1892047454475,0.8942343592643738,-9.806650161743164,0.9097966551780701,0.0037265352439135313,-0.0090501569211483,0.01597086526453495
1892048691775,0.9157821536064148,-9.856928825378418,0.8930372595787048,-0.0023956298828125,-0.0066545275039970875,0.0167694091796875
1892049929062,0.933738648891449,-9.789891242980957,0.8822633624076843,-0.0007985432748682797,-0.0018632676219567657,0.01836649514734745
1892051166387,0.9433155059814453,-9.75158405303955,0.9074024558067322,0.0015970865497365594,-0.0037265352439135313,0.01756795309484005
1892052403687,0.9385270476341248,-9.801861763000488,0.9385270476341248,0.003460354171693325,-0.00692070834338665,0.014906140975654125
1892053641012,0.9014169573783875,-9.804256439208984,0.9062053561210632,-0.0023956298828125,-0.006122165359556675,0.01410759799182415
1892054878325,0.9421183466911316,-9.852140426635742,0.9038111567497253,-0.0013309054775163531,-0.00692070834338665,0.0196974016726017
1892056115625,0.9265560507774353,-9.807847023010254,0.8942343592643738,0.0023956298828125,-0.006122165359556675,0.01410759799182415
1892057352912,0.9349357485771179,-9.806650161743164,0.9169792532920837,0.0013309054775163531,-0.00931633822619915,0.015438503585755825
1892058590225,0.9193734526634216,-9.771934509277344,0.9062053561210632,0.006122165359556675,-0.012510511092841625,0.0138414166867733
1892059827537,0.9217676520347595,-9.803058624267578,0.9469068050384521,0.0021294488105922937,-0.00692070834338665,0.01224433071911335
1892061064862,0.9421183466911316,-9.825803756713867,0.94930100440979,0.0039927163161337376,-0.008517795242369175,0.02022976242005825
1892062302150,0.9660604000091553,-9.813833236694336,0.9002198576927185,0.0026618109550327063,-0.007985432632267475,0.0173017717897892
1892063539475,0.9624691009521484,-9.804256439208984,0.9085995554924011,0.0023956298828125,-0.014373779296875,0.01650322787463665
1892064776762,0.93254154920578,-9.815030097961426,0.912190854549408,-0.0005323622026480734,-0.0077192517928779125,0.01943122036755085
1892066014100,0.9409212470054626,-9.822212219238281,0.9074024558067322,-0.0002661811013240367,-0.007453070487827063,0.01463996060192585
1892067251400,0.9457097053527832,-9.793481826782227,0.8702923059463501,0.0005323622026480734,-0.013042873702943325,0.0204959437251091
1892068488700,0.8834604620933533,-9.799468040466309,0.8822633624076843,0.0010647244052961469,-0.01783413253724575,0.01943122036755085
1892069726012,0.8930372595787048,-9.819818496704102,0.9205705523490906,0.0015970865497365594,-0.01224433071911335,0.0196974016726017
1892070963337,0.889445960521698,-9.813833236694336,0.8678981065750122,0.0026618109550327063,-0.01117960549890995,0.0186326764523983
1892072200662,0.9241618514060974,-9.827000617980957,0.9193734526634216,0.0053236219100654125,-0.0090501569211483,0.01650322787463665
1892073437937,0.9241618514060974,-9.834183692932129,0.9229647517204285,0.0042588976211845875,-0.010381062515079975,0.01783413253724575
1892074675262,0.8978256583213806,-9.860519409179688,0.888248860836029,-0.0002661811013240367,-0.012776692397892475,0.01597086526453495
1892075912562,0.8762778043746948,-9.84615421295166,0.9253589510917664,0.0018632676219567657,-0.012776692397892475,0.015438503585755825
1892077149875,0.9217676520347595,-9.836577415466309,0.9038111567497253,0.005855984054505825,-0.01463996060192585,0.01463996060192585
1892078387175,0.8906430602073669,-9.806650161743164,0.8774749040603638,0.0026618109550327063,-0.013042873702943325,0.014906140975654125
1892079624475,0.8870517611503601,-9.835380554199219,0.9289502501487732,0.0021294488105922937,-0.0119781494140625,0.01996358297765255
1892080861800,0.9062053561210632,-9.821015357971191,0.9457097053527832,0.0015970865497365594,-0.01171196810901165,0.014373779296875
1892082099100,0.8834604620933533,-9.801861763000488,0.889445960521698,0.0,-0.0162370465695858,0.01836649514734745
1892083336412,0.912190854549408,-9.768342971801758,0.9421183466911316,0.0039927163161337376,-0.01410759799182415,0.0173017717897892
1892084573725,0.9349357485771179,-9.791088104248047,0.9361328482627869,0.0013309054775163531,-0.010381062515079975,0.0173017717897892
1892085811050,0.8942343592643738,-9.782708168029785,0.9313444495201111,-0.0026618109550327063,-0.010647243820130825,0.014906140975654125
1892087048337,0.9026140570640564,-9.795876502990723,0.9085995554924011,0.0031941730994731188,-0.0119781494140625,0.014906140975654125
1892088285662,0.8978256583213806,-9.806650161743164,0.8870517611503601,0.00452507846057415,-0.014373779296875,0.01943122036755085
1892089522975,0.9062053561210632,-9.77672290802002,0.8834604620933533,-0.0007985432748682797,-0.01463996060192585,0.0173017717897892
1892090760287,0.9169792532920837,-9.825803756713867,0.9145850539207458,-0.003460354171693325,-0.010114881210029125,0.01463996060192585
1892091997587,0.9253589510917664,-9.785102844238281,0.9313444495201111,-0.0023956298828125,-0.01224433071911335,0.010647243820130825
1892093234912,0.9157821536064148,-9.823410034179688,0.8738836050033569,0.003460354171693325,-0.01703559048473835,0.00984870083630085
1892094472212,0.912190854549408,-9.795876502990723,0.9014169573783875,0.0018632676219567657,-0.0119781494140625,0.013309055007994175
1892095709512,0.9050082564353943,-9.794679641723633,0.9002198576927185,0.0039927163161337376,-0.01597086526453495,0.01117960549890995
1892096946812,0.9193734526634216,-9.817423820495605,0.9241618514060974,0.0005323622026480734,-0.01171196810901165,0.01410759799182415
1892098184125,0.8990227580070496,-9.817423820495605,0.9217676520347595,0.0015970865497365594,-0.01117960549890995,0.0077192517928779125
1892099421450,0.8822633624076843,-9.803058624267578,0.8822633624076843,0.005057440605014563,-0.01650322787463665,0.014906140975654125
1892100658762,0.888248860836029,-9.805453300476074,0.9062053561210632,0.00452507846057415,-0.0196974016726017,0.0181003138422966
1892101896062,0.9277531504631042,-9.801861763000488,0.8738836050033569,0.0013309054775163531,-0.01171196810901165,0.01463996060192585
1892103133362,0.9062053561210632,-9.828198432922363,0.9038111567497253,0.0026618109550327063,-0.0119781494140625,0.007985432632267475
1892104370687,0.8690952062606812,-9.807847023010254,0.8906430602073669,0.0010647244052961469,-0.0215606689453125,0.010913425125181675
1892105608000,0.8774749040603638,-9.795876502990723,0.93254154920578,-0.0002661811013240367,-0.0196974016726017,0.013309055007994175
1892106845300,0.9014169573783875,-9.774328231811523,0.889445960521698,0.00692070834338665,-0.008783976547420025,0.01463996060192585
1892108082612,0.9074024558067322,-9.7791166305542,0.8738836050033569,0.0053236219100654125,-0.010913425125181675,0.01357523538172245
1892109319937,0.9193734526634216,-9.807847023010254,0.8822633624076843,-0.0015970865497365594,-0.015438503585755825,0.0119781494140625
1892110557225,0.8954314589500427,-9.789891242980957,0.9014169573783875,-0.0013309054775163531,-0.01171196810901165,0.00958251953125
1892111794525,0.8702923059463501,-9.77791976928711,0.9277531504631042,0.0031941730994731188,-0.010913425125181675,0.013042873702943325
1892113031862,0.9157821536064148,-9.763554573059082,0.9289502501487732,0.00452507846057415,-0.015172322280704975,0.0157046839594841
1892114269150,0.8810662031173706,-9.768342971801758,0.9062053561210632,0.0015970865497365594,-0.015438503585755825,0.010913425125181675
1892115506475,0.8702923059463501,-9.81263542175293,0.9528923034667969,0.0031941730994731188,-0.0157046839594841,0.01117960549890995
1892116743787,0.8966285586357117,-9.813833236694336,0.9133879542350769,0.003460354171693325,-0.01224433071911335,0.0114457868039608
1892117981087,0.9193734526634216,-9.80904483795166,0.9002198576927185,0.0023956298828125,-0.00931633822619915,0.010647243820130825
1892119218400,0.9253589510917664,-9.795876502990723,0.9205705523490906,0.0021294488105922937,-0.01756795309484005,0.014906140975654125
1892120455700,0.9050082564353943,-9.786299705505371,0.933738648891449,0.0013309054775163531,-0.0162370465695858,0.01410759799182415
1892121693012,0.8595184087753296,-9.827000617980957,0.9469068050384521,0.0010647244052961469,-0.010381062515079975,0.0119781494140625
1892122930350,0.8774749040603638,-9.813833236694336,0.8906430602073669,0.0039927163161337376,-0.013309055007994175,0.0119781494140625
1892124167637,0.8667010068893433,-9.78869342803955,0.9085995554924011,0.0053236219100654125,-0.0119781494140625,0.012510511092841625
1892125404950,0.8822633624076843,-9.771934509277344,0.9085995554924011,0.0037265352439135313,-0.0090501569211483,0.013042873702943325
1892126642237,0.8571242094039917,-9.815030097961426,0.9313444495201111,0.005057440605014563,-0.01117960549890995,0.014373779296875
1892127879575,0.8954314589500427,-9.782708168029785,0.8978256583213806,0.00692070834338665,-0.01224433071911335,0.0157046839594841
1892129116887,0.9085995554924011,-9.77552604675293,0.889445960521698,0.003460354171693325,-0.0138414166867733,0.0162370465695858
1892130354200,0.8535329103469849,-9.786299705505371,0.9313444495201111,0.0037265352439135313,-0.01783413253724575,0.010114881210029125
1892131591500,0.8762778043746948,-9.800664901733398,0.933738648891449,0.0029279920272529125,-0.014373779296875,0.010647243820130825
1892132828825,0.8810662031173706,-9.804256439208984,0.9409212470054626,0.004791259765625,-0.013309055007994175,0.00958251953125
1892134066112,0.8822633624076843,-9.749189376831055,0.9062053561210632,0.005855984054505825,-0.015172322280704975,0.0063883461989462376
1892135303425,0.8403648138046265,-9.81024169921875,0.9241618514060974,0.006122165359556675,-0.0157046839594841,0.00692070834338665
1892136540737,0.8619126081466675,-9.832986831665039,0.8942343592643738,0.00692070834338665,-0.010647243820130825,0.01410759799182415
1892137778050,0.8906430602073669,-9.801861763000488,0.9265560507774353,0.005855984054505825,-0.014906140975654125,0.01224433071911335
1892139015362,0.8655039072036743,-9.829395294189453,0.9074024558067322,0.004791259765625,-0.0162370465695858,0.007985432632267475
1892140252687,0.8762778043746948,-9.829395294189453,0.9313444495201111,0.00452507846057415,-0.01171196810901165,0.013309055007994175
1892141489987,0.8858546614646912,-9.832986831665039,0.9373299479484558,0.0042588976211845875,-0.0077192517928779125,0.01357523538172245
1892142727275,0.8774749040603638,-9.815030097961426,0.9229647517204285,0.005855984054505825,-0.010647243820130825,0.012776692397892475
1892143964575,0.8798691034317017,-9.797073364257812,0.9074024558067322,0.0077192517928779125,-0.010647243820130825,0.010647243820130825
1892145201900,0.8930372595787048,-9.838972091674805,0.9217676520347595,0.00692070834338665,-0.010647243820130825,0.01357523538172245
1892146439212,0.9097966551780701,-9.827000617980957,0.8942343592643738,0.0063883461989462376,-0.008251613937318325,0.005057440605014563
1892147676525,0.888248860836029,-9.837775230407715,0.9253589510917664,0.007985432632267475,-0.0162370465695858,0.008251613937318325
1892148913850,0.8547300100326538,-9.825803756713867,0.9277531504631042,0.007985432632267475,-0.0167694091796875,0.012510511092841625
1892150151150,0.8607155084609985,-9.827000617980957,0.912190854549408,0.008517795242369175,-0.010647243820130825,0.00958251953125
1892151388462,0.8631097078323364,-9.817423820495605,0.9385270476341248,0.0066545275039970875,-0.0114457868039608,0.0042588976211845875
1892152625750,0.9014169573783875,-9.821015357971191,0.933738648891449,0.0029279920272529125,-0.008783976547420025,0.007453070487827063
1892153863075,0.8702923059463501,-9.849745750427246,0.9253589510917664,0.0031941730994731188,-0.0015970865497365594,0.010647243820130825
1892155100387,0.8643068075180054,-9.836577415466309,0.9457097053527832,0.0018632676219567657,-0.007453070487827063,0.0119781494140625
1892156337712,0.8954314589500427,-9.828198432922363,0.8846575617790222,0.0053236219100654125,-0.0114457868039608,0.010114881210029125
1892157575000,0.8403648138046265,-9.816226959228516,0.8930372595787048,0.0063883461989462376,-0.00931633822619915,0.00931633822619915
1892158812312,0.8690952062606812,-9.84615421295166,0.9397241473197937,0.0021294488105922937,-0.0119781494140625,0.0066545275039970875
1892160049625,0.849941611289978,-9.864110946655273,0.8870517611503601,0.0015970865497365594,-0.005855984054505825,0.0063883461989462376
1892161286925,0.8343793153762817,-9.852140426635742,0.9385270476341248,0.0031941730994731188,-0.00692070834338665,0.00931633822619915
1892162524250,0.8595184087753296,-9.873687744140625,0.8918401598930359,0.0053236219100654125,-0.0063883461989462376,0.005855984054505825
1892163761562,0.8702923059463501,-9.831789016723633,0.9085995554924011,0.005855984054505825,-0.0066545275039970875,0.0039927163161337376
1892164998862,0.871489405632019,-9.819818496704102,0.871489405632019,0.007985432632267475,-0.007985432632267475,0.008251613937318325
1892166236162,0.8750807046890259,-9.832986831665039,0.910993754863739,0.00931633822619915,-0.0037265352439135313,0.0021294488105922937
1892167473475,0.8655039072036743,-9.81024169921875,0.8906430602073669,0.006122165359556675,-0.0031941730994731188,0.0063883461989462376
1892168710800,0.8391677141189575,-9.791088104248047,0.93254154920578,0.0053236219100654125,-0.0053236219100654125,0.006122165359556675
1892169948112,0.829590916633606,-9.81263542175293,0.9313444495201111,0.005057440605014563,-0.007453070487827063,0.005057440605014563
1892171185425,0.871489405632019,-9.799468040466309,0.8918401598930359,0.0037265352439135313,-0.0029279920272529125,0.00931633822619915
1892172422712,0.8798691034317017,-9.77791976928711,0.9217676520347595,0.0039927163161337376,-0.0002661811013240367,0.006122165359556675
1892173660037,0.8451532125473022,-9.832986831665039,0.9301473498344421,0.005589802749454975,-0.00452507846057415,0.0021294488105922937
1892174897362,0.8762778043746948,-9.84615421295166,0.9289502501487732,0.005057440605014563,-0.003460354171693325,0.0
1892176134650,0.889445960521698,-9.799468040466309,0.9217676520347595,0.003460354171693325,0.0013309054775163531,0.0066545275039970875
1892177371962,0.8463503122329712,-9.817423820495605,0.9217676520347595,0.007985432632267475,-0.003460354171693325,0.00452507846057415
1892178609275,0.8595184087753296,-9.849745750427246,0.910993754863739,0.00452507846057415,-0.0039927163161337376,0.0010647244052961469
1892179846575,0.8858546614646912,-9.831789016723633,0.93254154920578,0.0053236219100654125,-0.0023956298828125,0.0005323622026480734
1892181083900,0.8702923059463501,-9.817423820495605,0.9409212470054626,0.0037265352439135313,-0.0015970865497365594,0.005057440605014563
1892182321212,0.8595184087753296,-9.831789016723633,0.9385270476341248,0.0015970865497365594,0.0021294488105922937,0.0037265352439135313
1892183558525,0.8978256583213806,-9.813833236694336,0.93254154920578,0.0015970865497365594,-0.0005323622026480734,0.00692070834338665
1892184795825,0.8870517611503601,-9.823410034179688,0.9528923034667969,0.00452507846057415,-0.0037265352439135313,0.0021294488105922937
1892186033137,0.8678981065750122,-9.86889934539795,0.9014169573783875,0.0013309054775163531,0.0007985432748682797,0.0010647244052961469
1892187270462,0.8918401598930359,-9.81143856048584,0.9229647517204285,0.005057440605014563,-0.0005323622026480734,0.0026618109550327063
1892188507750,0.8966285586357117,-9.816226959228516,0.9157821536064148,0.008517795242369175,0.0007985432748682797,0.0031941730994731188
1892189745062,0.8667010068893433,-9.827000617980957,0.9193734526634216,0.00692070834338665,0.007985432632267475,0.0023956298828125
1892190982375,0.871489405632019,-9.806650161743164,0.9205705523490906,0.003460354171693325,0.005589802749454975,0.005589802749454975
1892192219687,0.8475474119186401,-9.792284965515137,0.9265560507774353,0.0037265352439135313,-0.0005323622026480734,0.005057440605014563
1892193456987,0.8738836050033569,-9.798270225524902,0.9301473498344421,0.0039927163161337376,-0.0026618109550327063,0.0077192517928779125
1892194694325,0.8810662031173706,-9.795876502990723,0.8870517611503601,0.0029279920272529125,-0.0015970865497365594,0.0023956298828125
1892195931625,0.8678981065750122,-9.793481826782227,0.9205705523490906,0.003460354171693325,-0.0037265352439135313,0.0010647244052961469
1892197168937,0.8667010068893433,-9.822212219238281,0.9409212470054626,0.003460354171693325,-0.0002661811013240367,0.005855984054505825
1892198406237,0.8607155084609985,-9.834183692932129,0.9540894031524658,-0.0013309054775163531,0.0018632676219567657,0.0063883461989462376
1892199643562,0.8667010068893433,-9.785102844238281,0.9265560507774353,0.0026618109550327063,0.0005323622026480734,0.0053236219100654125
1892200880850,0.8678981065750122,-9.794679641723633,0.889445960521698,0.0042588976211845875,0.0031941730994731188,0.0063883461989462376
1892202118175,0.8547300100326538,-9.822212219238281,0.93254154920578,0.0026618109550327063,0.007985432632267475,0.006122165359556675
1892203355475,0.9002198576927185,-9.849745750427246,0.8750807046890259,0.00452507846057415,0.0077192517928779125,0.0023956298828125
1892204592787,0.8331822156906128,-9.819818496704102,0.9313444495201111,0.0037265352439135313,0.0071868896484375,0.0053236219100654125
1892205830112,0.8822633624076843,-9.793481826782227,0.9373299479484558,0.0039927163161337376,0.0005323622026480734,0.0023956298828125
1892207067412,0.8954314589500427,-9.852140426635742,0.9205705523490906,0.0007985432748682797,0.0013309054775163531,0.0
1892208304712,0.8583213090896606,-9.823410034179688,0.9062053561210632,0.0005323622026480734,0.0042588976211845875,-0.0007985432748682797
1892209542025,0.8667010068893433,-9.817423820495605,0.9756371974945068,0.0026618109550327063,0.0090501569211483,0.0037265352439135313
1892210779337,0.9145850539207458,-9.821015357971191,0.9241618514060974,0.0013309054775163531,0.0039927163161337376,0.0021294488105922937
1892212016637,0.8750807046890259,-9.80904483795166,0.9516952037811279,0.005589802749454975,0.0053236219100654125,0.0039927163161337376
1892213253962,0.8655039072036743,-9.799468040466309,0.9085995554924011,0.0029279920272529125,0.00452507846057415,0.0066545275039970875
1892214491275,0.849941611289978,-9.782708168029785,0.9540894031524658,0.0,0.005057440605014563,0.004791259765625
1892215728612,0.8547300100326538,-9.805453300476074,0.910993754863739,0.0026618109550327063,0.00984870083630085,0.003460354171693325
1892216965912,0.8762778043746948,-9.792284965515137,0.9648633003234863,0.0042588976211845875,0.010647243820130825,0.0026618109550327063
1892218203187,0.8475474119186401,-9.800664901733398,0.9457097053527832,0.005855984054505825,0.00452507846057415,0.0026618109550327063
1892219440500,0.8583213090896606,-9.821015357971191,0.9038111567497253,0.0023956298828125,0.0042588976211845875,0.0037265352439135313
1892220677812,0.871489405632019,-9.841365814208984,0.9528923034667969,0.0007985432748682797,0.0015970865497365594,0.0071868896484375
1892221915137,0.871489405632019,-9.807847023010254,0.9433155059814453,0.0002661811013240367,0.0037265352439135313,0.0053236219100654125
1892223152437,0.871489405632019,-9.792284965515137,0.9085995554924011,0.0039927163161337376,0.0077192517928779125,0.0018632676219567657
1892224389750,0.8367735147476196,-9.84256362915039,0.9373299479484558,0.0037265352439135313,0.0026618109550327063,0.0037265352439135313
1892225627037,0.872686505317688,-9.791088104248047,0.9433155059814453,0.0053236219100654125,0.00692070834338665,0.0090501569211483
1892226864375,0.8834604620933533,-9.804256439208984,0.9684545993804932,0.003460354171693325,0.010381062515079975,0.0021294488105922937
1892228101675,0.8918401598930359,-9.815030097961426,0.9253589510917664,0.0023956298828125,0.01117960549890995,0.0013309054775163531
1892229338987,0.8631097078323364,-9.785102844238281,0.888248860836029,0.005589802749454975,0.005855984054505825,0.0039927163161337376
1892230576312,0.8439561128616333,-9.771934509277344,0.9229647517204285,0.00984870083630085,0.0066545275039970875,0.0031941730994731188
1892231813612,0.9026140570640564,-9.793481826782227,0.9516952037811279,0.004791259765625,0.0066545275039970875,0.0077192517928779125
1892233050925,0.9097966551780701,-9.824606895446777,0.9600749015808105,0.0018632676219567657,0.0053236219100654125,0.0077192517928779125
1892234288225,0.8762778043746948,-9.773131370544434,0.9289502501487732,0.0013309054775163531,0.01117960549890995,0.0021294488105922937
1892235525562,0.8571242094039917,-9.831789016723633,0.9516952037811279,-0.0010647244052961469,0.0162370465695858,0.0005323622026480734
1892236762862,0.8954314589500427,-9.771934509277344,0.9433155059814453,-0.0005323622026480734,0.008783976547420025,0.0015970865497365594
1892238000162,0.9062053561210632,-9.78869342803955,0.9229647517204285,0.0021294488105922937,0.0039927163161337376,0.0039927163161337376
1892239237487,0.9002198576927185,-9.816226959228516,0.9205705523490906,0.0063883461989462376,0.0090501569211483,0.0037265352439135313
1892240474787,0.8559271097183228,-9.81024169921875,0.912190854549408,0.0053236219100654125,0.0071868896484375,0.0
1892241712112,0.8367735147476196,-9.795876502990723,0.9636662006378174,0.0,0.0063883461989462376,0.0053236219100654125
1892242949400,0.9062053561210632,-9.801861763000488,0.933738648891449,0.00452507846057415,0.008251613937318325,0.0042588976211845875
1892244186712,0.8762778043746948,-9.786299705505371,0.912190854549408,0.0042588976211845875,0.012776692397892475,-0.0005323622026480734
1892245424025,0.8391677141189575,-9.825803756713867,0.970848798751831,0.0039927163161337376,0.01224433071911335,0.0013309054775163531
1892246661362,0.8702923059463501,-9.81024169921875,0.9157821536064148,0.0029279920272529125,0.010647243820130825,0.00452507846057415
1892247898662,0.8439561128616333,-9.805453300476074,0.8858546614646912,0.0015970865497365594,0.010114881210029125,0.0029279920272529125
1892249135975,0.8607155084609985,-9.819818496704102,0.9409212470054626,0.0018632676219567657,0.00984870083630085,0.0031941730994731188
1892250373275,0.8978256583213806,-9.791088104248047,0.9552865028381348,0.008783976547420025,0.008251613937318325,0.0063883461989462376
1892251610575,0.9002198576927185,-9.780314445495605,0.9289502501487732,0.0023956298828125,0.0114457868039608,-0.0002661811013240367
1892252847887,0.8870517611503601,-9.81263542175293,0.9696516990661621,0.0018632676219567657,0.01171196810901165,-0.0013309054775163531
1892254085212,0.8774749040603638,-9.799468040466309,0.9361328482627869,0.0018632676219567657,0.00984870083630085,0.0029279920272529125
1892255322487,0.8990227580070496,-9.81143856048584,0.9241618514060974,0.005057440605014563,0.00958251953125,0.0002661811013240367
1892256559837,0.9074024558067322,-9.80904483795166,0.9385270476341248,0.0042588976211845875,0.00958251953125,0.0005323622026480734
1892257797137,0.9062053561210632,-9.829395294189453,0.950498104095459,0.0021294488105922937,0.010647243820130825,-0.0031941730994731188
1892259034450,0.8834604620933533,-9.828198432922363,0.9648633003234863,0.0026618109550327063,0.00692070834338665,0.0005323622026480734
1892260271750,0.8403648138046265,-9.807847023010254,0.9852139949798584,-0.0002661811013240367,0.005589802749454975,-0.0010647244052961469
1892261509075,0.8631097078323364,-9.799468040466309,0.9576807022094727,0.0007985432748682797,0.0119781494140625,0.0005323622026480734
1892262746375,0.9097966551780701,-9.84376049041748,0.9265560507774353,0.00984870083630085,0.008251613937318325,0.0066545275039970875
1892263983687,0.8583213090896606,-9.763554573059082,0.9217676520347595,0.0029279920272529125,0.015438503585755825,-0.005855984054505825
1892265221000,0.8475474119186401,-9.770737648010254,0.9445126056671143,0.0031941730994731188,0.0119781494140625,-0.0053236219100654125
1892266458312,0.8858546614646912,-9.794679641723633,0.9349357485771179,-0.0018632676219567657,0.013309055007994175,-0.00452507846057415
1892267695612,0.8930372595787048,-9.837775230407715,0.910993754863739,-0.0005323622026480734,0.00984870083630085,-0.0029279920272529125
1892268932937,0.8990227580070496,-9.818621635437012,0.933738648891449,0.0031941730994731188,0.010913425125181675,-0.0026618109550327063
1892270170250,0.9145850539207458,-9.794679641723633,0.94930100440979,-0.0002661811013240367,0.00984870083630085,-0.004791259765625
1892271407562,0.912190854549408,-9.855731010437012,0.9361328482627869,-0.0015970865497365594,0.0063883461989462376,0.0002661811013240367
1892272644875,0.9157821536064148,-9.831789016723633,0.9229647517204285,0.0029279920272529125,0.0037265352439135313,0.00452507846057415
1892273882162,0.8990227580070496,-9.782708168029785,0.9648633003234863,0.0015970865497365594,0.00958251953125,-0.003460354171693325
1892275119487,0.8810662031173706,-9.827000617980957,0.950498104095459,0.0005323622026480734,0.0210283063352108,-0.0026618109550327063
1892276356800,0.8930372595787048,-9.823410034179688,0.9014169573783875,-0.0005323622026480734,0.0162370465695858,-0.003460354171693325
1892277594087,0.871489405632019,-9.829395294189453,0.9097966551780701,-0.0031941730994731188,0.01224433071911335,-0.0002661811013240367
1892278831437,0.889445960521698,-9.840168952941895,0.9469068050384521,0.0,0.010647243820130825,-0.00452507846057415
1892280068737,0.8475474119186401,-9.824606895446777,0.9469068050384521,0.0010647244052961469,0.008783976547420025,-0.006122165359556675
1892281306037,0.9421183466911316,-9.861717224121094,0.9085995554924011,-0.0005323622026480734,0.01597086526453495,-0.007453070487827063
1892282543362,0.8786720037460327,-9.807847023010254,0.9229647517204285,-0.0037265352439135313,0.0138414166867733,-0.0037265352439135313
1892283780662,0.8918401598930359,-9.815030097961426,0.9612720012664795,0.0,0.010913425125181675,-0.0029279920272529125
1892285017962,0.8607155084609985,-9.836577415466309,0.9433155059814453,0.0005323622026480734,0.013309055007994175,-0.005589802749454975
1892286255262,0.8307880163192749,-9.825803756713867,0.9097966551780701,-0.004791259765625,0.010114881210029125,-0.012510511092841625
1892287492587,0.8990227580070496,-9.817423820495605,0.910993754863739,-0.005855984054505825,0.01650322787463665,-0.0138414166867733
1892288729900,0.9145850539207458,-9.824606895446777,0.8930372595787048,-0.0002661811013240367,0.01703559048473835,-0.0042588976211845875
1892289967200,0.8966285586357117,-9.818621635437012,0.912190854549408,-0.0005323622026480734,0.01171196810901165,-0.00984870083630085
1892291204512,0.9265560507774353,-9.819818496704102,0.8990227580070496,-0.0007985432748682797,0.0071868896484375,-0.008517795242369175
1892292441812,0.9014169573783875,-9.795876502990723,0.9289502501487732,-0.0018632676219567657,0.00958251953125,-0.006122165359556675
1892293679150,0.9289502501487732,-9.786299705505371,0.93254154920578,-0.0007985432748682797,0.013309055007994175,-0.00692070834338665
1892294916462,0.910993754863739,-9.792284965515137,0.9469068050384521,-0.0005323622026480734,0.015172322280704975,-0.006122165359556675
1892296153762,0.8930372595787048,-9.789891242980957,0.970848798751831,-0.0023956298828125,0.010381062515079975,-0.007453070487827063
1892297391075,0.8738836050033569,-9.819818496704102,0.9636662006378174,-0.0026618109550327063,0.014906140975654125,-0.007985432632267475
1892298628375,0.9097966551780701,-9.77791976928711,0.9540894031524658,-0.0013309054775163531,0.01171196810901165,-0.0029279920272529125
1892299865712,0.9373299479484558,-9.738415718078613,0.9289502501487732,-0.0018632676219567657,0.01171196810901165,-0.0015970865497365594
1892301103000,0.8978256583213806,-9.7420072555542,0.9576807022094727,0.0018632676219567657,0.00984870083630085,-0.0013309054775163531
1892302340312,0.9313444495201111,-9.749189376831055,0.9409212470054626,-0.0010647244052961469,0.01117960549890995,-0.0010647244052961469
1892303577625,0.8774749040603638,-9.7420072555542,0.9469068050384521,0.0002661811013240367,0.013309055007994175,-0.00452507846057415
1892304814937,0.9050082564353943,-9.728838920593262,0.8990227580070496,-0.0007985432748682797,0.01783413253724575,-0.005589802749454975
1892306052250,0.9229647517204285,-9.746795654296875,0.9445126056671143,0.003460354171693325,0.0181003138422966,-0.0090501569211483
1892307289575,0.9193734526634216,-9.767146110534668,0.9253589510917664,0.005589802749454975,0.010381062515079975,-0.00692070834338665
1892308526875,0.9002198576927185,-9.749189376831055,0.9253589510917664,0.0002661811013240367,0.010647243820130825,-0.0053236219100654125
1892309764187,0.8822633624076843,-9.7420072555542,0.9385270476341248,0.0031941730994731188,0.01650322787463665,0.0
1892311001487,0.93254154920578,-9.744400978088379,0.9241618514060974,0.0037265352439135313,0.01224433071911335,0.0010647244052961469
1892312238812,0.9085995554924011,-9.774328231811523,0.933738648891449,0.0021294488105922937,0.01171196810901165,-0.005589802749454975
1892313476125,0.8990227580070496,-9.792284965515137,0.9385270476341248,0.0018632676219567657,0.012510511092841625,-0.0042588976211845875
1892314713425,0.9085995554924011,-9.762357711791992,0.933738648891449,0.0021294488105922937,0.01224433071911335,0.0023956298828125
1892315950737,0.8966285586357117,-9.78869342803955,0.9181763529777527,0.0039927163161337376,0.01703559048473835,-0.0071868896484375
1892317188050,0.9588778018951416,-9.794679641723633,0.9516952037811279,0.008251613937318325,0.01410759799182415,-0.0066545275039970875
1892318425362,0.9301473498344421,-9.836577415466309,0.950498104095459,0.0077192517928779125,0.0114457868039608,-0.0031941730994731188
1892319662687,0.9205705523490906,-9.84256362915039,0.9528923034667969,0.0026618109550327063,0.01357523538172245,-0.0037265352439135313
1892320899987,0.9169792532920837,-9.818621635437012,0.9062053561210632,0.00931633822619915,0.0114457868039608,-0.006122165359556675
1892322137262,0.9097966551780701,-9.795876502990723,0.9253589510917664,0.005855984054505825,0.010647243820130825,-0.0021294488105922937
1892323374600,0.9085995554924011,-9.858125686645508,0.9516952037811279,0.0015970865497365594,0.012510511092841625,-0.003460354171693325
1892324611912,0.9241618514060974,-9.816226959228516,0.9205705523490906,0.004791259765625,0.014373779296875,-0.005589802749454975
1892325849225,0.8954314589500427,-9.804256439208984,0.9588778018951416,0.0066545275039970875,0.008517795242369175,-0.0021294488105922937
1892327086550,0.8738836050033569,-9.789891242980957,0.93254154920578,0.0063883461989462376,0.0063883461989462376,-0.0029279920272529125
1892328323850,0.912190854549408,-9.823410034179688,0.9445126056671143,0.0066545275039970875,0.010381062515079975,-0.00452507846057415
1892329561150,0.9445126056671143,-9.841365814208984,0.9277531504631042,0.0090501569211483,0.0138414166867733,-0.0023956298828125
1892330798462,0.9205705523490906,-9.77672290802002,0.94930100440979,0.0042588976211845875,0.0196974016726017,-0.0026618109550327063
1892332035775,0.889445960521698,-9.81263542175293,0.9145850539207458,0.0026618109550327063,0.013042873702943325,-0.0018632676219567657
1892333273100,0.8750807046890259,-9.805453300476074,0.9600749015808105,0.005589802749454975,0.010114881210029125,-0.0023956298828125
1892334510387,0.9265560507774353,-9.818621635437012,0.9612720012664795,0.005589802749454975,0.0066545275039970875,-0.0037265352439135313
1892335747712,0.8966285586357117,-9.815030097961426,0.9421183466911316,0.005589802749454975,0.00958251953125,-0.005589802749454975
1892336985025,0.9289502501487732,-9.84495735168457,0.9564836025238037,0.0037265352439135313,0.0119781494140625,-0.006122165359556675
1892338222325,0.9014169573783875,-9.825803756713867,0.9397241473197937,0.0023956298828125,0.013042873702943325,-0.0015970865497365594
1892339459650,0.8870517611503601,-9.792284965515137,0.9720458984375,0.0023956298828125,0.010114881210029125,0.0
1892340696950,0.9133879542350769,-9.832986831665039,0.9301473498344421,0.0031941730994731188,0.0090501569211483,-0.0021294488105922937
1892341934275,0.9157821536064148,-9.865307807922363,0.9229647517204285,0.004791259765625,0.013042873702943325,-0.0031941730994731188
1892343171587,0.9229647517204285,-9.885659217834473,0.9157821536064148,0.0018632676219567657,0.01117960549890995,-0.00692070834338665
1892344408887,0.8391677141189575,-9.87967300415039,0.9074024558067322,0.0039927163161337376,0.01410759799182415,-0.0002661811013240367
1892345646200,0.9002198576927185,-9.801861763000488,0.9720458984375,0.006122165359556675,0.012776692397892475,-0.0026618109550327063
1892346883512,0.9397241473197937,-9.825803756713867,0.9373299479484558,0.0071868896484375,0.0063883461989462376,-0.00452507846057415
1892348120812,0.8942343592643738,-9.80904483795166,0.9193734526634216,0.0007985432748682797,0.0138414166867733,-0.00452507846057415
1892349358137,0.8930372595787048,-9.817423820495605,0.94930100440979,0.0029279920272529125,0.01783413253724575,-0.005057440605014563
1892350595462,0.9409212470054626,-9.816226959228516,0.9361328482627869,0.0013309054775163531,0.01783413253724575,-0.0063883461989462376
1892351832762,0.9445126056671143,-9.81024169921875,0.933738648891449,-0.0007985432748682797,0.01597086526453495,-0.0031941730994731188
1892353070062,0.9205705523490906,-9.822212219238281,0.9433155059814453,0.0005323622026480734,0.013042873702943325,0.0002661811013240367
1892354307375,0.912190854549408,-9.821015357971191,0.94930100440979,0.005855984054505825,0.015172322280704975,-0.0042588976211845875
1892355544687,0.8918401598930359,-9.864110946655273,0.9169792532920837,0.0007985432748682797,0.01756795309484005,-0.010114881210029125
1892356781987,0.8846575617790222,-9.798270225524902,0.973242998123169,0.0007985432748682797,0.01943122036755085,-0.005589802749454975
1892358019325,0.9085995554924011,-9.832986831665039,0.9564836025238037,0.0007985432748682797,0.0138414166867733,-0.00452507846057415
1892359256625,0.9229647517204285,-9.825803756713867,0.9564836025238037,0.0018632676219567657,0.010913425125181675,-0.0037265352439135313
1892360493950,0.8906430602073669,-9.855731010437012,0.9624691009521484,0.0042588976211845875,0.01410759799182415,-0.00958251953125
1892361731250,0.8918401598930359,-9.849745750427246,0.9804255962371826,0.0021294488105922937,0.0138414166867733,-0.003460354171693325
1892362968562,0.9002198576927185,-9.84615421295166,0.9301473498344421,0.00692070834338665,0.010381062515079975,-0.00692070834338665
1892364205862,0.9097966551780701,-9.84495735168457,0.9169792532920837,0.005589802749454975,0.013309055007994175,-0.007453070487827063
1892365443175,0.9409212470054626,-9.865307807922363,0.9457097053527832,0.0029279920272529125,0.0157046839594841,-0.0090501569211483
1892366680500,0.9014169573783875,-9.848548889160156,0.94930100440979,0.003460354171693325,0.01171196810901165,-0.0042588976211845875
1892367917812,0.93254154920578,-9.894038200378418,0.94930100440979,-0.0037265352439135313,0.01463996060192585,-0.00984870083630085
1892369155125,0.8858546614646912,-9.855731010437012,0.9193734526634216,0.0053236219100654125,0.015438503585755825,-0.003460354171693325
1892370392437,0.9014169573783875,-9.860519409179688,0.9301473498344421,0.0042588976211845875,0.015172322280704975,-0.0037265352439135313
1892371629750,0.9289502501487732,-9.856928825378418,0.950498104095459,0.0005323622026480734,0.014373779296875,-0.006122165359556675
1892372867025,0.9133879542350769,-9.853337287902832,0.9205705523490906,0.0039927163161337376,0.013042873702943325,-0.0066545275039970875
1892374104375,0.9050082564353943,-9.892841339111328,0.9026140570640564,0.0,0.01650322787463665,-0.0042588976211845875
1892375341675,0.9241618514060974,-9.93354320526123,0.9588778018951416,-0.0015970865497365594,0.01357523538172245,-0.0029279920272529125
1892376578987,0.9229647517204285,-9.895236015319824,0.9097966551780701,-0.0026618109550327063,0.01357523538172245,-0.0039927163161337376
1892377816287,0.9205705523490906,-9.904812812805176,0.9361328482627869,-0.0026618109550327063,0.0162370465695858,-0.005855984054505825
1892379053612,0.8906430602073669,-9.862914085388184,0.9205705523490906,-0.0023956298828125,0.01836649514734745,-0.0071868896484375
1892380290900,0.9085995554924011,-9.865307807922363,0.9074024558067322,-0.0010647244052961469,0.01783413253724575,-0.0010647244052961469
1892381528225,0.93254154920578,-9.889249801635742,0.950498104095459,-0.00692070834338665,0.01463996060192585,-0.0090501569211483
1892382765537,0.8810662031173706,-9.870096206665039,0.9564836025238037,-0.0023956298828125,0.01836649514734745,-0.01357523538172245
1892384002850,0.9696516990661621,-9.849745750427246,0.9612720012664795,-0.0029279920272529125,0.0167694091796875,-0.008783976547420025
1892385240175,0.9157821536064148,-9.896432876586914,0.9564836025238037,-0.0077192517928779125,0.01889885775744915,-0.014373779296875
1892386477475,0.8559271097183228,-9.891644477844238,0.9181763529777527,-0.00692070834338665,0.01836649514734745,-0.007985432632267475
1892387714787,0.8643068075180054,-9.9000244140625,0.9229647517204285,-0.005855984054505825,0.01463996060192585,-0.003460354171693325
1892388952100,0.8750807046890259,-9.87967300415039,0.9457097053527832,-0.007985432632267475,0.0244886614382267,-0.0066545275039970875
1892390189412,0.889445960521698,-9.877279281616211,0.9349357485771179,-0.0037265352439135313,0.023956298828125,-0.0063883461989462376
1892391426712,0.9014169573783875,-9.864110946655273,0.9445126056671143,-0.006122165359556675,0.0196974016726017,-0.008251613937318325
1892392664025,0.8954314589500427,-9.827000617980957,0.9457097053527832,-0.004791259765625,0.01943122036755085,-0.010913425125181675
1892393901337,0.9133879542350769,-9.860519409179688,0.9038111567497253,-0.008783976547420025,0.0244886614382267,-0.008517795242369175
1892395138662,0.8738836050033569,-9.914389610290527,0.8954314589500427,-0.010647243820130825,0.0271504707634449,-0.01171196810901165
1892396375975,0.8930372595787048,-9.897629737854004,0.9265560507774353,-0.0138414166867733,0.0186326764523983,-0.0114457868039608
1892397613275,0.9062053561210632,-9.907206535339355,0.9481039047241211,-0.01463996060192585,0.02022976242005825,-0.01117960549890995
1892398850587,0.8643068075180054,-9.87967300415039,0.8595184087753296,-0.01224433071911335,0.02555338479578495,-0.01117960549890995
1892400087887,0.9193734526634216,-9.873687744140625,0.8774749040603638,-0.01224433071911335,0.02555338479578495,-0.00931633822619915
1892401325212,0.9253589510917664,-9.877279281616211,0.9373299479484558,-0.01224433071911335,0.01889885775744915,-0.00958251953125
1892402562525,0.933738648891449,-9.9000244140625,0.9181763529777527,-0.012776692397892475,0.02315775491297245,-0.0138414166867733
1892403799850,0.9217676520347595,-9.915586471557617,0.950498104095459,-0.01783413253724575,0.023956298828125,-0.015172322280704975
1892405037150,0.8918401598930359,-9.874884605407715,0.9241618514060974,-0.01357523538172245,0.01783413253724575,-0.0114457868039608
1892406274462,0.9313444495201111,-9.890447616577148,0.9097966551780701,-0.012510511092841625,0.02182685025036335,-0.0114457868039608
1892407511750,0.910993754863739,-9.877279281616211,0.9145850539207458,-0.0138414166867733,0.02794901467859745,-0.01597086526453495
1892408749100,0.9289502501487732,-9.911994934082031,0.9253589510917664,-0.0157046839594841,0.0258195661008358,-0.012776692397892475
1892409986387,0.8990227580070496,-9.840168952941895,0.8966285586357117,-0.0157046839594841,0.02502102218568325,-0.010381062515079975
1892411223712,0.8535329103469849,-9.870096206665039,0.9361328482627869,-0.0181003138422966,0.0252872034907341,-0.010381062515079975
1892412461025,0.8822633624076843,-9.876082420349121,0.9265560507774353,-0.0181003138422966,0.0282151959836483,-0.014373779296875
1892413698337,0.8978256583213806,-9.824606895446777,0.9481039047241211,-0.01650322787463665,0.0268842913210392,-0.01224433071911335
1892414935625,0.8930372595787048,-9.815030097961426,0.9145850539207458,-0.0186326764523983,0.0263519287109375,-0.0138414166867733
1892416172950,0.9181763529777527,-9.86650562286377,0.8942343592643738,-0.01756795309484005,0.02502102218568325,-0.010913425125181675
1892417410275,0.8858546614646912,-9.862914085388184,0.9062053561210632,-0.01597086526453495,0.0271504707634449,-0.01171196810901165
1892418647587,0.9038111567497253,-9.854534149169922,0.9361328482627869,-0.01650322787463665,0.0314093679189682,-0.00958251953125
1892419884887,0.8858546614646912,-9.806650161743164,0.9205705523490906,-0.0173017717897892,0.0314093679189682,-0.01117960549890995
1892421122187,0.9050082564353943,-9.84256362915039,0.94930100440979,-0.0157046839594841,0.02901373989880085,-0.010381062515079975
1892422359512,0.9169792532920837,-9.84615421295166,0.9217676520347595,-0.01597086526453495,0.0263519287109375,-0.01410759799182415
1892423596825,0.9229647517204285,-9.821015357971191,0.9217676520347595,-0.01996358297765255,0.0271504707634449,-0.010913425125181675
1892424834137,0.9361328482627869,-9.836577415466309,0.8906430602073669,-0.02129448764026165,0.03087700717151165,-0.010647243820130825
1892426071437,0.9169792532920837,-9.815030097961426,0.9157821536064148,-0.01756795309484005,0.0306108258664608,-0.006122165359556675
1892427308775,0.8798691034317017,-9.838972091674805,0.8954314589500427,-0.01836649514734745,0.03034464456140995,-0.00931633822619915
1892428546075,0.8978256583213806,-9.801861763000488,0.9217676520347595,-0.014373779296875,0.0300784632563591,-0.010647243820130825
1892429783375,0.9074024558067322,-9.800664901733398,0.9217676520347595,-0.010114881210029125,0.02981228195130825,-0.008251613937318325
1892431020675,0.9301473498344421,-9.81024169921875,0.8690952062606812,-0.014373779296875,0.0359344482421875,-0.003460354171693325
1892432258025,0.973242998123169,-9.837775230407715,0.8690952062606812,-0.013042873702943325,0.0324740931391716,-0.007453070487827063
1892433495312,0.9229647517204285,-9.804256439208984,0.9469068050384521,-0.0119781494140625,0.0330064557492733,-0.0114457868039608
1892434732625,0.9684545993804932,-9.840168952941895,0.871489405632019,-0.0173017717897892,0.0362006276845932,-0.0053236219100654125
1892435969950,0.9217676520347595,-9.821015357971191,0.9050082564353943,-0.0162370465695858,0.0367329902946949,-0.008783976547420025
1892437207250,0.9433155059814453,-9.807847023010254,0.8678981065750122,-0.013042873702943325,0.0314093679189682,-0.010647243820130825
1892438444575,0.9672574996948242,-9.822212219238281,0.8930372595787048,-0.01650322787463665,0.0330064557492733,-0.004791259765625
1892439681887,0.9301473498344421,-9.81024169921875,0.9409212470054626,-0.01783413253724575,0.02874755859375,-0.007453070487827063
1892440919187,0.9564836025238037,-9.792284965515137,0.9181763529777527,-0.0181003138422966,0.0343373604118824,-0.006122165359556675
1892442156475,0.93254154920578,-9.859322547912598,0.8619126081466675,-0.014373779296875,0.0359344482421875,0.0007985432748682797
1892443393812,0.9361328482627869,-9.81143856048584,0.9026140570640564,-0.0138414166867733,0.03087700717151165,-0.0053236219100654125
1892444631125,0.9277531504631042,-9.782708168029785,0.9157821536064148,-0.01783413253724575,0.0306108258664608,-0.0077192517928779125
1892445868437,0.9600749015808105,-9.800664901733398,0.9002198576927185,-0.0181003138422966,0.0346035435795784,-0.0037265352439135313
1892447105750,0.9205705523490906,-9.803058624267578,0.8798691034317017,-0.01410759799182415,0.0306108258664608,-0.0037265352439135313
1892448343050,0.9409212470054626,-9.789891242980957,0.9014169573783875,-0.012776692397892475,0.033538818359375,0.0002661811013240367
1892449580375,0.9193734526634216,-9.806650161743164,0.8906430602073669,-0.01463996060192585,0.02981228195130825,-0.004791259765625
1892450817687,0.9445126056671143,-9.834183692932129,0.8559271097183228,-0.013042873702943325,0.033272635191679,-0.0037265352439135313
1892452055000,0.9373299479484558,-9.786299705505371,0.8535329103469849,-0.00931633822619915,0.0348697230219841,-0.0021294488105922937
1892453292287,0.9576807022094727,-9.7791166305542,0.9241618514060974,-0.0066545275039970875,0.0282151959836483,0.0005323622026480734
1892454529637,0.9301473498344421,-9.81263542175293,0.9133879542350769,-0.012510511092841625,0.0346035435795784,0.0023956298828125
1892455766925,0.9313444495201111,-9.816226959228516,0.9277531504631042,-0.010114881210029125,0.0330064557492733,0.003460354171693325
1892457004237,0.9433155059814453,-9.785102844238281,0.8858546614646912,-0.01357523538172245,0.0364668108522892,-0.0063883461989462376
1892458241550,0.9277531504631042,-9.757569313049316,0.8942343592643738,-0.01650322787463665,0.038063894957304,0.0
1892459478875,0.9684545993804932,-9.782708168029785,0.9097966551780701,-0.00931633822619915,0.02874755859375,0.0021294488105922937
1892460716187,0.9397241473197937,-9.799468040466309,0.9002198576927185,-0.0090501569211483,0.02794901467859745,-0.0010647244052961469
1892461953487,0.9397241473197937,-9.7791166305542,0.9026140570640564,-0.01171196810901165,0.0348697230219841,-0.0063883461989462376
1892463190800,0.950498104095459,-9.757569313049316,0.8954314589500427,-0.0138414166867733,0.0385962575674057,-0.0013309054775163531
1892464428112,0.9852139949798584,-9.771934509277344,0.912190854549408,-0.0114457868039608,0.0364668108522892,0.003460354171693325
1892465665437,0.9768342971801758,-9.774328231811523,0.9097966551780701,-0.008251613937318325,0.0356682650744915,0.0029279920272529125
1892466902737,0.9133879542350769,-9.797073364257812,0.871489405632019,-0.005057440605014563,0.0388624407351017,-0.003460354171693325
1892468140050,0.9038111567497253,-9.785102844238281,0.8846575617790222,-0.00931633822619915,0.0375315360724926,-0.0005323622026480734
1892469377375,0.973242998123169,-9.783905029296875,0.8954314589500427,-0.008783976547420025,0.0327402763068676,0.0037265352439135313
1892470614712,0.9289502501487732,-9.762357711791992,0.8942343592643738,-0.007453070487827063,0.0319417305290699,0.0010647244052961469
1892471851987,0.9900023937225342,-9.774328231811523,0.871489405632019,-0.0039927163161337376,0.0399271659553051,0.0018632676219567657
1892473089300,0.94930100440979,-9.75517463684082,0.9097966551780701,-0.007453070487827063,0.0449846051633358,0.0015970865497365594
1892474326612,0.9229647517204285,-9.793481826782227,0.9253589510917664,-0.012510511092841625,0.0359344482421875,0.0013309054775163531
1892475563937,0.9516952037811279,-9.764751434326172,0.872686505317688,-0.010114881210029125,0.0346035435795784,0.0018632676219567657
1892476801250,0.9409212470054626,-9.771934509277344,0.9074024558067322,-0.0077192517928779125,0.038330078125,0.0015970865497365594
1892478038562,0.9433155059814453,-9.783905029296875,0.8942343592643738,-0.0010647244052961469,0.0356682650744915,0.0042588976211845875
1892479275850,0.9373299479484558,-9.732430458068848,0.8535329103469849,-0.0007985432748682797,0.0364668108522892,0.0039927163161337376
1892480513162,0.9253589510917664,-9.743204116821289,0.8487445116043091,-0.007453070487827063,0.0364668108522892,0.0010647244052961469
1892481750475,0.9564836025238037,-9.805453300476074,0.8858546614646912,-0.00931633822619915,0.0359344482421875,0.0039927163161337376
1892482987800,0.9756371974945068,-9.750386238098145,0.8822633624076843,-0.00931633822619915,0.0340711809694767,0.0023956298828125
1892484225125,0.93254154920578,-9.740809440612793,0.8631097078323364,-0.0066545275039970875,0.0338049978017807,0.0039927163161337376
1892485462412,0.993593692779541,-9.806650161743164,0.8978256583213806,-0.00692070834338665,0.0393948033452034,0.0063883461989462376
1892486699750,0.9780313968658447,-9.785102844238281,0.8954314589500427,-0.01463996060192585,0.0412580706179142,0.0026618109550327063
1892487937037,0.9229647517204285,-9.768342971801758,0.9409212470054626,-0.00692070834338665,0.0388624407351017,0.0018632676219567657
1892489174362,0.9445126056671143,-9.77672290802002,0.9097966551780701,0.0015970865497365594,0.0399271659553051,0.007985432632267475
1892490411675,0.9816226959228516,-9.84256362915039,0.8918401598930359,-0.004791259765625,0.0330064557492733,0.0090501569211483
1892491648975,0.9900023937225342,-9.803058624267578,0.8990227580070496,-0.007453070487827063,0.0391286201775074,0.0077192517928779125
1892492886300,0.9804255962371826,-9.767146110534668,0.9229647517204285,-0.005057440605014563,0.0377977155148983,0.0037265352439135313
1892494123625,0.973242998123169,-9.75278091430664,0.9301473498344421,-0.005589802749454975,0.0425889752805233,0.0037265352439135313
1892495360912,0.9744400978088379,-9.763554573059082,0.9552865028381348,-0.004791259765625,0.0391286201775074,0.00692070834338665
1892496598237,0.9481039047241211,-9.75158405303955,0.9229647517204285,-0.0018632676219567657,0.0407257080078125,0.007453070487827063
1892497835550,1.0067617893218994,-9.733627319335938,0.888248860836029,-0.0018632676219567657,0.0367329902946949,0.0018632676219567657
1892499072875,0.9481039047241211,-9.744400978088379,0.872686505317688,-0.0021294488105922937,0.038330078125,0.004791259765625
1892500310162,0.9720458984375,-9.780314445495605,0.8918401598930359,-0.0037265352439135313,0.0362006276845932,0.00452507846057415
1892501547487,1.013944387435913,-9.803058624267578,0.9062053561210632,-0.004791259765625,0.0351359061896801,0.0077192517928779125
1892502784800,0.9804255962371826,-9.7791166305542,0.8954314589500427,-0.008783976547420025,0.0359344482421875,0.0114457868039608
1892504022100,0.9768342971801758,-9.756372451782227,0.8667010068893433,-0.005589802749454975,0.0359344482421875,0.0077192517928779125
1892505259400,0.9876081943511963,-9.757569313049316,0.9026140570640564,-0.0018632676219567657,0.0377977155148983,0.0037265352439135313
1892506496712,0.9959878921508789,-9.770737648010254,0.872686505317688,-0.0013309054775163531,0.0354020856320858,0.003460354171693325
1892507734050,0.9409212470054626,-9.762357711791992,0.8690952062606812,0.0,0.0364668108522892,0.00984870083630085
1892508971337,0.9600749015808105,-9.761160850524902,0.8690952062606812,0.0010647244052961469,0.0375315360724926,0.0071868896484375
1892510208675,0.9684545993804932,-9.768342971801758,0.8475474119186401,0.0015970865497365594,0.0346035435795784,0.00452507846057415
1892511445975,1.0187327861785889,-9.737218856811523,0.8966285586357117,0.0010647244052961469,0.0369991734623909,0.00452507846057415
1892512683300,0.9744400978088379,-9.756372451782227,0.8942343592643738,0.003460354171693325,0.0404595248401165,0.0031941730994731188
1892513920600,0.9720458984375,-9.792284965515137,0.8487445116043091,-0.0002661811013240367,0.0359344482421875,0.00692070834338665
1892515157912,1.0055646896362305,-9.781511306762695,0.910993754863739,0.0018632676219567657,0.0314093679189682,0.00958251953125
1892516395225,0.9780313968658447,-9.774328231811523,0.9133879542350769,0.0015970865497365594,0.0276828333735466,0.01171196810901165
1892517632537,1.0127472877502441,-9.794679641723633,0.910993754863739,-0.0013309054775163531,0.0393948033452034,0.005057440605014563
1892518869862,0.9971849918365479,-9.765949249267578,0.9050082564353943,-0.0018632676219567657,0.0359344482421875,0.010114881210029125
1892520107175,0.9756371974945068,-9.762357711791992,0.8822633624076843,0.0018632676219567657,0.0324740931391716,0.01171196810901165
1892521344462,0.9888052940368652,-9.780314445495605,0.9181763529777527,0.0013309054775163531,0.0359344482421875,0.0090501569211483
1892522581762,0.9660604000091553,-9.75158405303955,0.8870517611503601,-0.0018632676219567657,0.0351359061896801,0.01357523538172245
1892523819100,0.9792284965515137,-9.77672290802002,0.9229647517204285,0.0,0.0343373604118824,0.012776692397892475
1892525056400,0.9900023937225342,-9.805453300476074,0.9145850539207458,-0.0010647244052961469,0.0364668108522892,0.0114457868039608
1892526293725,0.970848798751831,-9.77552604675293,0.8810662031173706,0.0,0.0348697230219841,0.008517795242369175
1892527531037,0.9971849918365479,-9.80904483795166,0.910993754863739,0.004791259765625,0.0324740931391716,0.0119781494140625
1892528768337,0.9564836025238037,-9.771934509277344,0.9014169573783875,0.00452507846057415,0.033272635191679,0.007453070487827063
1892530005675,0.9923965930938721,-9.7420072555542,0.871489405632019,0.007985432632267475,0.0306108258664608,0.008251613937318325
1892531242962,0.970848798751831,-9.768342971801758,0.8978256583213806,-0.0005323622026480734,0.0359344482421875,0.012510511092841625
1892532480275,0.9768342971801758,-9.75158405303955,0.912190854549408,0.0018632676219567657,0.0359344482421875,0.00452507846057415
1892533717600,0.9684545993804932,-9.771934509277344,0.8810662031173706,0.00692070834338665,0.02874755859375,0.0114457868039608
1892534954900,0.950498104095459,-9.743204116821289,0.8918401598930359,0.0066545275039970875,0.0268842913210392,0.012510511092841625
1892536192212,0.9469068050384521,-9.770737648010254,0.9193734526634216,0.0026618109550327063,0.02981228195130825,0.012510511092841625
1892537429537,0.9433155059814453,-9.773131370544434,0.9181763529777527,0.0042588976211845875,0.02794901467859745,0.014906140975654125
1892538666837,0.9528923034667969,-9.747992515563965,0.8798691034317017,0.0066545275039970875,0.02794901467859745,0.0138414166867733
1892539904162,0.9540894031524658,-9.762357711791992,0.8978256583213806,0.0066545275039970875,0.0324740931391716,0.0071868896484375
1892541141462,0.9792284965515137,-9.798270225524902,0.9038111567497253,0.0039927163161337376,0.0330064557492733,0.0114457868039608
1892542378762,0.973242998123169,-9.797073364257812,0.8523358106613159,0.008783976547420025,0.0319417305290699,0.00984870083630085
1892543616087,0.9923965930938721,-9.781511306762695,0.912190854549408,0.0077192517928779125,0.0271504707634449,0.0090501569211483
1892544853412,0.9660604000091553,-9.761160850524902,0.8762778043746948,0.0077192517928779125,0.02369011752307415,0.008251613937318325
1892546090712,0.9876081943511963,-9.77672290802002,0.8930372595787048,0.012776692397892475,0.02848137728869915,0.01410759799182415
1892547328037,0.993593692779541,-9.749189376831055,0.933738648891449,0.0090501569211483,0.0292799212038517,0.01357523538172245
1892548565350,0.9684545993804932,-9.77552604675293,0.9169792532920837,0.0071868896484375,0.0300784632563591,0.015438503585755825
1892549802662,0.9636662006378174,-9.769539833068848,0.8990227580070496,0.01171196810901165,0.03087700717151165,0.01597086526453495
1892551039962,0.9409212470054626,-9.762357711791992,0.8786720037460327,0.008783976547420025,0.0258195661008358,0.013042873702943325
1892552277262,0.9576807022094727,-9.804256439208984,0.8966285586357117,0.010381062515079975,0.0282151959836483,0.008251613937318325
1892553514587,0.9409212470054626,-9.734824180603027,0.8942343592643738,0.0114457868039608,0.02502102218568325,0.010381062515079975
1892554751900,0.9816226959228516,-9.75158405303955,0.9265560507774353,0.010381062515079975,0.0191650390625,0.013309055007994175
1892555989200,0.9828197956085205,-9.765949249267578,0.9157821536064148,0.00984870083630085,0.0220930315554142,0.01224433071911335
1892557226537,0.9588778018951416,-9.78869342803955,0.8966285586357117,0.0119781494140625,0.02848137728869915,0.012776692397892475
1892558463837,0.970848798751831,-9.768342971801758,0.9253589510917664,0.010114881210029125,0.02794901467859745,0.013309055007994175
1892559701162,0.9636662006378174,-9.7791166305542,0.9313444495201111,0.0077192517928779125,0.0263519287109375,0.014373779296875
1892560938450,0.9672574996948242,-9.795876502990723,0.9038111567497253,0.00958251953125,0.0247548408806324,0.007985432632267475
1892562175787,0.9564836025238037,-9.78869342803955,0.9217676520347595,0.01224433071911335,0.02555338479578495,0.00984870083630085
1892563413087,0.9983820915222168,-9.77672290802002,0.9062053561210632,0.00931633822619915,0.0263519287109375,0.01224433071911335
1892564650400,0.9660604000091553,-9.793481826782227,0.9205705523490906,0.010114881210029125,0.02422248013317585,0.010913425125181675
1892565887725,0.9576807022094727,-9.81024169921875,0.9564836025238037,0.010647243820130825,0.0247548408806324,0.012776692397892475
1892567125037,0.9600749015808105,-9.806650161743164,0.9349357485771179,0.012510511092841625,0.02555338479578495,0.01357523538172245
1892568362350,0.9804255962371826,-9.769539833068848,0.9277531504631042,0.0114457868039608,0.0247548408806324,0.014373779296875
1892569599650,0.9397241473197937,-9.825803756713867,0.9373299479484558,0.01357523538172245,0.01836649514734745,0.010381062515079975
1892570836975,0.9564836025238037,-9.806650161743164,0.9253589510917664,0.010647243820130825,0.02076212503015995,0.010913425125181675
1892572074275,0.9229647517204285,-9.84495735168457,0.9253589510917664,0.0119781494140625,0.023956298828125,0.0138414166867733
1892573311600,0.9433155059814453,-9.81143856048584,0.8906430602073669,0.013309055007994175,0.02262539230287075,0.01171196810901165
1892574548912,0.9816226959228516,-9.819818496704102,0.8738836050033569,0.01117960549890995,0.01943122036755085,0.01597086526453495
1892575786212,0.9624691009521484,-9.762357711791992,0.8750807046890259,0.0114457868039608,0.0181003138422966,0.014906140975654125
1892577023525,0.9397241473197937,-9.822212219238281,0.910993754863739,0.01463996060192585,0.02182685025036335,0.014373779296875
1892578260825,0.9600749015808105,-9.828198432922363,0.9457097053527832,0.013042873702943325,0.0223592109978199,0.00958251953125
1892579498162,0.9624691009521484,-9.838972091674805,0.888248860836029,0.013309055007994175,0.0234239362180233,0.0119781494140625
1892580735462,0.9780313968658447,-9.84256362915039,0.9481039047241211,0.012510511092841625,0.0252872034907341,0.01171196810901165
1892581972787,0.9744400978088379,-9.804256439208984,0.9301473498344421,0.013042873702943325,0.0220930315554142,0.01357523538172245
1892583210100,0.9852139949798584,-9.856928825378418,0.9564836025238037,0.01756795309484005,0.01836649514734745,0.012776692397892475
1892584447400,0.9660604000091553,-9.794679641723633,0.9277531504631042,0.0181003138422966,0.02182685025036335,0.0157046839594841
1892585684712,0.9576807022094727,-9.830592155456543,0.9253589510917664,0.012776692397892475,0.0196974016726017,0.014373779296875
1892586922037,0.9744400978088379,-9.830592155456543,0.9385270476341248,0.0173017717897892,0.02022976242005825,0.00931633822619915
1892588159325,0.9624691009521484,-9.828198432922363,0.9552865028381348,0.01783413253724575,0.01703559048473835,0.010913425125181675
1892589396650,0.9684545993804932,-9.81263542175293,0.9409212470054626,0.0167694091796875,0.01889885775744915,0.01357523538172245
1892590633975,0.9816226959228516,-9.803058624267578,0.8990227580070496,0.01943122036755085,0.0234239362180233,0.014906140975654125
1892591871287,0.9612720012664795,-9.837775230407715,0.9349357485771179,0.02129448764026165,0.02129448764026165,0.013042873702943325
1892593108587,0.9397241473197937,-9.849745750427246,0.9074024558067322,0.01650322787463665,0.0234239362180233,0.0119781494140625
1892594345900,0.9564836025238037,-9.830592155456543,0.9289502501487732,0.01756795309484005,0.01836649514734745,0.012776692397892475
1892595583225,0.9648633003234863,-9.816226959228516,0.9169792532920837,0.014373779296875,0.013042873702943325,0.0114457868039608
1892596820525,0.9588778018951416,-9.81263542175293,0.9385270476341248,0.0162370465695858,0.01756795309484005,0.00958251953125
1892598057837,0.9600749015808105,-9.806650161743164,0.912190854549408,0.0157046839594841,0.01943122036755085,0.01410759799182415
1892599295137,0.9684545993804932,-9.86889934539795,0.9193734526634216,0.01783413253724575,0.0186326764523983,0.015172322280704975
1892600532462,0.9445126056671143,-9.838972091674805,0.9145850539207458,0.01783413253724575,0.01410759799182415,0.010114881210029125
1892601769775,0.9720458984375,-9.827000617980957,0.9097966551780701,0.01463996060192585,0.015438503585755825,0.014373779296875
1892603007100,0.9923965930938721,-9.849745750427246,0.9289502501487732,0.0173017717897892,0.012510511092841625,0.0181003138422966
1892604244400,0.9576807022094727,-9.806650161743164,0.9229647517204285,0.01889885775744915,0.014906140975654125,0.0157046839594841
1892605481725,0.9600749015808105,-9.84376049041748,0.8942343592643738,0.02022976242005825,0.0196974016726017,0.01703559048473835
1892606719037,0.9744400978088379,-9.84615421295166,0.9409212470054626,0.01996358297765255,0.0162370465695858,0.01756795309484005
1892607956350,0.9672574996948242,-9.854534149169922,0.93254154920578,0.01889885775744915,0.01703559048473835,0.01996358297765255
1892609193650,1.0007762908935547,-9.854534149169922,0.9361328482627869,0.01783413253724575,0.013309055007994175,0.0181003138422966
1892610430962,0.9636662006378174,-9.838972091674805,0.9923965930938721,0.0186326764523983,0.008251613937318325,0.01650322787463665
1892611668300,0.9564836025238037,-9.84495735168457,0.9289502501487732,0.02022976242005825,0.00958251953125,0.0173017717897892
1892612905600,0.9840168952941895,-9.799468040466309,0.8810662031173706,0.01703559048473835,0.0162370465695858,0.0162370465695858
1892614142912,0.9648633003234863,-9.81263542175293,0.889445960521698,0.01650322787463665,0.0167694091796875,0.014373779296875
1892615380212,0.9409212470054626,-9.848548889160156,0.9361328482627869,0.01703559048473835,0.0157046839594841,0.015438503585755825
1892616617537,0.9636662006378174,-9.856928825378418,0.950498104095459,0.0210283063352108,0.010114881210029125,0.01650322787463665
1892617854837,0.9792284965515137,-9.858125686645508,0.8966285586357117,0.0173017717897892,0.01357523538172245,0.0119781494140625
1892619092175,0.9600749015808105,-9.81263542175293,0.9229647517204285,0.0196974016726017,0.012510511092841625,0.0173017717897892
1892620329475,0.9720458984375,-9.80904483795166,0.9253589510917664,0.01996358297765255,0.01357523538172245,0.01756795309484005
1892621566800,0.9684545993804932,-9.830592155456543,0.9145850539207458,0.01703559048473835,0.012776692397892475,0.01703559048473835
1892622804112,0.9409212470054626,-9.84376049041748,0.888248860836029,0.01756795309484005,0.015438503585755825,0.0186326764523983
1892624041412,0.970848798751831,-9.84376049041748,0.9229647517204285,0.0210283063352108,0.0167694091796875,0.01650322787463665
1892625278700,0.9648633003234863,-9.840168952941895,0.9097966551780701,0.0196974016726017,0.01357523538172245,0.01889885775744915
1892626516037,0.9409212470054626,-9.847352027893066,0.9193734526634216,0.01357523538172245,0.012510511092841625,0.0215606689453125
1892627753362,0.9421183466911316,-9.840168952941895,0.93254154920578,0.01463996060192585,0.01410759799182415,0.0162370465695858
1892628990662,0.9564836025238037,-9.873687744140625,0.9253589510917664,0.01650322787463665,0.0196974016726017,0.02076212503015995
1892630227975,0.9564836025238037,-9.852140426635742,0.9349357485771179,0.007985432632267475,0.0162370465695858,0.01836649514734745
1892631465300,0.8870517611503601,-9.817423820495605,0.9265560507774353,0.01463996060192585,0.010381062515079975,0.01836649514734745
1892632702600,0.9481039047241211,-9.822212219238281,0.9804255962371826,0.0167694091796875,0.013309055007994175,0.0186326764523983
1892633939912,0.9552865028381348,-9.81263542175293,0.9169792532920837,0.01463996060192585,0.013042873702943325,0.02262539230287075
1892635177212,0.9864110946655273,-9.86650562286377,0.9085995554924011,0.012776692397892475,0.0119781494140625,0.01943122036755085
1892636414525,0.9552865028381348,-9.853337287902832,0.9253589510917664,0.0138414166867733,0.010647243820130825,0.01703559048473835
1892637651875,0.9684545993804932,-9.864110946655273,0.8978256583213806,0.010647243820130825,0.01463996060192585,0.01650322787463665
1892638889162,0.9672574996948242,-9.800664901733398,0.933738648891449,0.014373779296875,0.0114457868039608,0.02369011752307415
1892640126475,0.9229647517204285,-9.80904483795166,0.9385270476341248,0.013042873702943325,0.00931633822619915,0.0220930315554142
1892641363787,0.9385270476341248,-9.819818496704102,0.9253589510917664,0.010114881210029125,0.008517795242369175,0.0210283063352108
1892642601125,0.9301473498344421,-9.84495735168457,0.888248860836029,0.0114457868039608,0.00984870083630085,0.02022976242005825
1892643838425,0.9481039047241211,-9.84615421295166,0.9313444495201111,0.0167694091796875,0.01224433071911335,0.01783413253724575
1892645075725,0.9409212470054626,-9.850942611694336,0.9361328482627869,0.01357523538172245,0.005057440605014563,0.02182685025036335
1892646313050,0.910993754863739,-9.838972091674805,0.9373299479484558,0.0138414166867733,0.007453070487827063,0.02182685025036335
1892647550350,0.9217676520347595,-9.858125686645508,0.8990227580070496,0.013042873702943325,0.0071868896484375,0.0196974016726017
1892648787675,0.9756371974945068,-9.880870819091797,0.9074024558067322,0.0138414166867733,0.006122165359556675,0.02182685025036335
1892650024987,0.933738648891449,-9.84495735168457,0.9217676520347595,0.00958251953125,0.00984870083630085,0.02076212503015995
1892651262300,0.9361328482627869,-9.885659217834473,0.9205705523490906,0.013309055007994175,0.00692070834338665,0.02022976242005825
1892652499612,0.9660604000091553,-9.865307807922363,0.9421183466911316,0.01783413253724575,0.00452507846057415,0.02262539230287075
1892653736925,0.9349357485771179,-9.858125686645508,0.9229647517204285,0.012776692397892475,0.008251613937318325,0.02661811001598835
1892654974225,0.9445126056671143,-9.862914085388184,0.9672574996948242,0.01117960549890995,0.01171196810901165,0.02502102218568325
1892656211550,0.9409212470054626,-9.849745750427246,0.9193734526634216,0.01783413253724575,0.007985432632267475,0.0263519287109375
1892657448862,0.9864110946655273,-9.850942611694336,0.9349357485771179,0.0066545275039970875,0.00984870083630085,0.02555338479578495
1892658686175,0.9828197956085205,-9.870096206665039,0.9409212470054626,0.0053236219100654125,0.010114881210029125,0.02661811001598835
1892659923475,0.9457097053527832,-9.823410034179688,0.9301473498344421,0.015438503585755825,0.0066545275039970875,0.0295461006462574
1892661160800,0.9852139949798584,-9.831789016723633,0.9313444495201111,0.010381062515079975,0.007985432632267475,0.0292799212038517
1892662398112,0.9624691009521484,-9.860519409179688,0.9289502501487732,0.010381062515079975,0.0029279920272529125,0.02369011752307415
1892663635412,0.9301473498344421,-9.800664901733398,0.9145850539207458,0.007453070487827063,0.00692070834338665,0.02369011752307415
1892664872750,0.9349357485771179,-9.853337287902832,0.9385270476341248,0.01117960549890995,0.012510511092841625,0.0292799212038517
1892666110050,1.0247182846069336,-9.813833236694336,0.9265560507774353,0.00984870083630085,0.006122165359556675,0.02901373989880085
1892667347350,0.9265560507774353,-9.87967300415039,0.9229647517204285,0.010381062515079975,0.005589802749454975,0.0276828333735466
1892668584675,0.8810662031173706,-9.871294021606445,0.9445126056671143,0.0077192517928779125,0.003460354171693325,0.02901373989880085
1892669821987,0.933738648891449,-9.870096206665039,0.9301473498344421,0.0042588976211845875,0.010381062515079975,0.03087700717151165
1892671059300,0.9349357485771179,-9.870096206665039,0.9157821536064148,0.008251613937318325,0.008783976547420025,0.0314093679189682
1892672296612,0.9253589510917664,-9.896432876586914,0.9169792532920837,0.006122165359556675,0.004791259765625,0.0330064557492733
1892673533925,0.933738648891449,-9.880870819091797,0.9205705523490906,0.0090501569211483,0.00452507846057415,0.0316755510866642
1892674771225,0.9648633003234863,-9.876082420349121,0.9217676520347595,0.008783976547420025,0.005855984054505825,0.0300784632563591
1892676008562,0.9313444495201111,-9.835380554199219,0.8858546614646912,0.007985432632267475,0.006122165359556675,0.02661811001598835
1892677245887,0.9205705523490906,-9.861717224121094,0.93254154920578,0.0026618109550327063,0.010114881210029125,0.0271504707634449
1892678483175,0.9145850539207458,-9.805453300476074,0.9133879542350769,0.0039927163161337376,0.004791259765625,0.0306108258664608
1892679720500,0.9624691009521484,-9.856928825378418,0.9253589510917664,0.0042588976211845875,0.0053236219100654125,0.02901373989880085
1892680957775,0.9469068050384521,-9.891644477844238,0.910993754863739,0.005589802749454975,0.005589802749454975,0.0268842913210392
1892682195112,0.8858546614646912,-9.836577415466309,0.9241618514060974,0.005589802749454975,0.0010647244052961469,0.0271504707634449
1892683432437,0.9062053561210632,-9.872490882873535,0.9289502501487732,0.0023956298828125,0.0037265352439135313,0.02874755859375
1892684669750,0.9038111567497253,-9.853337287902832,0.9205705523490906,-0.00452507846057415,0.0090501569211483,0.02661811001598835
1892685907062,0.912190854549408,-9.830592155456543,0.9157821536064148,-0.005057440605014563,0.0039927163161337376,0.02901373989880085
1892687144375,0.9253589510917664,-9.789891242980957,0.9265560507774353,0.0010647244052961469,0.00692070834338665,0.0268842913210392
1892688381675,0.9241618514060974,-9.848548889160156,0.9026140570640564,-0.0015970865497365594,0.0090501569211483,0.0276828333735466
1892689619000,0.9481039047241211,-9.884461402893066,0.9265560507774353,-0.0015970865497365594,0.0031941730994731188,0.0311431884765625
1892690856325,0.888248860836029,-9.8784761428833,0.9433155059814453,-0.003460354171693325,0.0037265352439135313,0.0268842913210392
1892692093637,0.9205705523490906,-9.805453300476074,0.9229647517204285,-0.0053236219100654125,0.0042588976211845875,0.0271504707634449
1892693330937,0.9229647517204285,-9.829395294189453,0.9133879542350769,-0.006122165359556675,0.005057440605014563,0.0282151959836483
1892694568250,0.8942343592643738,-9.86889934539795,0.912190854549408,-0.0031941730994731188,0.00692070834338665,0.03087700717151165
1892695805562,0.9265560507774353,-9.841365814208984,0.9193734526634216,-0.003460354171693325,0.0063883461989462376,0.0311431884765625
1892697042862,0.9074024558067322,-9.797073364257812,0.9074024558067322,-0.0066545275039970875,0.005855984054505825,0.02741665206849575
1892698280187,0.888248860836029,-9.850942611694336,0.9540894031524658,-0.00984870083630085,0.005589802749454975,0.0271504707634449
1892699517512,0.9050082564353943,-9.824606895446777,0.9229647517204285,-0.0066545275039970875,0.005855984054505825,0.0263519287109375
1892700754812,0.9014169573783875,-9.805453300476074,0.9349357485771179,-0.007453070487827063,0.0053236219100654125,0.02502102218568325
1892701992150,0.8798691034317017,-9.862914085388184,0.9145850539207458,-0.008517795242369175,0.010913425125181675,0.0282151959836483
1892703229450,0.93254154920578,-9.858125686645508,0.9217676520347595,-0.00452507846057415,0.008517795242369175,0.0276828333735466
1892704466762,0.9265560507774353,-9.836577415466309,0.8942343592643738,-0.007453070487827063,0.0053236219100654125,0.02901373989880085
1892705704062,0.9002198576927185,-9.816226959228516,0.9612720012664795,-0.005589802749454975,0.004791259765625,0.0316755510866642
1892706941375,0.93254154920578,-9.821015357971191,0.9457097053527832,-0.008517795242369175,0.00692070834338665,0.02369011752307415
1892708178700,0.9085995554924011,-9.821015357971191,0.9385270476341248,-0.01117960549890995,0.0066545275039970875,0.02901373989880085
1892709416012,0.9193734526634216,-9.824606895446777,0.9181763529777527,-0.0066545275039970875,0.0077192517928779125,0.0276828333735466
1892710653325,0.8822633624076843,-9.828198432922363,0.8966285586357117,-0.01224433071911335,0.01171196810901165,0.02848137728869915
1892711890637,0.8906430602073669,-9.84376049041748,0.8930372595787048,-0.0090501569211483,0.0053236219100654125,0.0316755510866642
1892713127950,0.8571242094039917,-9.827000617980957,0.9133879542350769,-0.007985432632267475,0.003460354171693325,0.02901373989880085
1892714365250,0.9085995554924011,-9.829395294189453,0.8918401598930359,-0.00984870083630085,0.0053236219100654125,0.0252872034907341
1892715602575,0.8810662031173706,-9.825803756713867,0.889445960521698,-0.0077192517928779125,0.005855984054505825,0.02901373989880085
1892716839887,0.8702923059463501,-9.80904483795166,0.9014169573783875,-0.003460354171693325,0.006122165359556675,0.02741665206849575
1892718077200,0.8846575617790222,-9.792284965515137,0.933738648891449,-0.0066545275039970875,0.0063883461989462376,0.0228915736079216
1892719314512,0.9229647517204285,-9.823410034179688,0.9181763529777527,-0.01117960549890995,0.003460354171693325,0.0263519287109375
1892720551825,0.910993754863739,-9.825803756713867,0.9265560507774353,-0.008783976547420025,0.0031941730994731188,0.0258195661008358
1892721789150,0.8906430602073669,-9.787496566772461,0.9157821536064148,-0.012510511092841625,0.0071868896484375,0.02555338479578495
1892723026450,0.933738648891449,-9.803058624267578,0.9157821536064148,-0.01171196810901165,0.003460354171693325,0.0306108258664608
1892724263775,0.8750807046890259,-9.792284965515137,0.9229647517204285,-0.008783976547420025,0.0077192517928779125,0.0314093679189682
1892725501075,0.9157821536064148,-9.77552604675293,0.912190854549408,-0.01224433071911335,0.0066545275039970875,0.033272635191679
1892726738387,0.9205705523490906,-9.797073364257812,0.912190854549408,-0.008783976547420025,0.005589802749454975,0.0338049978017807
1892727975700,0.950498104095459,-9.789891242980957,0.9528923034667969,-0.0119781494140625,0.0071868896484375,0.0276828333735466
1892729213012,0.9133879542350769,-9.781511306762695,0.9277531504631042,-0.0090501569211483,0.0090501569211483,0.0276828333735466
1892730450350,0.9074024558067322,-9.795876502990723,0.8762778043746948,-0.005589802749454975,0.0063883461989462376,0.0295461006462574
1892731687650,0.8906430602073669,-9.800664901733398,0.9301473498344421,-0.010647243820130825,0.005589802749454975,0.0300784632563591
1892732924962,0.8631097078323364,-9.764751434326172,0.8846575617790222,-0.0077192517928779125,0.0013309054775163531,0.02741665206849575
1892734162287,0.871489405632019,-9.795876502990723,0.9445126056671143,-0.005589802749454975,0.00692070834338665,0.02608574740588665
1892735399587,0.8535329103469849,-9.75158405303955,0.9241618514060974,-0.008517795242369175,0.00984870083630085,0.0319417305290699
1892736636900,0.8942343592643738,-9.749189376831055,0.9301473498344421,-0.007985432632267475,0.007453070487827063,0.0306108258664608
1892737874200,0.9002198576927185,-9.783905029296875,0.9038111567497253,-0.008783976547420025,0.007453070487827063,0.0295461006462574
1892739111525,0.8355764150619507,-9.763554573059082,0.8738836050033569,-0.012776692397892475,0.0090501569211483,0.0319417305290699
1892740348862,0.888248860836029,-9.787496566772461,0.8942343592643738,-0.013042873702943325,0.0037265352439135313,0.0359344482421875
1892741586162,0.8918401598930359,-9.747992515563965,0.9217676520347595,-0.008517795242369175,0.0042588976211845875,0.0300784632563591
1892742823450,0.8942343592643738,-9.756372451782227,0.9313444495201111,-0.008517795242369175,0.0039927163161337376,0.0234239362180233
1892744060787,0.9062053561210632,-9.749189376831055,0.9265560507774353,-0.006122165359556675,0.0066545275039970875,0.02741665206849575
1892745298100,0.8475474119186401,-9.75158405303955,0.9313444495201111,-0.004791259765625,0.0063883461989462376,0.0300784632563591
1892746535400,0.910993754863739,-9.787496566772461,0.9217676520347595,-0.00692070834338665,0.0042588976211845875,0.0316755510866642
1892747772725,0.8858546614646912,-9.75397777557373,0.9026140570640564,-0.0053236219100654125,0.0077192517928779125,0.02901373989880085
1892749010037,0.8559271097183228,-9.731232643127441,0.9169792532920837,-0.003460354171693325,0.00958251953125,0.0292799212038517
1892750247350,0.8810662031173706,-9.774328231811523,0.8942343592643738,-0.0015970865497365594,0.008251613937318325,0.02874755859375
1892751484650,0.8954314589500427,-9.794679641723633,0.8583213090896606,-0.0005323622026480734,0.0063883461989462376,0.02874755859375
1892752721975,0.8954314589500427,-9.801861763000488,0.9313444495201111,-0.0029279920272529125,0.005855984054505825,0.0271504707634449
1892753959300,0.9002198576927185,-9.774328231811523,0.9205705523490906,-0.0026618109550327063,0.005057440605014563,0.0268842913210392
1892755196600,0.889445960521698,-9.734824180603027,0.9229647517204285,-0.0037265352439135313,0.0042588976211845875,0.0282151959836483
1892756433925,0.8702923059463501,-9.75517463684082,0.9540894031524658,-0.0023956298828125,0.008783976547420025,0.02794901467859745
1892757671212,0.9133879542350769,-9.762357711791992,0.9157821536064148,0.0063883461989462376,0.006122165359556675,0.02874755859375
1892758908525,0.8846575617790222,-9.803058624267578,0.94930100440979,-0.0013309054775163531,0.0042588976211845875,0.0234239362180233
1892760145862,0.8762778043746948,-9.749189376831055,0.9133879542350769,0.0023956298828125,0.012510511092841625,0.0295461006462574
1892761383187,0.8667010068893433,-9.733627319335938,0.8954314589500427,0.0021294488105922937,0.010647243820130825,0.02661811001598835
1892762620487,0.889445960521698,-9.744400978088379,0.9074024558067322,-0.0090501569211483,0.00984870083630085,0.01996358297765255
1892763857800,0.9014169573783875,-9.758766174316406,0.94930100440979,-0.0015970865497365594,0.008251613937318325,0.0191650390625
1892765095125,0.9050082564353943,-9.759963035583496,0.9169792532920837,0.0023956298828125,0.005855984054505825,0.02555338479578495
1892766332400,0.8954314589500427,-9.761160850524902,0.9301473498344421,-0.0010647244052961469,0.006122165359556675,0.0258195661008358
1892767569737,0.8631097078323364,-9.75517463684082,0.9265560507774353,-0.0021294488105922937,0.005855984054505825,0.01889885775744915
1892768807037,0.8834604620933533,-9.762357711791992,0.8978256583213806,-0.0010647244052961469,0.006122165359556675,0.0252872034907341
1892770044350,0.8750807046890259,-9.736021041870117,0.9265560507774353,0.0023956298828125,0.008783976547420025,0.0295461006462574
1892771281675,0.889445960521698,-9.769539833068848,0.8738836050033569,0.0066545275039970875,0.008783976547420025,0.02608574740588665
1892772519000,0.8738836050033569,-9.774328231811523,0.9097966551780701,0.0077192517928779125,0.0063883461989462376,0.0292799212038517
1892773756312,0.910993754863739,-9.762357711791992,0.9540894031524658,0.008783976547420025,0.00692070834338665,0.02555338479578495
1892774993625,0.9062053561210632,-9.759963035583496,0.9313444495201111,0.008783976547420025,0.0039927163161337376,0.023956298828125
1892776230937,0.8547300100326538,-9.770737648010254,0.9050082564353943,0.0042588976211845875,0.0039927163161337376,0.0234239362180233
1892777468237,0.8834604620933533,-9.794679641723633,0.912190854549408,0.006122165359556675,0.008251613937318325,0.02076212503015995
1892778705562,0.8786720037460327,-9.773131370544434,0.8990227580070496,0.005589802749454975,0.0077192517928779125,0.023956298828125
1892779942875,0.9157821536064148,-9.798270225524902,0.9349357485771179,0.0077192517928779125,0.01117960549890995,0.02262539230287075
1892781180187,0.8643068075180054,-9.789891242980957,0.9133879542350769,0.008517795242369175,0.0114457868039608,0.02182685025036335
1892782417512,0.8523358106613159,-9.762357711791992,0.8858546614646912,0.00692070834338665,0.010381062515079975,0.0228915736079216
1892783654825,0.8834604620933533,-9.780314445495605,0.912190854549408,0.007453070487827063,0.0119781494140625,0.0258195661008358
1892784892137,0.8547300100326538,-9.749189376831055,0.9433155059814453,0.00984870083630085,0.010647243820130825,0.0191650390625
1892786129450,0.910993754863739,-9.786299705505371,0.9265560507774353,0.01117960549890995,0.008251613937318325,0.014906140975654125
1892787366762,0.8870517611503601,-9.783905029296875,0.9313444495201111,0.00984870083630085,0.0063883461989462376,0.0162370465695858
1892788604075,0.9361328482627869,-9.770737648010254,0.8918401598930359,0.008251613937318325,0.008517795242369175,0.0196974016726017
1892789841375,0.8978256583213806,-9.75517463684082,0.8918401598930359,0.0066545275039970875,0.010381062515079975,0.0191650390625
1892791078687,0.8822633624076843,-9.791088104248047,0.9301473498344421,0.012510511092841625,0.0071868896484375,0.01703559048473835
1892792316012,0.8870517611503601,-9.77672290802002,0.9457097053527832,0.01597086526453495,0.0026618109550327063,0.0191650390625
1892793553312,0.8343793153762817,-9.807847023010254,0.9289502501487732,0.013309055007994175,0.0077192517928779125,0.01943122036755085
1892794790637,0.8595184087753296,-9.799468040466309,0.9540894031524658,0.010647243820130825,0.01410759799182415,0.0162370465695858
1892796027950,0.8954314589500427,-9.804256439208984,0.9002198576927185,0.012510511092841625,0.012510511092841625,0.015438503585755825
1892797265287,0.8822633624076843,-9.797073364257812,0.8930372595787048,0.01650322787463665,0.008783976547420025,0.01889885775744915
1892798502575,0.8547300100326538,-9.81024169921875,0.9265560507774353,0.0119781494140625,0.0063883461989462376,0.013309055007994175
1892799739887,0.8523358106613159,-9.80904483795166,0.8643068075180054,0.0090501569211483,0.008251613937318325,0.0173017717897892
1892800977225,0.8690952062606812,-9.801861763000488,0.8834604620933533,0.012510511092841625,0.010381062515079975,0.0191650390625
1892802214525,0.9062053561210632,-9.799468040466309,0.9277531504631042,0.012776692397892475,0.0066545275039970875,0.01836649514734745
1892803451837,0.8918401598930359,-9.793481826782227,0.910993754863739,0.01410759799182415,0.0023956298828125,0.01597086526453495
1892804689150,0.8667010068893433,-9.785102844238281,0.9050082564353943,0.01410759799182415,0.008783976547420025,0.0167694091796875
1892805926500,0.8906430602073669,-9.77552604675293,0.9014169573783875,0.012776692397892475,0.007985432632267475,0.00984870083630085
1892807163762,0.9014169573783875,-9.801861763000488,0.93254154920578,0.013309055007994175,0.0077192517928779125,0.01410759799182415
1892808401087,0.9289502501487732,-9.823410034179688,0.9349357485771179,0.007985432632267475,0.01463996060192585,0.01117960549890995
1892809638412,0.8954314589500427,-9.797073364257812,0.9385270476341248,0.01463996060192585,0.008251613937318325,0.010381062515079975
1892810875712,0.8667010068893433,-9.804256439208984,0.9373299479484558,0.01703559048473835,0.0071868896484375,0.015172322280704975
1892812113025,0.8427590131759644,-9.81024169921875,0.9385270476341248,0.013042873702943325,0.0119781494140625,0.012776692397892475
1892813350350,0.8822633624076843,-9.789891242980957,0.9361328482627869,0.0138414166867733,0.010647243820130825,0.012776692397892475
1892814587675,0.8738836050033569,-9.813833236694336,0.8690952062606812,0.01650322787463665,0.00692070834338665,0.01410759799182415
1892815824975,0.8583213090896606,-9.795876502990723,0.8834604620933533,0.01703559048473835,0.0090501569211483,0.008783976547420025
1892817062287,0.8954314589500427,-9.822212219238281,0.9205705523490906,0.01224433071911335,0.008517795242369175,0.0114457868039608
1892818299587,0.8571242094039917,-9.81024169921875,0.8702923059463501,0.0138414166867733,0.010381062515079975,0.014373779296875
1892819536912,0.8750807046890259,-9.821015357971191,0.9097966551780701,0.01357523538172245,0.0090501569211483,0.013309055007994175
1892820774250,0.8631097078323364,-9.794679641723633,0.9229647517204285,0.01410759799182415,0.006122165359556675,0.00931633822619915
1892822011550,0.9038111567497253,-9.81143856048584,0.8786720037460327,0.02076212503015995,0.005057440605014563,0.01224433071911335
1892823248875,0.8798691034317017,-9.822212219238281,0.9433155059814453,0.01171196810901165,0.010114881210029125,0.012510511092841625
1892824486187,0.8762778043746948,-9.821015357971191,0.9289502501487732,0.01357523538172245,0.010114881210029125,0.0090501569211483
1892825723487,0.8774749040603638,-9.84256362915039,0.910993754863739,0.01357523538172245,0.008783976547420025,0.012776692397892475
1892826960825,0.9097966551780701,-9.816226959228516,0.9085995554924011,0.0119781494140625,0.00984870083630085,0.01357523538172245
1892828198112,0.9038111567497253,-9.841365814208984,0.9361328482627869,0.010114881210029125,0.012776692397892475,0.010381062515079975
1892829435437,0.8774749040603638,-9.821015357971191,0.9085995554924011,0.01463996060192585,0.01117960549890995,0.01410759799182415
1892830672750,0.872686505317688,-9.800664901733398,0.933738648891449,0.013309055007994175,0.00984870083630085,0.010381062515079975
1892831910037,0.910993754863739,-9.81263542175293,0.910993754863739,0.013042873702943325,0.0071868896484375,0.01171196810901165
1892833147375,0.8762778043746948,-9.832986831665039,0.9756371974945068,0.010114881210029125,0.010913425125181675,0.008517795242369175
1892834384687,0.9062053561210632,-9.821015357971191,0.9301473498344421,0.0077192517928779125,0.008251613937318325,0.0063883461989462376
1892835622012,0.9289502501487732,-9.860519409179688,0.9552865028381348,0.010647243820130825,0.008783976547420025,0.005855984054505825
1892836859325,0.8942343592643738,-9.81263542175293,0.9097966551780701,0.012510511092841625,0.0066545275039970875,0.007985432632267475
1892838096637,0.8858546614646912,-9.849745750427246,0.9253589510917664,0.006122165359556675,0.008783976547420025,0.0071868896484375
1892839333950,0.8954314589500427,-9.832986831665039,0.9469068050384521,0.012776692397892475,0.0066545275039970875,0.0077192517928779125
1892840571262,0.9181763529777527,-9.850942611694336,0.9421183466911316,0.0114457868039608,0.005855984054505825,0.007985432632267475
1892841808575,0.8810662031173706,-9.84615421295166,0.8918401598930359,0.01224433071911335,0.00958251953125,0.0063883461989462376
1892843045887,0.8655039072036743,-9.834183692932129,0.9552865028381348,0.01117960549890995,0.00692070834338665,0.005855984054505825
1892844283212,0.871489405632019,-9.825803756713867,0.8810662031173706,0.0090501569211483,0.0042588976211845875,0.00931633822619915
1892845520512,0.8858546614646912,-9.835380554199219,0.9768342971801758,0.010114881210029125,0.00931633822619915,0.0071868896484375
1892846757837,0.9157821536064148,-9.880870819091797,0.9241618514060974,0.0114457868039608,0.006122165359556675,0.0066545275039970875
1892847995162,0.9038111567497253,-9.865307807922363,0.9050082564353943,0.010913425125181675,0.0023956298828125,0.005589802749454975
1892849232450,0.9181763529777527,-9.871294021606445,0.9289502501487732,0.0157046839594841,0.003460354171693325,0.010114881210029125
1892850469775,0.8978256583213806,-9.86650562286377,0.9744400978088379,0.00931633822619915,0.0037265352439135313,0.005057440605014563
1892851707100,0.8655039072036743,-9.836577415466309,0.9397241473197937,0.0066545275039970875,0.0037265352439135313,0.0037265352439135313
1892852944412,0.8798691034317017,-9.855731010437012,0.93254154920578,0.008783976547420025,0.0029279920272529125,0.008251613937318325
1892854181725,0.9038111567497253,-9.858125686645508,0.9205705523490906,0.008783976547420025,0.0005323622026480734,0.0015970865497365594
1892855419025,0.9277531504631042,-9.873687744140625,0.9289502501487732,0.010913425125181675,0.0018632676219567657,0.0029279920272529125
1892856656337,0.9217676520347595,-9.872490882873535,0.9217676520347595,0.010114881210029125,0.0031941730994731188,0.005589802749454975
1892857893662,0.8846575617790222,-9.834183692932129,0.8942343592643738,0.0063883461989462376,0.00452507846057415,0.0077192517928779125
1892859130962,0.9169792532920837,-9.799468040466309,0.9193734526634216,0.005057440605014563,0.0018632676219567657,0.0023956298828125
1892860368287,0.9205705523490906,-9.829395294189453,0.9265560507774353,0.00452507846057415,0.007453070487827063,0.0031941730994731188
1892861605612,0.9145850539207458,-9.828198432922363,0.872686505317688,0.008783976547420025,0.0039927163161337376,0.006122165359556675
1892862842925,0.933738648891449,-9.806650161743164,0.9481039047241211,0.005855984054505825,0.0,0.004791259765625
1892864080212,0.9014169573783875,-9.831789016723633,0.9433155059814453,0.007985432632267475,0.0018632676219567657,0.0029279920272529125
1892865317550,0.910993754863739,-9.874884605407715,0.9145850539207458,0.0090501569211483,-0.0039927163161337376,0.006122165359556675
1892866554850,0.8750807046890259,-9.84495735168457,0.9576807022094727,0.01224433071911335,-0.0002661811013240367,0.004791259765625
1892867792175,0.888248860836029,-9.84615421295166,0.9277531504631042,0.007453070487827063,0.0005323622026480734,0.0029279920272529125
1892869029475,0.8834604620933533,-9.832986831665039,0.9217676520347595,0.0090501569211483,-0.0042588976211845875,0.0077192517928779125
1892870266787,0.8786720037460327,-9.84495735168457,0.93254154920578,0.005057440605014563,-0.005855984054505825,0.0021294488105922937
1892871504112,0.9433155059814453,-9.806650161743164,0.93254154920578,0.0021294488105922937,0.0002661811013240367,0.0
1892872741450,0.9445126056671143,-9.848548889160156,0.933738648891449,0.003460354171693325,0.0029279920272529125,0.003460354171693325
1892873978737,0.8834604620933533,-9.838972091674805,0.9253589510917664,0.00692070834338665,-0.005057440605014563,0.0018632676219567657
1892875216050,0.8810662031173706,-9.885659217834473,0.9373299479484558,-0.0010647244052961469,-0.007453070487827063,0.00452507846057415
1892876453387,0.872686505317688,-9.856928825378418,0.9181763529777527,0.0018632676219567657,-0.01171196810901165,-0.0007985432748682797
1892877690687,0.8966285586357117,-9.822212219238281,0.9397241473197937,0.010647243820130825,-0.005057440605014563,0.0
1892878928000,0.889445960521698,-9.830592155456543,0.912190854549408,0.0053236219100654125,0.0005323622026480734,0.0005323622026480734
1892880165325,0.9433155059814453,-9.862914085388184,0.9205705523490906,0.0029279920272529125,-0.003460354171693325,0.003460354171693325
1892881402625,0.889445960521698,-9.813833236694336,0.9157821536064148,0.004791259765625,-0.005057440605014563,0.0026618109550327063
1892882639962,0.9074024558067322,-9.850942611694336,0.9181763529777527,0.008251613937318325,-0.0031941730994731188,0.0007985432748682797
1892883877262,0.9433155059814453,-9.872490882873535,0.910993754863739,0.0042588976211845875,-0.0063883461989462376,0.0013309054775163531
1892885114575,0.8643068075180054,-9.803058624267578,0.933738648891449,0.0029279920272529125,-0.010913425125181675,0.0005323622026480734
1892886351887,0.9265560507774353,-9.84256362915039,0.9074024558067322,0.0042588976211845875,-0.0066545275039970875,-0.0037265352439135313
1892887589212,0.8942343592643738,-9.852140426635742,0.9397241473197937,0.0063883461989462376,-0.00452507846057415,0.0013309054775163531
1892888826537,0.912190854549408,-9.840168952941895,0.950498104095459,0.005057440605014563,-0.005057440605014563,0.0023956298828125
1892890063850,0.910993754863739,-9.84495735168457,0.9205705523490906,0.0010647244052961469,-0.005855984054505825,-0.003460354171693325
1892891301137,0.9014169573783875,-9.825803756713867,0.950498104095459,0.0002661811013240367,-0.0037265352439135313,-0.005589802749454975
1892892538475,0.9133879542350769,-9.836577415466309,0.9469068050384521,-0.0007985432748682797,-0.0013309054775163531,-0.0007985432748682797
1892893775787,0.8870517611503601,-9.848548889160156,0.9457097053527832,-0.0002661811013240367,-0.0029279920272529125,0.0015970865497365594
1892895013075,0.8870517611503601,-9.862914085388184,0.9373299479484558,-0.0015970865497365594,-0.0090501569211483,-0.005855984054505825
1892896250400,0.910993754863739,-9.849745750427246,0.9624691009521484,-0.0002661811013240367,-0.0053236219100654125,-0.0021294488105922937
1892897487712,0.9145850539207458,-9.896432876586914,0.8834604620933533,0.0013309054775163531,-0.006122165359556675,0.0021294488105922937
1892898725025,0.8990227580070496,-9.838972091674805,0.8954314589500427,-0.00692070834338665,-0.0071868896484375,-0.0005323622026480734
1892899962362,0.8750807046890259,-9.877279281616211,0.9241618514060974,-0.003460354171693325,-0.00452507846057415,0.0
1892901199662,0.8966285586357117,-9.8784761428833,0.9672574996948242,-0.0018632676219567657,-0.0090501569211483,-0.0015970865497365594
1892902436975,0.8906430602073669,-9.859322547912598,0.9540894031524658,-0.0026618109550327063,-0.0053236219100654125,-0.006122165359556675
1892903674300,0.8870517611503601,-9.830592155456543,0.9289502501487732,-0.008251613937318325,-0.0037265352439135313,-0.0071868896484375
1892904911625,0.8643068075180054,-9.801861763000488,0.889445960521698,-0.005057440605014563,-0.0071868896484375,-0.0029279920272529125
1892906148925,0.9205705523490906,-9.828198432922363,0.9062053561210632,-0.005057440605014563,-0.003460354171693325,-0.00692070834338665
1892907386237,0.8786720037460327,-9.838972091674805,0.9349357485771179,-0.0066545275039970875,-0.0037265352439135313,-0.008517795242369175
1892908623550,0.8990227580070496,-9.829395294189453,0.9038111567497253,-0.0066545275039970875,-0.0007985432748682797,-0.0063883461989462376
1892909860875,0.8439561128616333,-9.805453300476074,0.9157821536064148,-0.0039927163161337376,-0.0071868896484375,-0.0037265352439135313
1892911098162,0.9014169573783875,-9.818621635437012,0.9193734526634216,-0.0077192517928779125,-0.0071868896484375,-0.0026618109550327063
1892912335487,0.9014169573783875,-9.805453300476074,0.9157821536064148,-0.008783976547420025,-0.006122165359556675,-0.0026618109550327063
1892913572825,0.8930372595787048,-9.797073364257812,0.9133879542350769,-0.0053236219100654125,-0.0090501569211483,-0.0029279920272529125
1892914810137,0.9097966551780701,-9.840168952941895,0.9026140570640564,-0.0026618109550327063,-0.0066545275039970875,-0.0010647244052961469
1892916047425,0.9181763529777527,-9.865307807922363,0.9193734526634216,-0.0077192517928779125,-0.0042588976211845875,-0.005855984054505825
1892917284762,0.9062053561210632,-9.818621635437012,0.9085995554924011,-0.005057440605014563,-0.007985432632267475,-0.004791259765625
1892918522075,0.8822633624076843,-9.782708168029785,0.8966285586357117,-0.0063883461989462376,-0.008783976547420025,-0.01171196810901165
1892919759387,0.9002198576927185,-9.781511306762695,0.9636662006378174,-0.007453070487827063,-0.0042588976211845875,-0.0071868896484375
1892920996700,0.8870517611503601,-9.786299705505371,0.9253589510917664,-0.007985432632267475,-0.0029279920272529125,-0.0037265352439135313
1892922234025,0.8415619134902954,-9.789891242980957,0.8918401598930359,-0.0053236219100654125,-0.005855984054505825,-0.0053236219100654125
1892923471337,0.8798691034317017,-9.782708168029785,0.9409212470054626,-0.00692070834338665,-0.0053236219100654125,-0.0053236219100654125
1892924708650,0.851138710975647,-9.835380554199219,0.9193734526634216,-0.010381062515079975,-0.0026618109550327063,-0.0090501569211483
1892925945962,0.8678981065750122,-9.850942611694336,0.8978256583213806,-0.0042588976211845875,-0.0042588976211845875,-0.007453070487827063
1892927183262,0.8930372595787048,-9.818621635437012,0.9157821536064148,-0.0053236219100654125,-0.008251613937318325,-0.0053236219100654125
1892928420587,0.8966285586357117,-9.7791166305542,0.9373299479484558,-0.0063883461989462376,-0.010381062515079975,-0.008783976547420025
1892929657900,0.8822633624076843,-9.804256439208984,0.93254154920578,-0.013042873702943325,-0.0042588976211845875,-0.010913425125181675
1892930895212,0.8810662031173706,-9.841365814208984,0.8918401598930359,-0.0053236219100654125,-0.0042588976211845875,-0.0053236219100654125
1892932132525,0.9169792532920837,-9.830592155456543,0.9397241473197937,-0.0026618109550327063,-0.007985432632267475,-0.005589802749454975
1892933369850,0.912190854549408,-9.803058624267578,0.9229647517204285,-0.004791259765625,-0.0039927163161337376,-0.007453070487827063
1892934607162,0.9205705523490906,-9.829395294189453,0.8942343592643738,-0.006122165359556675,-0.0021294488105922937,-0.007985432632267475
1892935844487,0.8918401598930359,-9.838972091674805,0.9050082564353943,-0.0077192517928779125,-0.0018632676219567657,-0.008251613937318325
1892937081787,0.9050082564353943,-9.818621635437012,0.9636662006378174,-0.0077192517928779125,-0.0010647244052961469,-0.00958251953125
1892938319125,0.9085995554924011,-9.800664901733398,0.9169792532920837,-0.007453070487827063,-0.005057440605014563,-0.00984870083630085
1892939556412,0.8738836050033569,-9.77791976928711,0.9720458984375,-0.0090501569211483,-0.0002661811013240367,-0.012510511092841625
1892940793737,0.9074024558067322,-9.750386238098145,0.9636662006378174,-0.00958251953125,-0.0018632676219567657,-0.00984870083630085
1892942031062,0.9074024558067322,-9.787496566772461,0.9469068050384521,-0.007453070487827063,-0.0053236219100654125,-0.012776692397892475
1892943268362,0.9516952037811279,-9.794679641723633,0.9265560507774353,-0.00984870083630085,-0.0042588976211845875,-0.01357523538172245
1892944505687,0.9205705523490906,-9.803058624267578,0.933738648891449,-0.005589802749454975,-0.0013309054775163531,-0.0090501569211483
1892945743000,0.9145850539207458,-9.816226959228516,0.9361328482627869,-0.0066545275039970875,-0.0023956298828125,-0.0039927163161337376
1892946980325,0.9014169573783875,-9.77672290802002,0.9588778018951416,-0.0013309054775163531,-0.0042588976211845875,-0.0063883461989462376
1892948217625,0.9397241473197937,-9.785102844238281,0.9085995554924011,-0.00452507846057415,-0.0013309054775163531,-0.00931633822619915
1892949454937,0.9169792532920837,-9.774328231811523,0.9193734526634216,-0.01117960549890995,0.0007985432748682797,-0.013309055007994175
1892950692250,0.9002198576927185,-9.806650161743164,0.9469068050384521,-0.007985432632267475,-0.0029279920272529125,-0.00692070834338665
1892951929562,0.9038111567497253,-9.762357711791992,0.9217676520347595,-0.0023956298828125,-0.0066545275039970875,-0.005057440605014563
1892953166887,0.9038111567497253,-9.794679641723633,0.9014169573783875,-0.005855984054505825,-0.0021294488105922937,-0.007985432632267475
1892954404212,0.871489405632019,-9.756372451782227,0.9205705523490906,-0.00452507846057415,-0.0007985432748682797,-0.01224433071911335
1892955641525,0.9193734526634216,-9.786299705505371,0.9289502501487732,0.0013309054775163531,-0.007453070487827063,-0.014906140975654125
1892956878837,0.8738836050033569,-9.801861763000488,0.8822633624076843,0.0002661811013240367,-0.007453070487827063,-0.01410759799182415
1892958116150,0.8762778043746948,-9.787496566772461,0.8990227580070496,-0.005589802749454975,0.0013309054775163531,-0.0071868896484375
1892959353462,0.9193734526634216,-9.819818496704102,0.9301473498344421,-0.0063883461989462376,-0.0029279920272529125,-0.010114881210029125
1892960590787,0.9421183466911316,-9.78869342803955,0.9097966551780701,-0.005855984054505825,-0.0007985432748682797,-0.01171196810901165
1892961828112,0.9289502501487732,-9.797073364257812,0.9014169573783875,-0.0018632676219567657,0.0010647244052961469,-0.010114881210029125
1892963065387,0.9277531504631042,-9.791088104248047,0.9157821536064148,-0.0021294488105922937,-0.0039927163161337376,-0.005855984054505825
1892964302725,0.9265560507774353,-9.793481826782227,0.9277531504631042,-0.0026618109550327063,0.0,-0.010381062515079975
1892965540025,0.9217676520347595,-9.743204116821289,0.93254154920578,-0.004791259765625,0.0007985432748682797,-0.013042873702943325
1892966777350,0.9469068050384521,-9.783905029296875,0.9361328482627869,-0.0029279920272529125,0.0,-0.00931633822619915
1892968014662,0.9361328482627869,-9.767146110534668,0.9564836025238037,-0.0005323622026480734,-0.0037265352439135313,-0.0077192517928779125
1892969251975,0.871489405632019,-9.781511306762695,0.9050082564353943,0.0015970865497365594,0.0005323622026480734,-0.00692070834338665
1892970489300,0.8954314589500427,-9.77552604675293,0.9241618514060974,-0.0007985432748682797,-0.0042588976211845875,-0.00931633822619915
1892971726612,0.8774749040603638,-9.750386238098145,0.9672574996948242,-0.0013309054775163531,-0.0029279920272529125,-0.012776692397892475
1892972963937,0.9433155059814453,-9.746795654296875,0.9397241473197937,-0.0005323622026480734,-0.0010647244052961469,-0.008251613937318325
1892974201237,0.9205705523490906,-9.750386238098145,0.8966285586357117,-0.0005323622026480734,-0.0002661811013240367,-0.00692070834338665
1892975438562,0.9289502501487732,-9.783905029296875,0.8655039072036743,0.0007985432748682797,0.0029279920272529125,-0.01117960549890995
1892976675875,0.9277531504631042,-9.785102844238281,0.8643068075180054,0.004791259765625,0.0018632676219567657,-0.008783976547420025
1892977913200,0.912190854549408,-9.75278091430664,0.9552865028381348,0.003460354171693325,0.0010647244052961469,-0.007985432632267475
1892979150500,0.9349357485771179,-9.793481826782227,0.8607155084609985,0.0013309054775163531,0.0005323622026480734,-0.0063883461989462376
1892980387825,0.9181763529777527,-9.787496566772461,0.8978256583213806,0.0023956298828125,-0.0007985432748682797,-0.0029279920272529125
1892981625125,0.9217676520347595,-9.765949249267578,0.912190854549408,0.0007985432748682797,-0.0023956298828125,-0.012510511092841625
1892982862450,0.9277531504631042,-9.838972091674805,0.9002198576927185,0.00452507846057415,-0.0026618109550327063,-0.01117960549890995
1892984099762,0.9624691009521484,-9.782708168029785,0.9085995554924011,0.0039927163161337376,0.0,-0.0077192517928779125
1892985337075,0.9014169573783875,-9.782708168029785,0.888248860836029,0.003460354171693325,-0.0002661811013240367,-0.0053236219100654125
1892986574387,0.9576807022094727,-9.798270225524902,0.9217676520347595,0.0029279920272529125,-0.0007985432748682797,-0.0090501569211483
1892987811712,0.9289502501487732,-9.78869342803955,0.8930372595787048,0.0026618109550327063,-0.0007985432748682797,-0.01117960549890995
1892989049012,0.9169792532920837,-9.84376049041748,0.9265560507774353,0.005057440605014563,-0.0063883461989462376,-0.0119781494140625
1892990286337,0.9421183466911316,-9.81263542175293,0.933738648891449,0.0039927163161337376,-0.0018632676219567657,-0.0090501569211483
1892991523637,0.9564836025238037,-9.81024169921875,0.9002198576927185,0.0037265352439135313,-0.0002661811013240367,-0.013042873702943325
1892992760975,0.9229647517204285,-9.797073364257812,0.9540894031524658,0.0066545275039970875,0.0002661811013240367,-0.01117960549890995
1892993998300,0.9433155059814453,-9.799468040466309,0.9205705523490906,0.0031941730994731188,-0.0005323622026480734,-0.010647243820130825
1892995235612,0.9385270476341248,-9.801861763000488,0.8942343592643738,0.007985432632267475,-0.0037265352439135313,-0.0066545275039970875
1892996472887,0.9792284965515137,-9.80904483795166,0.9157821536064148,0.00692070834338665,0.0007985432748682797,-0.0031941730994731188
1892997710225,0.9636662006378174,-9.805453300476074,0.9397241473197937,0.0010647244052961469,-0.0005323622026480734,-0.0063883461989462376
1892998947537,0.93254154920578,-9.771934509277344,0.9588778018951416,0.0031941730994731188,-0.0031941730994731188,-0.010114881210029125
1893000184862,0.9277531504631042,-9.771934509277344,0.9361328482627869,0.00692070834338665,-0.0071868896484375,-0.0053236219100654125
1893001422175,0.9373299479484558,-9.757569313049316,0.9528923034667969,0.0119781494140625,-0.0026618109550327063,-0.007453070487827063
1893002659487,0.933738648891449,-9.782708168029785,0.9062053561210632,0.010114881210029125,0.0002661811013240367,-0.010114881210029125
1893003896800,0.9241618514060974,-9.81263542175293,0.9349357485771179,0.00958251953125,-0.0029279920272529125,-0.008783976547420025
1893005134100,0.9433155059814453,-9.7791166305542,0.933738648891449,0.0090501569211483,-0.0018632676219567657,-0.0071868896484375
1893006371437,0.9361328482627869,-9.769539833068848,0.9157821536064148,0.0066545275039970875,-0.00452507846057415,-0.007985432632267475
1893007608750,0.9469068050384521,-9.75517463684082,0.9074024558067322,0.005057440605014563,-0.0013309054775163531,-0.0037265352439135313
1893008846075,0.9528923034667969,-9.78869342803955,0.9373299479484558,0.00692070834338665,-0.0018632676219567657,-0.00452507846057415
1893010083375,0.9552865028381348,-9.767146110534668,0.9062053561210632,0.007453070487827063,-0.005589802749454975,-0.0071868896484375
1893011320675,0.9552865028381348,-9.789891242980957,0.8762778043746948,0.007985432632267475,-0.0037265352439135313,-0.0077192517928779125
1893012558012,0.9540894031524658,-9.849745750427246,0.8822633624076843,0.0063883461989462376,-0.004791259765625,-0.0053236219100654125
1893013795325,0.9229647517204285,-9.816226959228516,0.9600749015808105,0.005855984054505825,-0.006122165359556675,-0.006122165359556675
1893015032637,0.9552865028381348,-9.797073364257812,0.9085995554924011,0.005589802749454975,-0.0053236219100654125,-0.0066545275039970875
1893016269950,0.9217676520347595,-9.813833236694336,0.8990227580070496,0.007453070487827063,-0.0037265352439135313,-0.0071868896484375
1893017507250,0.94930100440979,-9.804256439208984,0.9648633003234863,0.005057440605014563,-0.005057440605014563,-0.0039927163161337376
1893018744587,0.9469068050384521,-9.801861763000488,0.9349357485771179,0.0063883461989462376,-0.003460354171693325,-0.0053236219100654125
1893019981900,0.970848798751831,-9.780314445495605,0.9074024558067322,0.0042588976211845875,-0.00692070834338665,-0.008783976547420025
1893021219200,0.9816226959228516,-9.817423820495605,0.9469068050384521,0.005589802749454975,-0.008251613937318325,-0.006122165359556675
1893022456537,0.9229647517204285,-9.827000617980957,0.933738648891449,0.008783976547420025,-0.005589802749454975,-0.0066545275039970875
1893023693850,0.9397241473197937,-9.84495735168457,0.9097966551780701,0.0066545275039970875,-0.0018632676219567657,-0.0029279920272529125
1893024931162,0.9684545993804932,-9.800664901733398,0.8846575617790222,0.00692070834338665,-0.005855984054505825,-0.00452507846057415
1893026168475,0.9564836025238037,-9.797073364257812,0.9361328482627869,0.0031941730994731188,-0.0026618109550327063,-0.0042588976211845875
1893027405787,0.9193734526634216,-9.787496566772461,0.9373299479484558,0.0071868896484375,-0.0023956298828125,-0.0039927163161337376
1893028643125,0.9552865028381348,-9.817423820495605,0.9217676520347595,0.010114881210029125,-0.0090501569211483,-0.008251613937318325
1893029880425,0.9923965930938721,-9.832986831665039,0.9265560507774353,0.013309055007994175,-0.008517795242369175,-0.0090501569211483
1893031117725,0.9911994934082031,-9.822212219238281,0.9265560507774353,0.004791259765625,-0.010381062515079975,0.0013309054775163531
1893032355050,0.9457097053527832,-9.799468040466309,0.9229647517204285,0.0071868896484375,-0.01357523538172245,0.0007985432748682797
1893033592387,0.9624691009521484,-9.81143856048584,0.9445126056671143,0.008517795242369175,-0.0071868896484375,-0.0039927163161337376
1893034829675,0.9181763529777527,-9.815030097961426,0.9169792532920837,0.005589802749454975,-0.0039927163161337376,-0.00692070834338665
1893036067012,0.970848798751831,-9.805453300476074,0.910993754863739,0.008251613937318325,-0.0138414166867733,-0.006122165359556675
1893037304325,0.9756371974945068,-9.80904483795166,0.9361328482627869,0.0066545275039970875,-0.0071868896484375,-0.005057440605014563
1893038541625,0.9852139949798584,-9.825803756713867,0.9469068050384521,0.007985432632267475,-0.0063883461989462376,-0.0010647244052961469
1893039778950,0.9385270476341248,-9.841365814208984,0.9133879542350769,0.0037265352439135313,-0.0090501569211483,-0.0037265352439135313
1893041016262,0.9816226959228516,-9.832986831665039,0.8978256583213806,0.0077192517928779125,-0.00984870083630085,-0.0013309054775163531
1893042253562,0.9576807022094727,-9.805453300476074,0.9373299479484558,0.008517795242369175,-0.010381062515079975,0.0013309054775163531
1893043490900,0.9516952037811279,-9.816226959228516,0.933738648891449,0.010114881210029125,-0.010647243820130825,0.0005323622026480734
1893044728200,0.9588778018951416,-9.850942611694336,0.9481039047241211,0.0090501569211483,-0.008251613937318325,-0.0042588976211845875
1893045965525,0.9349357485771179,-9.813833236694336,0.9193734526634216,0.01463996060192585,-0.010647243820130825,0.0
1893047202837,0.9421183466911316,-9.84256362915039,0.9097966551780701,0.012776692397892475,-0.0114457868039608,0.0010647244052961469
1893048440150,0.9181763529777527,-9.815030097961426,0.9241618514060974,0.0063883461989462376,-0.010647243820130825,0.0
1893049677475,0.973242998123169,-9.791088104248047,0.9253589510917664,0.003460354171693325,-0.010913425125181675,-0.0023956298828125
1893050914775,0.9768342971801758,-9.801861763000488,0.9576807022094727,0.0031941730994731188,-0.0090501569211483,-0.0018632676219567657
1893052152100,0.9756371974945068,-9.832986831665039,0.9792284965515137,0.0018632676219567657,-0.0063883461989462376,-0.004791259765625
1893053389412,0.9780313968658447,-9.841365814208984,0.9313444495201111,0.005589802749454975,-0.0071868896484375,0.0007985432748682797
1893054626725,0.9756371974945068,-9.84615421295166,0.9229647517204285,0.0066545275039970875,-0.01410759799182415,0.0002661811013240367
1893055864062,1.0103530883789062,-9.835380554199219,0.9085995554924011,0.010114881210029125,-0.0114457868039608,-0.005589802749454975
1893057101362,0.9792284965515137,-9.84376049041748,0.9277531504631042,0.008783976547420025,-0.004791259765625,0.0005323622026480734
1893058338687,0.9816226959228516,-9.84615421295166,0.933738648891449,0.010647243820130825,-0.013309055007994175,-0.0018632676219567657
1893059575987,0.9612720012664795,-9.861717224121094,0.9636662006378174,0.00452507846057415,-0.012776692397892475,-0.0005323622026480734
1893060813300,0.9552865028381348,-9.825803756713867,0.9433155059814453,0.005057440605014563,-0.014373779296875,0.0
1893062050625,0.93254154920578,-9.834183692932129,0.9349357485771179,0.008517795242369175,-0.012510511092841625,0.004791259765625
1893063287925,0.993593692779541,-9.871294021606445,0.9289502501487732,0.0066545275039970875,-0.012776692397892475,0.0007985432748682797
1893064525262,0.9457097053527832,-9.855731010437012,0.9469068050384521,0.0053236219100654125,-0.012510511092841625,-0.003460354171693325
1893065762575,0.9600749015808105,-9.827000617980957,0.9193734526634216,0.0026618109550327063,-0.013309055007994175,0.0023956298828125
1893066999887,0.9481039047241211,-9.870096206665039,0.9385270476341248,-0.0002661811013240367,-0.013309055007994175,-0.0010647244052961469
1893068237200,0.9157821536064148,-9.84615421295166,0.950498104095459,0.00692070834338665,-0.01410759799182415,0.0
1893069474537,0.9564836025238037,-9.818621635437012,0.9385270476341248,0.0029279920272529125,-0.0077192517928779125,-0.0053236219100654125
1893070711837,0.9457097053527832,-9.848548889160156,0.9074024558067322,0.0026618109550327063,-0.0119781494140625,-0.0015970865497365594
1893071949175,0.9564836025238037,-9.87967300415039,0.933738648891449,0.005589802749454975,-0.012776692397892475,-0.003460354171693325
1893073186475,0.93254154920578,-9.821015357971191,0.9564836025238037,0.005855984054505825,-0.010381062515079975,-0.0029279920272529125
1893074423787,1.0079588890075684,-9.837775230407715,0.9205705523490906,0.003460354171693325,-0.012510511092841625,-0.0021294488105922937
1893075661100,0.9684545993804932,-9.824606895446777,0.9516952037811279,0.0026618109550327063,-0.0157046839594841,0.0007985432748682797
1893076898425,0.9576807022094727,-9.832986831665039,0.9313444495201111,0.0021294488105922937,-0.01889885775744915,0.0031941730994731188
1893078135725,0.9756371974945068,-9.860519409179688,0.888248860836029,0.0018632676219567657,-0.0196974016726017,0.0018632676219567657
1893079373050,0.950498104095459,-9.84256362915039,0.9217676520347595,-0.0031941730994731188,-0.0204959437251091,0.0023956298828125
1893080610375,0.9624691009521484,-9.817423820495605,0.9205705523490906,0.0002661811013240367,-0.01943122036755085,0.005057440605014563
1893081847675,0.9684545993804932,-9.876082420349121,0.9217676520347595,0.0037265352439135313,-0.01703559048473835,0.0031941730994731188
1893083084987,0.9600749015808105,-9.836577415466309,0.9433155059814453,0.004791259765625,-0.0181003138422966,0.0018632676219567657
1893084322312,0.9959878921508789,-9.841365814208984,0.9169792532920837,0.0,-0.01996358297765255,0.0029279920272529125
1893085559612,0.9792284965515137,-9.860519409179688,0.9481039047241211,-0.0007985432748682797,-0.0138414166867733,-0.0010647244052961469
1893086796937,0.9421183466911316,-9.884461402893066,0.9576807022094727,0.0002661811013240367,-0.0157046839594841,-0.0002661811013240367
1893088034237,0.9445126056671143,-9.849745750427246,0.9169792532920837,0.004791259765625,-0.0181003138422966,0.003460354171693325
1893089271587,0.9361328482627869,-9.891644477844238,0.8846575617790222,0.0031941730994731188,-0.01703559048473835,0.0029279920272529125
1893090508875,0.9385270476341248,-9.861717224121094,0.9217676520347595,-0.0021294488105922937,-0.0204959437251091,0.0002661811013240367
1893091746200,0.9361328482627869,-9.823410034179688,0.9552865028381348,-0.0005323622026480734,-0.01943122036755085,-0.0010647244052961469
1893092983512,0.9361328482627869,-9.854534149169922,0.9074024558067322,-0.0037265352439135313,-0.01410759799182415,0.00692070834338665
1893094220825,0.9253589510917664,-9.86770248413086,0.9445126056671143,-0.00692070834338665,-0.012776692397892475,0.0029279920272529125
1893095458137,0.8966285586357117,-9.77672290802002,0.9469068050384521,-0.00984870083630085,-0.01597086526453495,-0.0031941730994731188
1893096695462,0.9301473498344421,-9.86770248413086,0.9157821536064148,-0.0007985432748682797,-0.0181003138422966,0.0031941730994731188
1893097932787,0.9289502501487732,-9.871294021606445,0.9217676520347595,-0.0018632676219567657,-0.0162370465695858,0.0029279920272529125
1893099170087,0.9481039047241211,-9.87967300415039,0.9217676520347595,-0.005589802749454975,-0.0173017717897892,0.0005323622026480734
1893100407412,0.9169792532920837,-9.856928825378418,0.9205705523490906,-0.008251613937318325,-0.01783413253724575,0.00452507846057415
1893101644725,0.9205705523490906,-9.871294021606445,0.9289502501487732,-0.0071868896484375,-0.0186326764523983,0.0039927163161337376
1893102882050,0.9181763529777527,-9.836577415466309,0.8990227580070496,-0.005057440605014563,-0.01756795309484005,0.0066545275039970875
1893104119350,0.9469068050384521,-9.819818496704102,0.9289502501487732,-0.005589802749454975,-0.01650322787463665,0.0077192517928779125
1893105356675,0.9277531504631042,-9.886856079101562,0.94930100440979,-0.0071868896484375,-0.015172322280704975,0.0063883461989462376
1893106593987,0.9433155059814453,-9.837775230407715,0.9301473498344421,-0.005057440605014563,-0.0186326764523983,0.005589802749454975
1893107831325,0.950498104095459,-9.856928825378418,0.9050082564353943,-0.0053236219100654125,-0.01357523538172245,0.008783976547420025
1893109068637,0.9277531504631042,-9.872490882873535,0.9277531504631042,-0.0063883461989462376,-0.01836649514734745,0.00692070834338665
1893110305950,0.973242998123169,-9.829395294189453,0.9528923034667969,-0.00984870083630085,-0.0173017717897892,0.0029279920272529125
1893111543250,0.9600749015808105,-9.855731010437012,0.9361328482627869,-0.0063883461989462376,-0.01463996060192585,0.0119781494140625
1893112780562,0.8702923059463501,-9.854534149169922,0.9684545993804932,-0.004791259765625,-0.01357523538172245,0.0077192517928779125
1893114017900,0.9421183466911316,-9.848548889160156,0.9241618514060974,-0.0071868896484375,-0.01171196810901165,0.007985432632267475
1893115255187,0.9253589510917664,-9.884461402893066,0.9421183466911316,-0.00692070834338665,-0.0173017717897892,0.01117960549890995
1893116492525,0.9253589510917664,-9.838972091674805,0.9313444495201111,-0.00984870083630085,-0.013309055007994175,0.0090501569211483
1893117729837,0.9469068050384521,-9.86770248413086,0.9373299479484558,-0.010381062515079975,-0.0138414166867733,0.010381062515079975
1893118967150,0.950498104095459,-9.84615421295166,0.9696516990661621,-0.0114457868039608,-0.01783413253724575,0.007453070487827063
1893120204462,0.9265560507774353,-9.818621635437012,0.9241618514060974,-0.00984870083630085,-0.0119781494140625,0.00958251953125
1893121441787,0.9313444495201111,-9.849745750427246,0.9636662006378174,-0.005855984054505825,-0.01357523538172245,0.008783976547420025
1893122679100,0.9277531504631042,-9.837775230407715,0.9133879542350769,-0.010913425125181675,-0.00931633822619915,0.005589802749454975
1893123916400,0.9026140570640564,-9.860519409179688,0.9600749015808105,-0.005855984054505825,-0.0138414166867733,0.01224433071911335
1893125153737,0.8990227580070496,-9.834183692932129,0.9265560507774353,-0.010381062515079975,-0.0162370465695858,0.00958251953125
1893126391050,0.8978256583213806,-9.848548889160156,0.9481039047241211,-0.010381062515079975,-0.0167694091796875,0.008783976547420025
1893127628362,0.9097966551780701,-9.830592155456543,0.9588778018951416,-0.0066545275039970875,-0.012776692397892475,0.01224433071911335
1893128865675,0.8667010068893433,-9.864110946655273,0.9672574996948242,-0.0114457868039608,-0.014373779296875,0.0090501569211483
1893130103012,0.889445960521698,-9.797073364257812,0.9265560507774353,-0.008517795242369175,-0.01703559048473835,0.01117960549890995
1893131340287,0.94930100440979,-9.850942611694336,0.9552865028381348,-0.00931633822619915,-0.0181003138422966,0.01410759799182415
1893132577600,0.9433155059814453,-9.823410034179688,0.9229647517204285,-0.01171196810901165,-0.0077192517928779125,0.00984870083630085
1893133814950,0.8990227580070496,-9.864110946655273,0.9289502501487732,-0.00931633822619915,-0.010647243820130825,0.010913425125181675
1893135052262,0.888248860836029,-9.838972091674805,0.9373299479484558,-0.0066545275039970875,-0.01224433071911335,0.010913425125181675
1893136289562,0.910993754863739,-9.832986831665039,0.9181763529777527,-0.012510511092841625,-0.013309055007994175,0.010913425125181675
1893137526887,0.9157821536064148,-9.827000617980957,0.8822633624076843,-0.01224433071911335,-0.01224433071911335,0.0119781494140625
1893138764187,0.9397241473197937,-9.838972091674805,0.9181763529777527,-0.01410759799182415,-0.006122165359556675,0.01117960549890995
1893140001525,0.9277531504631042,-9.818621635437012,0.910993754863739,-0.015438503585755825,-0.008517795242369175,0.012510511092841625
1893141238825,0.9157821536064148,-9.84376049041748,0.93254154920578,-0.015172322280704975,-0.0157046839594841,0.0119781494140625
1893142476137,0.9481039047241211,-9.850942611694336,0.910993754863739,-0.012510511092841625,-0.015172322280704975,0.02076212503015995
1893143713462,0.912190854549408,-9.816226959228516,0.9157821536064148,-0.010647243820130825,-0.008783976547420025,0.0167694091796875
1893144950775,0.9433155059814453,-9.848548889160156,0.94930100440979,-0.0071868896484375,-0.005855984054505825,0.0157046839594841
1893146188087,0.9373299479484558,-9.825803756713867,0.9157821536064148,-0.01703559048473835,-0.008251613937318325,0.01117960549890995
1893147425437,0.8822633624076843,-9.829395294189453,0.9074024558067322,-0.01783413253724575,-0.012776692397892475,0.0167694091796875
1893148662737,0.9169792532920837,-9.838972091674805,0.9265560507774353,-0.015438503585755825,-0.01650322787463665,0.01224433071911335
1893149900062,0.9002198576927185,-9.831789016723633,0.9193734526634216,-0.0167694091796875,-0.00984870083630085,0.0114457868039608
1893151137362,0.910993754863739,-9.80904483795166,0.9229647517204285,-0.0071868896484375,-0.007985432632267475,0.0196974016726017
1893152374675,0.933738648891449,-9.781511306762695,0.9253589510917664,-0.00692070834338665,-0.01171196810901165,0.02422248013317585
1893153612000,0.9469068050384521,-9.823410034179688,0.9469068050384521,-0.014906140975654125,-0.012776692397892475,0.013309055007994175
1893154849325,0.9253589510917664,-9.835380554199219,0.9229647517204285,-0.014373779296875,-0.012510511092841625,0.013042873702943325
1893156086637,0.9193734526634216,-9.823410034179688,0.8906430602073669,-0.012510511092841625,-0.012776692397892475,0.01597086526453495
1893157323925,0.9301473498344421,-9.831789016723633,0.9157821536064148,-0.0138414166867733,-0.00931633822619915,0.013309055007994175
1893158561262,0.94930100440979,-9.828198432922363,0.8834604620933533,-0.010381062515079975,-0.00958251953125,0.014373779296875
1893159798575,0.9229647517204285,-9.816226959228516,0.93254154920578,-0.014373779296875,-0.006122165359556675,0.012510511092841625
1893161035900,0.9301473498344421,-9.834183692932129,0.9169792532920837,-0.01756795309484005,-0.01171196810901165,0.015438503585755825
1893162273200,0.9564836025238037,-9.81143856048584,0.9014169573783875,-0.0157046839594841,-0.01224433071911335,0.01996358297765255
1893163510525,0.9193734526634216,-9.803058624267578,0.93254154920578,-0.0138414166867733,-0.008251613937318325,0.015438503585755825
1893164747837,0.9157821536064148,-9.791088104248047,0.912190854549408,-0.02182685025036335,-0.010381062515079975,0.0114457868039608
1893165985162,0.9145850539207458,-9.793481826782227,0.8918401598930359,-0.0162370465695858,-0.0090501569211483,0.015438503585755825
1893167222475,0.9433155059814453,-9.873687744140625,0.9229647517204285,-0.0173017717897892,-0.0090501569211483,0.01463996060192585
1893168459787,0.9241618514060974,-9.850942611694336,0.9157821536064148,-0.01117960549890995,-0.010381062515079975,0.0119781494140625
1893169697100,0.9097966551780701,-9.816226959228516,0.8990227580070496,-0.0119781494140625,-0.0114457868039608,0.01463996060192585
1893170934412,0.9217676520347595,-9.794679641723633,0.9265560507774353,-0.0114457868039608,-0.0066545275039970875,0.0181003138422966
1893172171737,0.9038111567497253,-9.832986831665039,0.9145850539207458,-0.013309055007994175,-0.013309055007994175,0.0157046839594841
1893173409062,0.9133879542350769,-9.824606895446777,0.9433155059814453,-0.014373779296875,-0.01357523538172245,0.0173017717897892
1893174646362,0.912190854549408,-9.804256439208984,0.9277531504631042,-0.02022976242005825,-0.0066545275039970875,0.012776692397892475
1893175883687,0.9157821536064148,-9.836577415466309,0.8930372595787048,-0.0204959437251091,-0.00692070834338665,0.01463996060192585
1893177121000,0.9217676520347595,-9.825803756713867,0.8978256583213806,-0.01410759799182415,-0.008517795242369175,0.0167694091796875
1893178358325,0.9074024558067322,-9.803058624267578,0.872686505317688,-0.013309055007994175,-0.010381062515079975,0.01889885775744915
1893179595637,0.9217676520347595,-9.806650161743164,0.910993754863739,-0.0167694091796875,-0.0066545275039970875,0.01224433071911335
1893180832962,0.9085995554924011,-9.801861763000488,0.9540894031524658,-0.01889885775744915,-0.00931633822619915,0.01357523538172245
1893182070275,0.8822633624076843,-9.818621635437012,0.93254154920578,-0.0186326764523983,-0.005057440605014563,0.012776692397892475
1893183307575,0.9277531504631042,-9.7791166305542,0.8966285586357117,-0.01836649514734745,-0.00692070834338665,0.01597086526453495
1893184544900,0.9169792532920837,-9.769539833068848,0.9229647517204285,-0.0167694091796875,-0.01117960549890995,0.0167694091796875
1893185782212,0.94930100440979,-9.80904483795166,0.9253589510917664,-0.01597086526453495,-0.005057440605014563,0.014906140975654125
1893187019537,0.9241618514060974,-9.827000617980957,0.8834604620933533,-0.010381062515079975,-0.0037265352439135313,0.013042873702943325
1893188256850,0.933738648891449,-9.792284965515137,0.849941611289978,-0.01650322787463665,-0.0077192517928779125,0.014373779296875
1893189494175,0.9253589510917664,-9.791088104248047,0.9002198576927185,-0.02182685025036335,-0.008251613937318325,0.01171196810901165
1893190731500,0.9097966551780701,-9.792284965515137,0.9229647517204285,-0.015438503585755825,-0.007985432632267475,0.0114457868039608
1893191968787,0.9181763529777527,-9.819818496704102,0.9265560507774353,-0.014906140975654125,-0.00958251953125,0.014906140975654125
1893193206137,0.9457097053527832,-9.827000617980957,0.9145850539207458,-0.01597086526453495,-0.012510511092841625,0.01410759799182415
1893194443425,0.9062053561210632,-9.817423820495605,0.9038111567497253,-0.01756795309484005,-0.008517795242369175,0.010114881210029125
1893195680737,0.9433155059814453,-9.797073364257812,0.9289502501487732,-0.01783413253724575,-0.0071868896484375,0.008517795242369175
1893196918062,0.9229647517204285,-9.800664901733398,0.9026140570640564,-0.01650322787463665,-0.010114881210029125,0.00958251953125
1893198155387,0.9217676520347595,-9.794679641723633,0.8906430602073669,-0.012510511092841625,-0.00931633822619915,0.00984870083630085
1893199392700,0.8966285586357117,-9.819818496704102,0.9085995554924011,-0.01703559048473835,-0.0090501569211483,0.01171196810901165
1893200630012,0.9277531504631042,-9.801861763000488,0.8762778043746948,-0.02076212503015995,-0.0157046839594841,0.010114881210029125
1893201867325,0.9373299479484558,-9.787496566772461,0.9133879542350769,-0.01650322787463665,-0.010114881210029125,0.01117960549890995
1893203104650,0.8810662031173706,-9.762357711791992,0.8822633624076843,-0.01650322787463665,-0.0039927163161337376,0.0090501569211483
1893204341962,0.9193734526634216,-9.815030097961426,0.9074024558067322,-0.01463996060192585,-0.0031941730994731188,0.008783976547420025
1893205579275,0.9265560507774353,-9.824606895446777,0.8942343592643738,-0.015172322280704975,-0.0066545275039970875,0.008251613937318325
1893206816600,0.9193734526634216,-9.7791166305542,0.8834604620933533,-0.013309055007994175,-0.007985432632267475,0.012776692397892475
1893208053887,0.9205705523490906,-9.761160850524902,0.9181763529777527,-0.0157046839594841,-0.00931633822619915,0.007985432632267475
1893209291225,0.910993754863739,-9.794679641723633,0.8930372595787048,-0.01996358297765255,-0.00958251953125,0.0114457868039608
1893210528550,0.9672574996948242,-9.807847023010254,0.8990227580070496,-0.0162370465695858,-0.008783976547420025,0.01463996060192585
1893211765875,0.970848798751831,-9.781511306762695,0.9062053561210632,-0.01171196810901165,-0.007985432632267475,0.0119781494140625
1893213003175,0.910993754863739,-9.780314445495605,0.9301473498344421,-0.01703559048473835,-0.0063883461989462376,0.00931633822619915
1893214240500,0.912190854549408,-9.797073364257812,0.8702923059463501,-0.015172322280704975,-0.008783976547420025,0.0077192517928779125
1893215477812,0.9038111567497253,-9.780314445495605,0.9552865028381348,-0.010381062515079975,-0.005589802749454975,0.008783976547420025
1893216715125,0.9097966551780701,-9.806650161743164,0.9050082564353943,-0.010647243820130825,-0.0066545275039970875,0.007453070487827063
1893217952450,0.9145850539207458,-9.763554573059082,0.8966285586357117,-0.013309055007994175,-0.010913425125181675,0.005589802749454975
1893219189775,0.9169792532920837,-9.782708168029785,0.9301473498344421,-0.0167694091796875,-0.01117960549890995,0.007985432632267475
1893220427087,0.9588778018951416,-9.797073364257812,0.8774749040603638,-0.01463996060192585,-0.0029279920272529125,0.00692070834338665
1893221664400,0.9229647517204285,-9.803058624267578,0.888248860836029,-0.01171196810901165,-0.0090501569211483,0.003460354171693325
1893222901712,0.8834604620933533,-9.806650161743164,0.9145850539207458,-0.01650322787463665,-0.00452507846057415,0.008251613937318325
1893224139037,0.9097966551780701,-9.771934509277344,0.9265560507774353,-0.02129448764026165,-0.007453070487827063,0.0007985432748682797
1893225376337,0.9409212470054626,-9.759963035583496,0.8834604620933533,-0.01171196810901165,-0.00984870083630085,0.0053236219100654125
1893226613675,0.9205705523490906,-9.786299705505371,0.9301473498344421,-0.008517795242369175,-0.014373779296875,0.007985432632267475
1893227850962,0.9373299479484558,-9.769539833068848,0.9002198576927185,-0.007985432632267475,-0.01171196810901165,0.0077192517928779125
1893229088287,0.8774749040603638,-9.801861763000488,0.9169792532920837,-0.0037265352439135313,-0.008251613937318325,0.008251613937318325
1893230325612,0.9205705523490906,-9.798270225524902,0.8774749040603638,-0.00958251953125,-0.01463996060192585,0.0063883461989462376
1893231562937,0.871489405632019,-9.787496566772461,0.8786720037460327,-0.00958251953125,-0.010913425125181675,0.0077192517928779125
1893232800250,0.9169792532920837,-9.795876502990723,0.9038111567497253,-0.005855984054505825,-0.010913425125181675,0.00958251953125
1893234037562,0.9205705523490906,-9.75158405303955,0.8571242094039917,-0.007985432632267475,-0.00984870083630085,0.0066545275039970875
1893235274875,0.93254154920578,-9.786299705505371,0.9145850539207458,-0.008783976547420025,-0.010381062515079975,0.0015970865497365594
1893236512212,0.8978256583213806,-9.739612579345703,0.8774749040603638,-0.008783976547420025,-0.01117960549890995,0.00931633822619915
1893237749525,0.9014169573783875,-9.783905029296875,0.8786720037460327,-0.005589802749454975,-0.013309055007994175,0.00958251953125
1893238986837,0.9145850539207458,-9.764751434326172,0.8906430602073669,-0.0077192517928779125,-0.01410759799182415,0.005855984054505825
1893240224137,0.9026140570640564,-9.765949249267578,0.9038111567497253,-0.008251613937318325,-0.01171196810901165,0.00692070834338665
1893241461475,0.9217676520347595,-9.77552604675293,0.9157821536064148,-0.008783976547420025,-0.014373779296875,0.005057440605014563
1893242698762,0.8810662031173706,-9.786299705505371,0.9277531504631042,-0.008517795242369175,-0.010114881210029125,0.003460354171693325
1893243936100,0.9074024558067322,-9.794679641723633,0.8810662031173706,-0.0090501569211483,-0.008783976547420025,0.0029279920272529125
1893245173412,0.9361328482627869,-9.770737648010254,0.912190854549408,-0.0071868896484375,-0.0071868896484375,0.0031941730994731188
1893246410725,0.9193734526634216,-9.762357711791992,0.9409212470054626,-0.004791259765625,-0.01410759799182415,0.006122165359556675
1893247648037,0.9217676520347595,-9.765949249267578,0.8822633624076843,-0.007453070487827063,-0.00692070834338665,0.005057440605014563
1893248885362,0.9457097053527832,-9.781511306762695,0.8834604620933533,-0.0071868896484375,-0.010114881210029125,0.0053236219100654125
1893250122687,0.9026140570640564,-9.834183692932129,0.8846575617790222,-0.004791259765625,-0.014373779296875,0.0029279920272529125
1893251360000,0.888248860836029,-9.787496566772461,0.8918401598930359,-0.0039927163161337376,-0.010647243820130825,0.0042588976211845875
1893252597300,0.9026140570640564,-9.841365814208984,0.9014169573783875,-0.008517795242369175,-0.0157046839594841,0.0077192517928779125
1893253834637,0.9301473498344421,-9.804256439208984,0.888248860836029,-0.012510511092841625,-0.00958251953125,0.0119781494140625
1893255071950,0.8906430602073669,-9.81263542175293,0.9217676520347595,-0.00984870083630085,-0.0114457868039608,0.0029279920272529125
1893256309262,0.8834604620933533,-9.798270225524902,0.9253589510917664,-0.004791259765625,-0.013309055007994175,0.0053236219100654125
1893257546587,0.8822633624076843,-9.78869342803955,0.9133879542350769,-0.0005323622026480734,-0.008783976547420025,0.0066545275039970875
1893258783912,0.93254154920578,-9.780314445495605,0.888248860836029,-0.005057440605014563,-0.01117960549890995,0.005057440605014563
1893260021200,0.910993754863739,-9.750386238098145,0.9349357485771179,-0.00692070834338665,-0.010381062515079975,0.0007985432748682797
1893261258537,0.9205705523490906,-9.77791976928711,0.9397241473197937,-0.0029279920272529125,-0.01171196810901165,0.0031941730994731188
1893262495862,0.9050082564353943,-9.765949249267578,0.9397241473197937,-0.0023956298828125,-0.0138414166867733,0.00452507846057415
1893263733150,0.9133879542350769,-9.794679641723633,0.889445960521698,-0.007453070487827063,-0.01171196810901165,0.005589802749454975
1893264970487,0.9050082564353943,-9.740809440612793,0.9373299479484558,-0.0029279920272529125,-0.010913425125181675,0.0053236219100654125
1893266207800,0.9373299479484558,-9.791088104248047,0.8930372595787048,0.0013309054775163531,-0.01171196810901165,0.0021294488105922937
1893267445125,0.94930100440979,-9.757569313049316,0.8942343592643738,0.0018632676219567657,-0.01410759799182415,0.0013309054775163531
1893268682437,0.9169792532920837,-9.781511306762695,0.8918401598930359,-0.0023956298828125,-0.01597086526453495,0.0042588976211845875
1893269919737,0.9229647517204285,-9.792284965515137,0.8870517611503601,-0.0021294488105922937,-0.010647243820130825,0.008251613937318325
1893271157062,0.9277531504631042,-9.75397777557373,0.9169792532920837,0.0010647244052961469,-0.007453070487827063,0.0053236219100654125
1893272394375,0.93254154920578,-9.75397777557373,0.8702923059463501,0.0002661811013240367,-0.010381062515079975,0.00958251953125
1893273631687,0.9445126056671143,-9.768342971801758,0.8750807046890259,-0.0018632676219567657,-0.015172322280704975,0.0053236219100654125
1893274869025,0.9253589510917664,-9.797073364257812,0.9062053561210632,-0.0026618109550327063,-0.012510511092841625,-0.0007985432748682797
1893276106325,0.9038111567497253,-9.798270225524902,0.9085995554924011,-0.0007985432748682797,-0.0077192517928779125,-0.0013309054775163531
1893277343637,0.8954314589500427,-9.786299705505371,0.8810662031173706,0.0029279920272529125,-0.012776692397892475,-0.0002661811013240367
1893278580975,0.9217676520347595,-9.774328231811523,0.8702923059463501,-0.0005323622026480734,-0.013309055007994175,0.0053236219100654125
1893279818287,0.9313444495201111,-9.77552604675293,0.9002198576927185,0.0015970865497365594,-0.00984870083630085,0.0037265352439135313
1893281055600,0.9038111567497253,-9.794679641723633,0.9229647517204285,-0.0010647244052961469,-0.00984870083630085,0.007985432632267475
1893282292887,0.9277531504631042,-9.791088104248047,0.9277531504631042,0.0002661811013240367,-0.010913425125181675,0.0037265352439135313
1893283530250,0.973242998123169,-9.786299705505371,0.9085995554924011,0.004791259765625,-0.01463996060192585,0.0031941730994731188
1893284767562,0.9469068050384521,-9.791088104248047,0.8966285586357117,0.0053236219100654125,-0.015172322280704975,0.0023956298828125
1893286004850,0.9026140570640564,-9.817423820495605,0.9133879542350769,0.010647243820130825,-0.014373779296875,0.0053236219100654125
1893287242175,0.9085995554924011,-9.798270225524902,0.9289502501487732,0.005057440605014563,-0.01357523538172245,0.003460354171693325
1893288479500,0.912190854549408,-9.791088104248047,0.9349357485771179,-0.0018632676219567657,-0.013309055007994175,0.0042588976211845875
1893289716812,0.9133879542350769,-9.821015357971191,0.8607155084609985,0.00452507846057415,-0.0119781494140625,0.0042588976211845875
1893290954125,0.9074024558067322,-9.793481826782227,0.9097966551780701,0.0071868896484375,-0.0077192517928779125,0.0026618109550327063
1893292191450,0.9169792532920837,-9.823410034179688,0.8990227580070496,-0.0007985432748682797,-0.012510511092841625,-0.0010647244052961469
1893293428762,0.8990227580070496,-9.794679641723633,0.9074024558067322,0.0031941730994731188,-0.0157046839594841,0.004791259765625
1893294666075,0.8978256583213806,-9.75278091430664,0.8427590131759644,0.003460354171693325,-0.015438503585755825,0.006122165359556675
1893295903400,0.9157821536064148,-9.821015357971191,0.889445960521698,0.008517795242369175,-0.00958251953125,0.0090501569211483
1893297140737,0.9349357485771179,-9.821015357971191,0.933738648891449,0.00452507846057415,-0.0167694091796875,0.0010647244052961469
1893298378050,0.910993754863739,-9.773131370544434,0.9026140570640564,0.0010647244052961469,-0.013309055007994175,0.0023956298828125
1893299615362,0.933738648891449,-9.785102844238281,0.94930100440979,0.004791259765625,-0.0090501569211483,0.0018632676219567657
1893300852662,0.8906430602073669,-9.75397777557373,0.910993754863739,0.00692070834338665,-0.01117960549890995,0.0031941730994731188
1893302090000,0.888248860836029,-9.800664901733398,0.9085995554924011,0.00931633822619915,-0.012510511092841625,0.005589802749454975
1893303327325,0.9229647517204285,-9.787496566772461,0.8990227580070496,0.003460354171693325,-0.010647243820130825,0.0077192517928779125
1893304564612,0.9062053561210632,-9.793481826782227,0.9074024558067322,0.0042588976211845875,-0.0090501569211483,0.0037265352439135313
1893305801950,0.910993754863739,-9.799468040466309,0.9181763529777527,0.005855984054505825,-0.01410759799182415,0.003460354171693325
1893307039262,0.9133879542350769,-9.831789016723633,0.9313444495201111,0.0042588976211845875,-0.0167694091796875,0.0023956298828125
1893308276587,0.8786720037460327,-9.832986831665039,0.9062053561210632,0.007985432632267475,-0.00984870083630085,0.0029279920272529125
1893309513887,0.8774749040603638,-9.767146110534668,0.9349357485771179,0.0071868896484375,-0.0114457868039608,0.00452507846057415
1893310751212,0.9540894031524658,-9.77791976928711,0.9193734526634216,0.007985432632267475,-0.015172322280704975,0.0015970865497365594
1893311988512,0.872686505317688,-9.786299705505371,0.8678981065750122,0.005855984054505825,-0.01224433071911335,0.0042588976211845875
1893313225850,0.8990227580070496,-9.805453300476074,0.8906430602073669,0.005855984054505825,-0.013042873702943325,0.00958251953125
1893314463162,0.9421183466911316,-9.795876502990723,0.9277531504631042,0.0015970865497365594,-0.00984870083630085,0.0042588976211845875
1893315700487,0.9097966551780701,-9.756372451782227,0.9289502501487732,0.00692070834338665,-0.01171196810901165,0.005855984054505825
1893316937787,0.912190854549408,-9.792284965515137,0.9349357485771179,0.0053236219100654125,-0.01171196810901165,0.004791259765625
1893318175125,0.9253589510917664,-9.803058624267578,0.9097966551780701,0.0018632676219567657,-0.010381062515079975,0.003460354171693325
1893319412425,0.9002198576927185,-9.816226959228516,0.9038111567497253,0.0071868896484375,-0.010647243820130825,0.0053236219100654125
1893320649750,0.9277531504631042,-9.797073364257812,0.8631097078323364,0.007453070487827063,-0.010647243820130825,0.005057440605014563
1893321887062,0.9217676520347595,-9.806650161743164,0.8978256583213806,0.0077192517928779125,-0.012776692397892475,-0.0015970865497365594
1893323124387,0.9265560507774353,-9.835380554199219,0.910993754863739,0.0039927163161337376,-0.010381062515079975,-0.0007985432748682797
1893324361700,0.8978256583213806,-9.797073364257812,0.9097966551780701,0.004791259765625,-0.0077192517928779125,0.0002661811013240367
1893325599012,0.9361328482627869,-9.801861763000488,0.9528923034667969,0.010913425125181675,-0.010913425125181675,0.0010647244052961469
1893326836325,0.9145850539207458,-9.815030097961426,0.9062053561210632,0.007985432632267475,-0.007453070487827063,-0.0021294488105922937
1893328073637,0.9193734526634216,-9.805453300476074,0.9026140570640564,0.0071868896484375,-0.008517795242369175,0.0
1893329310962,0.8978256583213806,-9.823410034179688,0.9277531504631042,0.00984870083630085,-0.010114881210029125,0.003460354171693325
1893330548300,0.8655039072036743,-9.848548889160156,0.8846575617790222,0.0090501569211483,-0.0077192517928779125,0.0007985432748682797
1893331785600,0.8858546614646912,-9.847352027893066,0.8774749040603638,0.010114881210029125,-0.007453070487827063,0.0002661811013240367
1893333022912,0.8798691034317017,-9.827000617980957,0.9265560507774353,0.0077192517928779125,-0.010381062515079975,0.0013309054775163531
1893334260237,0.8942343592643738,-9.848548889160156,0.9026140570640564,0.0015970865497365594,-0.00958251953125,0.0071868896484375
1893335497537,0.8858546614646912,-9.852140426635742,0.9301473498344421,0.005589802749454975,-0.010913425125181675,0.007985432632267475
1893336734875,0.9301473498344421,-9.865307807922363,0.9445126056671143,0.0071868896484375,-0.00958251953125,-0.0021294488105922937
1893337972200,0.9217676520347595,-9.848548889160156,0.9265560507774353,0.007453070487827063,-0.01117960549890995,0.0007985432748682797
1893339209512,0.8678981065750122,-9.838972091674805,0.9038111567497253,0.007453070487827063,-0.007453070487827063,0.0010647244052961469
1893340446812,0.8978256583213806,-9.86889934539795,0.8942343592643738,0.0090501569211483,-0.013309055007994175,0.0015970865497365594
1893341684137,0.8966285586357117,-9.86889934539795,0.9014169573783875,0.0066545275039970875,-0.010647243820130825,0.0037265352439135313
1893342921475,0.9361328482627869,-9.859322547912598,0.9038111567497253,0.0071868896484375,-0.004791259765625,-0.0021294488105922937
1893344158775,0.9014169573783875,-9.86650562286377,0.9157821536064148,0.006122165359556675,-0.00931633822619915,0.0013309054775163531
1893345396087,0.9145850539207458,-9.86650562286377,0.9253589510917664,0.007453070487827063,-0.008783976547420025,0.0053236219100654125
1893346633412,0.8870517611503601,-9.884461402893066,0.8990227580070496,0.007453070487827063,-0.0138414166867733,0.004791259765625
1893347870725,0.8846575617790222,-9.864110946655273,0.9026140570640564,-0.0002661811013240367,-0.008783976547420025,0.004791259765625
1893349108050,0.9097966551780701,-9.884461402893066,0.9074024558067322,0.003460354171693325,-0.005855984054505825,0.004791259765625
1893350345350,0.9289502501487732,-9.848548889160156,0.9277531504631042,0.00452507846057415,-0.00692070834338665,0.0023956298828125
1893351582687,0.9062053561210632,-9.861717224121094,0.9385270476341248,0.0021294488105922937,-0.0077192517928779125,0.0029279920272529125
1893352820000,0.9085995554924011,-9.86889934539795,0.9181763529777527,0.0021294488105922937,-0.0077192517928779125,0.0026618109550327063
1893354057312,0.9002198576927185,-9.819818496704102,0.8858546614646912,-0.0007985432748682797,-0.005855984054505825,0.0037265352439135313
1893355294637,0.8798691034317017,-9.834183692932129,0.9217676520347595,0.0023956298828125,-0.008517795242369175,0.004791259765625
1893356531962,0.9050082564353943,-9.831789016723633,0.9085995554924011,0.0063883461989462376,-0.008783976547420025,0.00452507846057415
1893357769262,0.9241618514060974,-9.84376049041748,0.8786720037460327,0.0031941730994731188,-0.010647243820130825,0.0026618109550327063
1893359006587,0.9026140570640564,-9.822212219238281,0.9169792532920837,-0.0031941730994731188,-0.005855984054505825,0.00452507846057415
1893360243900,0.9373299479484558,-9.824606895446777,0.9481039047241211,0.0007985432748682797,-0.0015970865497365594,0.006122165359556675
1893361481225,0.8978256583213806,-9.798270225524902,0.9038111567497253,0.0015970865497365594,-0.00452507846057415,0.00452507846057415
1893362718537,0.9085995554924011,-9.823410034179688,0.872686505317688,0.0018632676219567657,-0.008783976547420025,0.0029279920272529125
1893363955862,0.9133879542350769,-9.795876502990723,0.8762778043746948,0.0007985432748682797,-0.005855984054505825,0.003460354171693325
1893365193187,0.889445960521698,-9.794679641723633,0.910993754863739,0.0023956298828125,-0.0077192517928779125,0.0013309054775163531
1893366430487,0.8858546614646912,-9.797073364257812,0.9026140570640564,0.0021294488105922937,-0.0071868896484375,0.0063883461989462376
1893367667812,0.9145850539207458,-9.831789016723633,0.910993754863739,0.0026618109550327063,-0.0066545275039970875,0.007985432632267475
1893368905137,0.9038111567497253,-9.817423820495605,0.9289502501487732,0.00452507846057415,-0.01117960549890995,0.0015970865497365594
1893370142437,0.9552865028381348,-9.818621635437012,0.9301473498344421,0.003460354171693325,-0.006122165359556675,0.0015970865497365594
1893371379762,0.889445960521698,-9.835380554199219,0.9074024558067322,0.008251613937318325,-0.007453070487827063,0.005855984054505825
1893372617087,0.9229647517204285,-9.804256439208984,0.9074024558067322,0.00984870083630085,-0.010381062515079975,0.0077192517928779125
1893373854387,0.9157821536064148,-9.799468040466309,0.9313444495201111,0.0031941730994731188,-0.005589802749454975,0.0042588976211845875
1893375091725,0.9062053561210632,-9.819818496704102,0.9648633003234863,0.0031941730994731188,-0.0077192517928779125,0.010647243820130825
1893376329025,0.9085995554924011,-9.81024169921875,0.9002198576927185,0.003460354171693325,-0.0053236219100654125,0.0071868896484375
1893377566350,0.9169792532920837,-9.794679641723633,0.9289502501487732,0.003460354171693325,-0.005057440605014563,0.0023956298828125
1893378803675,0.8858546614646912,-9.805453300476074,0.9289502501487732,0.005855984054505825,-0.007985432632267475,0.00984870083630085
1893380040987,0.9085995554924011,-9.794679641723633,0.9133879542350769,0.0031941730994731188,-0.008517795242369175,0.01357523538172245
1893381278287,0.9289502501487732,-9.837775230407715,0.9265560507774353,0.0042588976211845875,-0.005855984054505825,0.010913425125181675
1893382515612,0.9313444495201111,-9.838972091674805,0.9038111567497253,0.0037265352439135313,-0.00692070834338665,0.0010647244052961469
1893383752925,0.8690952062606812,-9.829395294189453,0.8906430602073669,0.0066545275039970875,-0.0071868896484375,0.0090501569211483
1893384990250,0.9050082564353943,-9.81024169921875,0.9624691009521484,0.0063883461989462376,-0.008517795242369175,0.012510511092841625
1893386227562,0.9229647517204285,-9.834183692932129,0.8954314589500427,0.003460354171693325,-0.0063883461989462376,0.00692070834338665
1893387464875,0.8966285586357117,-9.800664901733398,0.9014169573783875,0.0071868896484375,-0.005589802749454975,0.00984870083630085
1893388702212,0.9074024558067322,-9.781511306762695,0.910993754863739,0.0063883461989462376,-0.007985432632267475,0.01171196810901165
1893389939525,0.912190854549408,-9.840168952941895,0.9038111567497253,0.0037265352439135313,-0.0077192517928779125,0.008517795242369175
1893391176837,0.9277531504631042,-9.822212219238281,0.9217676520347595,0.00931633822619915,-0.005589802749454975,0.01171196810901165
1893392414150,0.9038111567497253,-9.795876502990723,0.888248860836029,0.005589802749454975,-0.005057440605014563,0.00452507846057415
1893393651475,0.9349357485771179,-9.841365814208984,0.9133879542350769,0.0029279920272529125,-0.007453070487827063,0.007985432632267475
1893394888800,0.9457097053527832,-9.859322547912598,0.9074024558067322,0.0,-0.0029279920272529125,0.010114881210029125
1893396126112,0.9373299479484558,-9.838972091674805,0.9313444495201111,0.0037265352439135313,-0.005589802749454975,0.010114881210029125
1893397363425,0.9409212470054626,-9.834183692932129,0.910993754863739,0.006122165359556675,-0.006122165359556675,0.01410759799182415
1893398600725,0.9241618514060974,-9.801861763000488,0.9373299479484558,0.0010647244052961469,-0.0037265352439135313,0.00984870083630085
1893399838050,0.9133879542350769,-9.80904483795166,0.9169792532920837,0.0037265352439135313,-0.008783976547420025,0.0090501569211483
1893401075375,0.910993754863739,-9.824606895446777,0.933738648891449,0.005589802749454975,-0.0029279920272529125,0.008517795242369175
1893402312700,0.912190854549408,-9.799468040466309,0.9038111567497253,0.004791259765625,-0.0013309054775163531,0.005855984054505825
1893403550000,0.9289502501487732,-9.782708168029785,0.8667010068893433,0.0021294488105922937,-0.0063883461989462376,0.0063883461989462376
1893404787325,0.9097966551780701,-9.807847023010254,0.8786720037460327,0.0013309054775163531,-0.0031941730994731188,0.0090501569211483
1893406024637,0.8954314589500427,-9.825803756713867,0.8798691034317017,0.0039927163161337376,-0.0066545275039970875,0.004791259765625
1893407261962,0.8858546614646912,-9.850942611694336,0.9157821536064148,0.0023956298828125,-0.0053236219100654125,0.005855984054505825
1893408499275,0.8846575617790222,-9.864110946655273,0.9409212470054626,0.004791259765625,-0.010381062515079975,0.01224433071911335
1893409736600,0.8966285586357117,-9.829395294189453,0.9133879542350769,0.0026618109550327063,-0.0066545275039970875,0.0066545275039970875
1893410973912,0.9050082564353943,-9.81024169921875,0.8834604620933533,0.0005323622026480734,-0.0042588976211845875,0.006122165359556675
1893412211237,0.8690952062606812,-9.815030097961426,0.8846575617790222,0.0023956298828125,-0.0023956298828125,0.007985432632267475
1893413448537,0.8583213090896606,-9.828198432922363,0.9097966551780701,0.0018632676219567657,-0.005589802749454975,0.010114881210029125
1893414685850,0.8607155084609985,-9.849745750427246,0.8990227580070496,0.00452507846057415,-0.005589802749454975,0.006122165359556675
1893415923175,0.9002198576927185,-9.862914085388184,0.9828197956085205,0.0039927163161337376,-0.0002661811013240367,0.005589802749454975
1893417160512,0.8822633624076843,-9.823410034179688,0.9050082564353943,0.0018632676219567657,-0.0007985432748682797,0.008251613937318325
1893418397825,0.9038111567497253,-9.805453300476074,0.9133879542350769,0.0042588976211845875,-0.0039927163161337376,0.005589802749454975
1893419635137,0.9397241473197937,-9.773131370544434,0.8822633624076843,0.0029279920272529125,-0.010114881210029125,0.005057440605014563
1893420872462,0.8834604620933533,-9.821015357971191,0.8990227580070496,0.0026618109550327063,-0.008251613937318325,0.0077192517928779125
1893422109775,0.8930372595787048,-9.798270225524902,0.9026140570640564,0.0037265352439135313,-0.00452507846057415,0.007453070487827063
1893423347087,0.9253589510917664,-9.841365814208984,0.9301473498344421,0.0007985432748682797,0.0026618109550327063,0.0071868896484375
1893424584412,0.8822633624076843,-9.819818496704102,0.8966285586357117,-0.0018632676219567657,0.0021294488105922937,0.008251613937318325
1893425821725,0.9576807022094727,-9.7791166305542,0.9241618514060974,0.0023956298828125,-0.0031941730994731188,0.0090501569211483
1893427059050,0.8810662031173706,-9.824606895446777,0.9085995554924011,0.005589802749454975,-0.0013309054775163531,0.005855984054505825
1893428296362,0.8978256583213806,-9.859322547912598,0.9409212470054626,0.007453070487827063,0.0002661811013240367,0.008517795242369175
1893429533675,0.8762778043746948,-9.815030097961426,0.889445960521698,0.0021294488105922937,-0.0029279920272529125,0.008517795242369175
1893430770987,0.8846575617790222,-9.81263542175293,0.9145850539207458,0.0010647244052961469,-0.0026618109550327063,0.010381062515079975
1893432008312,0.8786720037460327,-9.829395294189453,0.9265560507774353,0.005057440605014563,-0.006122165359556675,0.00984870083630085
1893433245637,0.9193734526634216,-9.834183692932129,0.8978256583213806,0.0029279920272529125,-0.00452507846057415,0.00958251953125
1893434482937,0.9169792532920837,-9.852140426635742,0.8942343592643738,0.0029279920272529125,0.0021294488105922937,0.0114457868039608
1893435720262,0.9062053561210632,-9.837775230407715,0.9002198576927185,-0.0007985432748682797,0.0010647244052961469,0.0071868896484375
1893436957600,0.8475474119186401,-9.841365814208984,0.889445960521698,-0.0013309054775163531,-0.0005323622026480734,0.0066545275039970875
1893438194887,0.8667010068893433,-9.824606895446777,0.8846575617790222,0.00452507846057415,0.0029279920272529125,0.013309055007994175
1893439432237,0.9265560507774353,-9.854534149169922,0.9026140570640564,0.003460354171693325,0.0039927163161337376,0.0026618109550327063
1893440669537,0.8822633624076843,-9.882067680358887,0.8918401598930359,0.0026618109550327063,0.010114881210029125,0.007453070487827063
1893441906850,0.910993754863739,-9.84495735168457,0.9205705523490906,0.0026618109550327063,0.005855984054505825,0.0042588976211845875
1893443144175,0.9050082564353943,-9.877279281616211,0.9385270476341248,-0.0010647244052961469,0.0037265352439135313,0.0037265352439135313
1893444381487,0.8738836050033569,-9.858125686645508,0.9421183466911316,0.0002661811013240367,0.0013309054775163531,0.008517795242369175
1893445618825,0.9050082564353943,-9.849745750427246,0.9481039047241211,-0.0005323622026480734,0.0007985432748682797,0.010913425125181675
1893446856137,0.8942343592643738,-9.84615421295166,0.9181763529777527,0.0010647244052961469,0.0037265352439135313,0.00692070834338665
1893448093437,0.9038111567497253,-9.861717224121094,0.8822633624076843,-0.0002661811013240367,0.0021294488105922937,0.0002661811013240367
1893449330775,0.910993754863739,-9.848548889160156,0.9074024558067322,0.0023956298828125,0.0039927163161337376,0.004791259765625
1893450568062,0.9097966551780701,-9.84495735168457,0.9038111567497253,0.00452507846057415,0.00931633822619915,0.0015970865497365594
1893451805400,0.8942343592643738,-9.855731010437012,0.9062053561210632,0.0002661811013240367,0.005589802749454975,0.0015970865497365594
1893453042725,0.9002198576927185,-9.855731010437012,0.9421183466911316,-0.0002661811013240367,0.0071868896484375,0.005589802749454975
1893454280050,0.8858546614646912,-9.81263542175293,0.8990227580070496,0.0013309054775163531,0.0114457868039608,0.0007985432748682797
1893455517375,0.8918401598930359,-9.801861763000488,0.8750807046890259,-0.0026618109550327063,0.0063883461989462376,0.0023956298828125
1893456754662,0.8942343592643738,-9.840168952941895,0.9050082564353943,-0.0013309054775163531,0.004791259765625,0.0042588976211845875
1893457991987,0.8583213090896606,-9.824606895446777,0.9241618514060974,-0.0002661811013240367,0.01117960549890995,-0.0002661811013240367
1893459229325,0.9145850539207458,-9.81143856048584,0.8966285586357117,-0.0010647244052961469,0.010381062515079975,-0.005855984054505825
1893460466650,0.8918401598930359,-9.807847023010254,0.8978256583213806,-0.0023956298828125,0.005057440605014563,0.00452507846057415
1893461703950,0.8906430602073669,-9.828198432922363,0.9277531504631042,-0.005057440605014563,0.0090501569211483,0.0029279920272529125
1893462941275,0.8978256583213806,-9.81024169921875,0.9026140570640564,-0.0023956298828125,0.00958251953125,0.0037265352439135313
1893464178587,0.8834604620933533,-9.793481826782227,0.933738648891449,-0.0026618109550327063,0.0114457868039608,-0.0018632676219567657
1893465415912,0.8918401598930359,-9.80904483795166,0.8990227580070496,0.0007985432748682797,0.006122165359556675,-0.0002661811013240367
1893466653225,0.9361328482627869,-9.806650161743164,0.8738836050033569,-0.0037265352439135313,0.00958251953125,-0.0015970865497365594
1893467890537,0.9265560507774353,-9.789891242980957,0.9133879542350769,-0.00692070834338665,0.007985432632267475,-0.006122165359556675
1893469127862,0.8607155084609985,-9.853337287902832,0.9229647517204285,-0.008251613937318325,0.010913425125181675,-0.0031941730994731188
1893470365187,0.9038111567497253,-9.786299705505371,0.9050082564353943,-0.005855984054505825,0.013309055007994175,-0.0007985432748682797
1893471602500,0.8631097078323364,-9.786299705505371,0.9085995554924011,-0.0026618109550327063,0.01171196810901165,0.0031941730994731188
1893472839812,0.8966285586357117,-9.792284965515137,0.8798691034317017,-0.00692070834338665,0.00692070834338665,0.0023956298828125
1893474077125,0.8810662031173706,-9.824606895446777,0.9397241473197937,-0.006122165359556675,0.0090501569211483,-0.0029279920272529125
1893475314437,0.912190854549408,-9.801861763000488,0.9205705523490906,-0.0063883461989462376,0.00984870083630085,-0.0002661811013240367
1893476551762,0.94930100440979,-9.787496566772461,0.8906430602073669,-0.0042588976211845875,0.0138414166867733,-0.0021294488105922937
1893477789100,0.8954314589500427,-9.786299705505371,0.9085995554924011,-0.0053236219100654125,0.0114457868039608,0.0005323622026480734
1893479026400,0.8846575617790222,-9.840168952941895,0.933738648891449,-0.0063883461989462376,0.012776692397892475,-0.0021294488105922937
1893480263725,0.9373299479484558,-9.786299705505371,0.8954314589500427,-0.005057440605014563,0.013042873702943325,-0.003460354171693325
1893481501025,0.9193734526634216,-9.785102844238281,0.8607155084609985,-0.0029279920272529125,0.012510511092841625,0.0013309054775163531
1893482738362,0.8774749040603638,-9.831789016723633,0.8439561128616333,-0.0018632676219567657,0.01224433071911335,0.0023956298828125
1893483975675,0.9193734526634216,-9.816226959228516,0.9157821536064148,-0.0007985432748682797,0.01597086526453495,0.0002661811013240367
1893485213000,0.8678981065750122,-9.800664901733398,0.912190854549408,-0.0010647244052961469,0.014373779296875,-0.0021294488105922937
1893486450325,0.9193734526634216,-9.785102844238281,0.8954314589500427,-0.0039927163161337376,0.0114457868039608,0.0037265352439135313
1893487687637,0.9600749015808105,-9.757569313049316,0.8762778043746948,-0.0066545275039970875,0.01171196810901165,0.0037265352439135313
1893488924950,0.9780313968658447,-9.832986831665039,0.9062053561210632,-0.0066545275039970875,0.0157046839594841,0.0007985432748682797
1893490162287,0.9373299479484558,-9.798270225524902,0.8942343592643738,-0.0007985432748682797,0.010647243820130825,-0.0026618109550327063
1893491399600,0.9636662006378174,-9.75397777557373,0.8906430602073669,0.0021294488105922937,0.007453070487827063,0.0013309054775163531
1893492636900,0.9002198576927185,-9.797073364257812,0.9085995554924011,0.0002661811013240367,0.00984870083630085,0.00452507846057415
1893493874225,0.933738648891449,-9.800664901733398,0.8906430602073669,0.0021294488105922937,0.0119781494140625,0.006122165359556675
1893495111550,0.933738648891449,-9.803058624267578,0.8810662031173706,0.0031941730994731188,0.013309055007994175,0.008517795242369175
1893496348862,0.9145850539207458,-9.825803756713867,0.8774749040603638,0.003460354171693325,0.014906140975654125,0.0039927163161337376
1893497586187,0.8619126081466675,-9.783905029296875,0.9062053561210632,-0.0077192517928779125,0.01463996060192585,0.0071868896484375
1893498823487,0.9205705523490906,-9.819818496704102,0.8607155084609985,-0.0018632676219567657,0.01224433071911335,0.00692070834338665
1893500060825,0.9349357485771179,-9.819818496704102,0.8535329103469849,0.0007985432748682797,0.01357523538172245,0.00452507846057415
1893501298150,0.9289502501487732,-9.781511306762695,0.8786720037460327,-0.0002661811013240367,0.014373779296875,0.0039927163161337376
1893502535462,0.9241618514060974,-9.77791976928711,0.8834604620933533,-0.0026618109550327063,0.0173017717897892,0.0063883461989462376
1893503772775,0.93254154920578,-9.801861763000488,0.8690952062606812,-0.0026618109550327063,0.0215606689453125,0.0023956298828125
1893505010087,0.9588778018951416,-9.780314445495605,0.8810662031173706,0.0037265352439135313,0.0181003138422966,0.005057440605014563
1893506247412,0.9720458984375,-9.75397777557373,0.8942343592643738,0.0026618109550327063,0.0138414166867733,0.00692070834338665
1893507484725,0.9421183466911316,-9.762357711791992,0.888248860836029,0.005057440605014563,0.0119781494140625,0.0077192517928779125
1893508722050,0.9792284965515137,-9.792284965515137,0.933738648891449,0.0029279920272529125,0.010647243820130825,0.00931633822619915
1893509959375,0.9516952037811279,-9.81143856048584,0.889445960521698,0.0013309054775163531,0.005855984054505825,0.01171196810901165
1893511196675,0.9421183466911316,-9.733627319335938,0.912190854549408,0.003460354171693325,0.006122165359556675,0.00931633822619915
1893512434000,0.970848798751831,-9.786299705505371,0.9038111567497253,0.006122165359556675,0.010647243820130825,0.005855984054505825
1893513671325,0.9840168952941895,-9.771934509277344,0.888248860836029,0.0031941730994731188,0.00958251953125,0.00984870083630085
1893514908637,0.9552865028381348,-9.75517463684082,0.872686505317688,0.003460354171693325,0.0114457868039608,0.01597086526453495
1893516145950,0.93254154920578,-9.786299705505371,0.8846575617790222,0.0029279920272529125,0.01224433071911335,0.0157046839594841
1893517383262,0.9684545993804932,-9.758766174316406,0.8930372595787048,0.008251613937318325,0.0167694091796875,0.00958251953125
1893518620600,0.970848798751831,-9.764751434326172,0.8870517611503601,0.010913425125181675,0.007985432632267475,0.012510511092841625
1893519857925,0.9983820915222168,-9.77672290802002,0.8990227580070496,0.005057440605014563,0.0090501569211483,0.01463996060192585
1893521095225,0.9624691009521484,-9.738415718078613,0.8798691034317017,0.00931633822619915,0.00958251953125,0.01783413253724575
1893522332562,0.9995791912078857,-9.761160850524902,0.9229647517204285,0.010647243820130825,0.0071868896484375,0.01410759799182415
1893523569862,0.94930100440979,-9.757569313049316,0.9457097053527832,0.0090501569211483,0.00984870083630085,0.0138414166867733
1893524807200,0.9469068050384521,-9.733627319335938,0.912190854549408,0.012510511092841625,0.0090501569211483,0.00958251953125
1893526044500,0.973242998123169,-9.794679641723633,0.9361328482627869,0.014906140975654125,0.004791259765625,0.008251613937318325
1893527281825,0.9421183466911316,-9.769539833068848,0.9193734526634216,0.01357523538172245,0.010647243820130825,0.00984870083630085
1893528519125,0.9720458984375,-9.786299705505371,0.8858546614646912,0.0167694091796875,0.008783976547420025,0.01463996060192585
1893529756462,0.933738648891449,-9.71926212310791,0.9014169573783875,0.0167694091796875,0.0013309054775163531,0.01410759799182415
1893530993775,0.9540894031524658,-9.763554573059082,0.8858546614646912,0.00958251953125,0.0023956298828125,0.014373779296875
1893532231112,1.0007762908935547,-9.77552604675293,0.910993754863739,0.008783976547420025,0.00931633822619915,0.0162370465695858
1893533468412,0.9253589510917664,-9.758766174316406,0.8834604620933533,0.0138414166867733,0.00452507846057415,0.012776692397892475
1893534705737,0.9923965930938721,-9.740809440612793,0.8702923059463501,0.01597086526453495,0.004791259765625,0.014373779296875
1893535943062,0.9457097053527832,-9.750386238098145,0.8966285586357117,0.0173017717897892,0.0039927163161337376,0.0114457868039608
1893537180375,0.9528923034667969,-9.806650161743164,0.9014169573783875,0.01463996060192585,0.004791259765625,0.01410759799182415
1893538417700,0.9816226959228516,-9.821015357971191,0.8918401598930359,0.015172322280704975,0.005855984054505825,0.0119781494140625
1893539655000,0.9672574996948242,-9.783905029296875,0.8834604620933533,0.01783413253724575,0.004791259765625,0.006122165359556675
1893540892337,0.9409212470054626,-9.743204116821289,0.9361328482627869,0.0181003138422966,0.0053236219100654125,0.008251613937318325
1893542129662,0.9074024558067322,-9.780314445495605,0.8870517611503601,0.0215606689453125,0.0031941730994731188,0.01357523538172245
1893543366950,0.9457097053527832,-9.803058624267578,0.8786720037460327,0.0215606689453125,0.0010647244052961469,0.012776692397892475
1893544604287,0.9923965930938721,-9.750386238098145,0.9014169573783875,0.015438503585755825,0.0021294488105922937,0.00931633822619915
1893545841612,0.9911994934082031,-9.770737648010254,0.8810662031173706,0.0173017717897892,0.0023956298828125,0.01756795309484005
1893547078912,0.9672574996948242,-9.7420072555542,0.8822633624076843,0.01943122036755085,0.0023956298828125,0.01597086526453495
1893548316237,0.9636662006378174,-9.795876502990723,0.9361328482627869,0.01703559048473835,0.0039927163161337376,0.0071868896484375
1893549553550,0.9864110946655273,-9.794679641723633,0.8942343592643738,0.0210283063352108,0.0042588976211845875,0.0066545275039970875
1893550790875,0.9457097053527832,-9.75158405303955,0.8702923059463501,0.01889885775744915,0.0002661811013240367,0.0114457868039608
1893552028212,0.9469068050384521,-9.739612579345703,0.9217676520347595,0.01836649514734745,-0.0026618109550327063,0.012776692397892475
1893553265512,0.9516952037811279,-9.771934509277344,0.9397241473197937,0.0173017717897892,-0.0037265352439135313,0.01357523538172245
1893554502837,0.9552865028381348,-9.792284965515137,0.9097966551780701,0.0223592109978199,0.0,0.013309055007994175
1893555740162,0.9600749015808105,-9.759963035583496,0.9265560507774353,0.02422248013317585,-0.00692070834338665,0.010913425125181675
1893556977475,0.9780313968658447,-9.780314445495605,0.9205705523490906,0.01836649514734745,0.0010647244052961469,0.008251613937318325
1893558214800,0.9277531504631042,-9.743204116821289,0.9445126056671143,0.0258195661008358,0.0023956298828125,0.0119781494140625
1893559452112,0.9397241473197937,-9.782708168029785,0.94930100440979,0.0223592109978199,-0.0015970865497365594,0.0162370465695858
1893560689425,0.970848798751831,-9.783905029296875,0.9133879542350769,0.01836649514734745,-0.0066545275039970875,0.012510511092841625
1893561926762,0.9792284965515137,-9.747992515563965,0.9038111567497253,0.0234239362180233,-0.007985432632267475,0.01357523538172245
1893563164087,0.9516952037811279,-9.743204116821289,0.9169792532920837,0.02422248013317585,-0.0039927163161337376,0.014906140975654125
1893564401400,0.9600749015808105,-9.725247383117676,0.9181763529777527,0.023956298828125,-0.0031941730994731188,0.01410759799182415
1893565638712,0.9552865028381348,-9.696516990661621,0.9313444495201111,0.023956298828125,-0.00452507846057415,0.012510511092841625
1893566876025,0.9780313968658447,-9.716867446899414,0.9397241473197937,0.0215606689453125,-0.0071868896484375,0.0119781494140625
1893568113350,0.9361328482627869,-9.749189376831055,0.8906430602073669,0.0191650390625,-0.0010647244052961469,0.012776692397892475
1893569350662,0.9445126056671143,-9.75517463684082,0.9397241473197937,0.023956298828125,-0.00452507846057415,0.01463996060192585
1893570588000,0.9289502501487732,-9.769539833068848,0.9169792532920837,0.0220930315554142,-0.003460354171693325,0.012510511092841625
1893571825300,0.9433155059814453,-9.731232643127441,0.9457097053527832,0.0215606689453125,-0.0114457868039608,0.014373779296875
1893573062612,0.970848798751831,-9.77552604675293,0.910993754863739,0.0215606689453125,-0.0066545275039970875,0.012776692397892475
1893574299925,0.9540894031524658,-9.7420072555542,0.912190854549408,0.0220930315554142,-0.010647243820130825,0.014373779296875
1893575537262,0.93254154920578,-9.75517463684082,0.9265560507774353,0.0271504707634449,-0.010381062515079975,0.01463996060192585
1893576774575,0.9528923034667969,-9.785102844238281,0.9217676520347595,0.02901373989880085,-0.0090501569211483,0.01357523538172245
1893578011900,0.9481039047241211,-9.795876502990723,0.9241618514060974,0.0268842913210392,-0.0071868896484375,0.010913425125181675
1893579249212,0.9672574996948242,-9.794679641723633,0.9361328482627869,0.02848137728869915,-0.0090501569211483,0.015438503585755825
1893580486537,0.970848798751831,-9.813833236694336,0.9062053561210632,0.02555338479578495,-0.013309055007994175,0.01597086526453495
1893581723850,0.9768342971801758,-9.798270225524902,0.910993754863739,0.02022976242005825,-0.00984870083630085,0.00931633822619915
1893582961187,0.9660604000091553,-9.757569313049316,0.9445126056671143,0.02182685025036335,-0.010114881210029125,0.01171196810901165
1893584198475,0.94930100440979,-9.7791166305542,0.9481039047241211,0.02555338479578495,-0.0114457868039608,0.010114881210029125
1893585435812,0.9181763529777527,-9.819818496704102,0.9085995554924011,0.02874755859375,-0.010381062515079975,0.010913425125181675
1893586673137,0.9612720012664795,-9.806650161743164,0.9097966551780701,0.0295461006462574,-0.010647243820130825,0.01650322787463665
1893587910450,0.9684545993804932,-9.793481826782227,0.9277531504631042,0.0292799212038517,-0.00958251953125,0.0181003138422966
1893589147775,0.94930100440979,-9.768342971801758,0.9145850539207458,0.0263519287109375,-0.00958251953125,0.010381062515079975
1893590385075,0.9768342971801758,-9.804256439208984,0.9361328482627869,0.02608574740588665,-0.0119781494140625,0.0119781494140625
1893591622400,0.9289502501487732,-9.793481826782227,0.9229647517204285,0.0276828333735466,-0.01889885775744915,0.01224433071911335
1893592859725,0.94930100440979,-9.806650161743164,0.9600749015808105,0.0295461006462574,-0.01836649514734745,0.012776692397892475
1893594097050,0.9564836025238037,-9.768342971801758,0.9540894031524658,0.0306108258664608,-0.00931633822619915,0.01650322787463665
1893595334350,0.9277531504631042,-9.822212219238281,0.9445126056671143,0.02794901467859745,-0.01224433071911335,0.00958251953125
1893596571700,0.9349357485771179,-9.799468040466309,0.9672574996948242,0.02848137728869915,-0.0181003138422966,0.00984870083630085
1893597808987,0.9457097053527832,-9.793481826782227,0.9433155059814453,0.0324740931391716,-0.02262539230287075,0.01410759799182415
1893599046300,0.9900023937225342,-9.7791166305542,0.9457097053527832,0.0319417305290699,-0.0196974016726017,0.0186326764523983
1893600283637,0.9409212470054626,-9.791088104248047,0.8906430602073669,0.0319417305290699,-0.01597086526453495,0.0119781494140625
1893601520962,0.9540894031524658,-9.759963035583496,0.9289502501487732,0.0268842913210392,-0.01703559048473835,0.013309055007994175
1893602758250,0.9409212470054626,-9.817423820495605,0.9397241473197937,0.02848137728869915,-0.01756795309484005,0.0157046839594841
1893603995600,0.9588778018951416,-9.762357711791992,0.9445126056671143,0.02981228195130825,-0.0196974016726017,0.0186326764523983
1893605232912,0.9014169573783875,-9.830592155456543,0.973242998123169,0.0327402763068676,-0.01889885775744915,0.01597086526453495
1893606470225,0.9397241473197937,-9.81263542175293,0.9540894031524658,0.0359344482421875,-0.0138414166867733,0.0114457868039608
1893607707550,0.910993754863739,-9.797073364257812,0.9157821536064148,0.0271504707634449,-0.015172322280704975,0.01597086526453495
1893608944862,0.9516952037811279,-9.835380554199219,0.9217676520347595,0.0268842913210392,-0.014906140975654125,0.01597086526453495
1893610182187,0.9469068050384521,-9.817423820495605,0.9576807022094727,0.0316755510866642,-0.02369011752307415,0.01463996060192585
1893611419512,0.8966285586357117,-9.81024169921875,0.9648633003234863,0.0306108258664608,-0.0167694091796875,0.010381062515079975
1893612656825,0.973242998123169,-9.828198432922363,0.94930100440979,0.02794901467859745,-0.0162370465695858,0.012776692397892475
1893613894150,0.950498104095459,-9.817423820495605,0.9409212470054626,0.02874755859375,-0.02262539230287075,0.014906140975654125
1893615131450,0.9313444495201111,-9.805453300476074,0.9624691009521484,0.0300784632563591,-0.02262539230287075,0.012510511092841625
1893616368775,0.9313444495201111,-9.836577415466309,0.8978256583213806,0.0292799212038517,-0.0191650390625,0.0138414166867733
1893617606100,0.9301473498344421,-9.807847023010254,0.933738648891449,0.03034464456140995,-0.0162370465695858,0.01597086526453495
1893618843425,0.9373299479484558,-9.801861763000488,0.9648633003234863,0.02794901467859745,-0.0186326764523983,0.010647243820130825
1893620080762,0.9062053561210632,-9.824606895446777,0.9349357485771179,0.02741665206849575,-0.0210283063352108,0.01463996060192585
1893621318062,0.9145850539207458,-9.806650161743164,0.9864110946655273,0.033538818359375,-0.02422248013317585,0.012776692397892475
1893622555387,0.912190854549408,-9.789891242980957,0.9768342971801758,0.02848137728869915,-0.01996358297765255,0.007453070487827063
1893623792687,0.9193734526634216,-9.84376049041748,0.9373299479484558,0.0276828333735466,-0.01756795309484005,0.0090501569211483
1893625030025,0.9026140570640564,-9.807847023010254,0.9469068050384521,0.02874755859375,-0.02182685025036335,0.00931633822619915
1893626267337,0.9145850539207458,-9.793481826782227,0.9181763529777527,0.02981228195130825,-0.0196974016726017,0.005589802749454975
1893627504637,0.8846575617790222,-9.806650161743164,0.973242998123169,0.0300784632563591,-0.02262539230287075,0.005589802749454975
1893628741975,0.8870517611503601,-9.804256439208984,0.9744400978088379,0.02848137728869915,-0.0234239362180233,0.0023956298828125
1893629979300,0.9205705523490906,-9.836577415466309,0.9385270476341248,0.02741665206849575,-0.0191650390625,0.010114881210029125
1893631216625,0.9062053561210632,-9.828198432922363,0.970848798751831,0.0319417305290699,-0.0228915736079216,0.00984870083630085
1893632453937,0.9193734526634216,-9.84495735168457,0.9361328482627869,0.0314093679189682,-0.02422248013317585,0.00984870083630085
1893633691250,0.8954314589500427,-9.865307807922363,0.94930100440979,0.0314093679189682,-0.0167694091796875,0.00958251953125
1893634928575,0.9193734526634216,-9.835380554199219,0.9971849918365479,0.0330064557492733,-0.01996358297765255,0.010647243820130825
1893636165900,0.9481039047241211,-9.831789016723633,0.9684545993804932,0.02502102218568325,-0.01783413253724575,0.010913425125181675
1893637403225,0.9289502501487732,-9.815030097961426,0.9421183466911316,0.02369011752307415,-0.01836649514734745,0.010114881210029125
1893638640525,0.9229647517204285,-9.828198432922363,0.9540894031524658,0.0276828333735466,-0.023956298828125,0.008783976547420025
1893639877825,0.9050082564353943,-9.859322547912598,0.9253589510917664,0.02981228195130825,-0.02369011752307415,0.005589802749454975
1893641115175,0.9277531504631042,-9.870096206665039,0.9959878921508789,0.0324740931391716,-0.0196974016726017,0.0063883461989462376
1893642352487,0.912190854549408,-9.834183692932129,0.9828197956085205,0.0306108258664608,-0.0186326764523983,0.0090501569211483
1893643589812,0.9026140570640564,-9.848548889160156,0.9684545993804932,0.02661811001598835,-0.02022976242005825,0.008783976547420025
1893644827125,0.9361328482627869,-9.864110946655273,0.9528923034667969,0.0276828333735466,-0.02129448764026165,0.0114457868039608
1893646064462,0.9133879542350769,-9.840168952941895,0.9469068050384521,0.0311431884765625,-0.0204959437251091,0.007985432632267475
1893647301775,0.9002198576927185,-9.849745750427246,0.9804255962371826,0.0356682650744915,-0.0196974016726017,0.0066545275039970875
1893648539087,0.9385270476341248,-9.825803756713867,0.9876081943511963,0.0327402763068676,-0.01889885775744915,0.004791259765625
1893649776425,0.9229647517204285,-9.815030097961426,0.9660604000091553,0.0282151959836483,-0.0228915736079216,0.007985432632267475
1893651013725,0.9361328482627869,-9.825803756713867,0.9600749015808105,0.0276828333735466,-0.0228915736079216,0.0077192517928779125
1893652251037,0.8702923059463501,-9.81143856048584,0.9385270476341248,0.02661811001598835,-0.0228915736079216,0.00452507846057415
1893653488375,0.9157821536064148,-9.822212219238281,0.9804255962371826,0.0247548408806324,-0.0228915736079216,0.00692070834338665
1893654725675,0.8762778043746948,-9.855731010437012,1.015141487121582,0.0314093679189682,-0.02022976242005825,0.0090501569211483
1893655963000,0.9062053561210632,-9.848548889160156,1.0283095836639404,0.02848137728869915,-0.0186326764523983,0.010114881210029125
1893657200325,0.8798691034317017,-9.787496566772461,0.9457097053527832,0.02608574740588665,-0.0204959437251091,0.005589802749454975
1893658437637,0.8738836050033569,-9.800664901733398,0.993593692779541,0.0306108258664608,-0.0186326764523983,0.0029279920272529125
1893659674962,0.9457097053527832,-9.836577415466309,0.9828197956085205,0.03087700717151165,-0.01783413253724575,0.0015970865497365594
1893660912287,0.8930372595787048,-9.831789016723633,0.9540894031524658,0.02848137728869915,-0.0186326764523983,0.0114457868039608
1893662149587,0.8930372595787048,-9.860519409179688,0.9624691009521484,0.0244886614382267,-0.02076212503015995,0.0018632676219567657
1893663386925,0.9050082564353943,-9.837775230407715,0.9828197956085205,0.0263519287109375,-0.0210283063352108,-0.0023956298828125
1893664624237,0.9002198576927185,-9.848548889160156,0.9600749015808105,0.0268842913210392,-0.0191650390625,0.0029279920272529125
1893665861562,0.8978256583213806,-9.837775230407715,1.013944387435913,0.0258195661008358,-0.0181003138422966,0.0042588976211845875
1893667098887,0.9085995554924011,-9.837775230407715,0.9660604000091553,0.0268842913210392,-0.0210283063352108,0.005057440605014563
1893668336212,0.9169792532920837,-9.837775230407715,0.9780313968658447,0.02555338479578495,-0.02262539230287075,-0.0007985432748682797
1893669573525,0.9301473498344421,-9.835380554199219,0.973242998123169,0.0268842913210392,-0.02022976242005825,-0.0007985432748682797
1893670810837,0.9277531504631042,-9.822212219238281,0.9684545993804932,0.02848137728869915,-0.0191650390625,0.0018632676219567657
1893672048162,0.9433155059814453,-9.860519409179688,0.9648633003234863,0.02794901467859745,-0.0196974016726017,0.0037265352439135313
1893673285487,0.9301473498344421,-9.84376049041748,0.9684545993804932,0.0276828333735466,-0.01783413253724575,-0.0005323622026480734
1893674522775,0.8667010068893433,-9.821015357971191,0.9804255962371826,0.0276828333735466,-0.015438503585755825,0.0007985432748682797
1893675760112,0.9097966551780701,-9.84376049041748,0.9636662006378174,0.02555338479578495,-0.0186326764523983,0.0018632676219567657
1893676997425,0.9588778018951416,-9.815030097961426,0.9876081943511963,0.0247548408806324,-0.0191650390625,-0.0053236219100654125
1893678234762,0.9540894031524658,-9.822212219238281,1.0247182846069336,0.0228915736079216,-0.01836649514734745,0.0005323622026480734
1893679472075,0.9409212470054626,-9.817423820495605,0.9876081943511963,0.02315775491297245,-0.01357523538172245,0.004791259765625
1893680709387,0.9014169573783875,-9.848548889160156,1.0079588890075684,0.02315775491297245,-0.01597086526453495,0.005589802749454975
1893681946725,0.9157821536064148,-9.80904483795166,0.9864110946655273,0.023956298828125,-0.01783413253724575,0.0002661811013240367
1893683184025,0.8690952062606812,-9.841365814208984,0.9780313968658447,0.0244886614382267,-0.01171196810901165,-0.0031941730994731188
1893684421362,0.9373299479484558,-9.84495735168457,0.9852139949798584,0.0228915736079216,-0.0244886614382267,-0.0018632676219567657
1893685658662,0.9277531504631042,-9.834183692932129,0.993593692779541,0.0258195661008358,-0.0191650390625,-0.0007985432748682797
1893686896000,0.8762778043746948,-9.852140426635742,1.0259153842926025,0.02502102218568325,-0.015438503585755825,-0.003460354171693325
1893688133337,0.9205705523490906,-9.825803756713867,1.0031704902648926,0.02315775491297245,-0.01756795309484005,0.0013309054775163531
1893689370625,0.9145850539207458,-9.896432876586914,0.9588778018951416,0.0282151959836483,-0.0181003138422966,0.0026618109550327063
1893690607962,0.9205705523490906,-9.831789016723633,0.9552865028381348,0.0247548408806324,-0.01783413253724575,-0.0002661811013240367
1893691845262,0.910993754863739,-9.81024169921875,0.9852139949798584,0.0244886614382267,-0.014906140975654125,0.0029279920272529125
1893693082600,0.9074024558067322,-9.831789016723633,1.0211269855499268,0.0258195661008358,-0.01889885775744915,0.0066545275039970875
1893694319900,0.8415619134902954,-9.829395294189453,0.94930100440979,0.02502102218568325,-0.0191650390625,0.0037265352439135313
1893695557225,0.9014169573783875,-9.803058624267578,1.0666168928146362,0.0191650390625,-0.014373779296875,-0.0015970865497365594
1893696794537,0.9062053561210632,-9.855731010437012,1.013944387435913,0.01703559048473835,-0.010114881210029125,0.0005323622026480734
1893698031875,0.8870517611503601,-9.84495735168457,1.0247182846069336,0.01650322787463665,-0.01650322787463665,0.0039927163161337376
1893699269175,0.9074024558067322,-9.806650161743164,0.9888052940368652,0.01756795309484005,-0.0186326764523983,-0.0002661811013240367
1893700506512,0.9097966551780701,-9.824606895446777,1.015141487121582,0.01650322787463665,-0.015172322280704975,0.0026618109550327063
1893701743837,0.912190854549408,-9.798270225524902,0.9852139949798584,0.01889885775744915,-0.008517795242369175,-0.00692070834338665
1893702981150,0.8822633624076843,-9.84256362915039,0.973242998123169,0.01836649514734745,-0.01171196810901165,-0.005855984054505825
1893704218475,0.8678981065750122,-9.823410034179688,0.9241618514060974,0.0220930315554142,-0.01357523538172245,0.0007985432748682797
1893705455775,0.8762778043746948,-9.818621635437012,1.0067617893218994,0.02129448764026165,-0.012510511092841625,0.0007985432748682797
1893706693087,0.8870517611503601,-9.828198432922363,1.0031704902648926,0.0223592109978199,-0.0157046839594841,-0.0007985432748682797
1893707930412,0.8966285586357117,-9.865307807922363,1.0019733905792236,0.02129448764026165,-0.01410759799182415,-0.0029279920272529125
1893709167712,0.8906430602073669,-9.798270225524902,1.0235211849212646,0.0181003138422966,-0.0077192517928779125,0.0007985432748682797
